B 4 2 2 3
m 1 1 0
m 1 0 1
b 1
m 1 2 1
m 2 3 1
q
m 1 3 1
m 2 2 1
m1 3 5
m1 0 0
m 2 1 1
m 2 3 0
m  	   	 	 	   	 			 			  	 				 	    					    			 			 	  	   			  	  			 						 			 		 	 				 			 	 				  			 		 						     	 	     					  	 		   	  	 	 	 		     			   	  			 	 	  		 		  		 	    			    	    	 			 	  			  	    		 	     		   	 	 	  		  	 	 		   		    			  			  			 						  		 		 	 	  	 	  				   	   			   		 	  	 	  	       	 				 	  	   		 	   	 		    	   	  			 	 	 					 			 			 		 						  	  			  	  	    	 	  	 	 	 	 					  	 	  				   	   				     					   	   	 	  		 	 			 		 		 	   		     	 		 		  	 	        		       	 	         			 				 	 		   			      	 		     	 				  		  				  	     		   	 		  			     			  	  				   		  				  	     	    			 	  	   	  		 	 	     	 	      		   	 	    						   									 		  				 	   			   	 	 	  		   			 	  	  		   	      			  	 	 		 	  		 		 	 				      	 	 		     		       			 		 		  	   	 			   			 	     			  				  	 	    	    		   			 							 	 	 	 		   		 	 	 	 			   			 			  		    	 			 	      		 					  		  			  				   	 		 				    					  					   	      				 					      			  	 	  	 		  		 	 	 				  			   		   		 						   	  			 		   	 		  	    		 	 	 		 					   	   	 				   					 	 		 		  	   	 				         	  			  		 	  		 	 		   	 	  			   			 			 	 		 	 	    		 		   			 	    	   	  	 		 	 		 	 			 		  		 	 		  		 	 	  							 	 		 	 					  	 	    			  		 	    	 		   		 	       		 				  						  	 			  	 						  	 	  		  		  							    	 			 	 					  			  				 		 		  		 					 		 				    	 	   	 	 	 	  	 						     	 		  			  		 				 			  			       				  	 		  		   					  	 	 		 		  	   		 		    	     	 	  			 				 		 			   			    	    	 		 		 				   		  					 	 	   	      		 		   	      	  		  		  	  	  				 	 	 		 	    				   		 	 	 		  			 	   	    	  		 			 		   		  		  	 			 					 	  	   		 	  		  	 					    		    	 					 		      			 		  	  			     	 	 			 			 			     	  	  			   		 	 	   	 	 	 			 			 		 	 	    			 		    	 		 			 		 			   			   	  			 			 		  	 		    				 		 	 			 	  	  		 	 		   			 				   		 	 							     	  	    			 	  			 	 	  	  			  	   	  				  		    		    			 				   				 		 		  	  			   		 					  	  			         	 			 	 	     			  			 	 			 	 	  	   	 	 	   	 			 			  	 				 	    					    			 			 	  	   			  	  			 						 			 		 	 				 			 	 				  			 		 						     	 	     					  	 		   	  	 	 	 		     			   	  			 	 	  		 		  		 	    			    	    	 			 	  			  	    		 	     		   	 	 	  		  	 	 		   		    			  			  			 						  		 		 	 	  	 	  				   	   			   		 	  	 	  	       	 				 	  	   		 	   	 		    	   	  			 	 	 					 			 			 		 						  	  			  	  	    	 	  	 	 	 	 					  	 	  				   	   				     					   	   	 	  		 	 			 		 		 	   		     	 		 		  	 	        		       	 	         			 				 	 		   			      	 		     	 				  		  				  	     		   	 		  			     			  	  				   		  				  	     	    			 	  	   	  		 	 	     	 	      		   	 	    						   									 		  				 	   			   	 	 	  		   			 	  	  		   	      			  	 	 		 	  		 		 	 				      	 	 		     		       			 		 		  	   	 			   			 	     			  				  	 	    	    		   			 							 	 	 	 		   		 	 	 	 			   			 			  		    	 			 	      		 					  		  			  				   	 		 				    					  					   	      				 					      			  	 	  	 		  		 	 	 				  			   		   		 						   	  			 		   	 		  	    		 	 	 		 					   	   	 				   					 	 		 		  	   	 				         	  			  		 	  		 	 		   	 	  			   			 			 	 		 	 	    		 		   			 	    	   	  	 		 	 		 	 			 		  		 	 		  		 	 	  							 	 		 	 					  	 	    			  		 	    	 		   		 	       		 				  						  	 			  	 						  	 	  		  		  							    	 			 	 					  			  				 		 		  		 					 		 				    	 	   	 	 	 	  	 						     	 		  			  		 				 			  			       				  	 		  		   					  	 	 		 		  	   		 		    	     	 	  			 				 		 			   			    	    	 		 		 				   		  					 	 	   	      		 		   	      	  		  		  	  	  				 	 	 		 	    				   		 	 	 		  			 	   	    	  		 			 		   		  		  	 			 					 	  	   		 	  		  	 					    		    	 					 		      			 		  	  			     	 	 			 			 			     	  	  			   		 	 	   	 	 	 			 			 		 	 	    			 		    	 		 			 		 			   			   	  			 			 		  	 		    				 		 	 			 	  	  		 	 		   			 				   		 	 							     	  	    			 	  			 	 	  	  			  	   	  				  		    		    			 				   				 		 		  	  			   		 					  	  			         	 			 	 	     			  			 	 			 	 	310
m 1 3 0
m 2 2 1
m 2 0 1
m1 0 2
m 1 3 0
g 1 0 3
m 2 0 2
q 2
m1  0  2
m 1 0 0
m2 0 2
m 2 1 1
m 1 0 2
b 1

