B 2 5 4 1
m5 2 1
m 1 1 4

		m2 1 1
m2 1 -8
q 2
m3 1 10
m 3 0 3
m4 3 1
f 4
m1 1 0
m 1 0 3
m 2 0 0
m 3 0 3
m 3 1 1
m 4 0 0
m 1 2 0
m8001332139  	  	 				 		  	 		 			  		 	 	  		 			 							  	 	 			 	     		 	 		 	    		     		 			 					 			 		  		 		  		   		  			 		  					     	 			  			 	 	 	  	 		   	 			   	  					 		 				    		  		 	    				 	   	 		  	  		  	 			  			 					 			  	   		 		 							       	   		 		 	   	   	 	   		 		    	  		 		  	 				 	    				 	     	    			  	 	 			 	 	 	  		 			   	 	  	 	 		 	 		 		  	 	 		  		  		 	 		 	   		   				 	 	   	  		 		    			 			  	 			 			    		  	 	  				 				 		 	 		 			  				  		 	   	 											   			 	 	 	 		  		 	   					  			    	     	 					  		 	 	  							   	  	 	 	 			 	   		 	 		 	 	  		 		  		 	  	     	   	 				  	  		 	 	 	   	   	      	        	   	    	 	 			  	 				 	 		    	 		   	   			  					  	   		 	 			   	  	  	 	  		  		  			 			 	 		     	    	  		 				    	  	  					 		 		 	 	  	   		    				 	 			 		    	 		 						  		  				 	  		    	     			  		 		 	  	 	   	  	     				   	  	   		 	 	 		   			 					 					 				   		 	  		  	       	  	   		 			 	   	   	 			 				 	 	 	 		  	 		    	     	 		  	 							  		   	 	  	 	          		 	  	 	 		  					 	 	 	 	    	 	 	 					  		  	      			   		        		 	 	 	  			 		   	 	 	  	 	   	 	   		   			   	      	 		  	  	 	   			         		   	  	  	 			 						 			  		     		  	     	   			 		 			 				 	  		 						   	      	 		 		  	    		    				 		   		 		  	     	 		     	  				  	 		 			   		      			 			 			    		 		 			  	 	   		     						 					  		 	    				 				   			 	 		   		  		  		  	 					   			  	 	 		 					 				 	 	 				 					  				 	 			   			 		 	  		      					 	 	  	   		    		   				  		  		 					 	  	 	  		   		  	   	 	 			  	 			    		 			  	       					  	 	 				 				   	 	  		 	 	   	 	 		  		  		   	   				 	 		 	 	  	   				  	  	  			  		          	 		   	  		  		 	 			   	  					  		  			  		   	  							    	       			   	  	 	  			 	 			 			 		  	 	 	  	 			  			  			 	  		  	 				 				 	       		 	 	  	 			 	  	  		  			  	 		 	 			   	  	 		 	     	  		  		 	 			  	 	  		 	 		 		 		  		 		 	 	 			 		 					   		 		 		    		  	 	 		 		 	 		 	 			   		  	 	 	   	 	 	 				 		 	 	  	   	 				   		 				  	     		 									 	 						 			  				   			  		 	 			  	 				 			 		   		 	 				 					     		 	 	     	   	 	       					 			 		    					 		   	 	  		  	 	       		  		 	   						 	  		    			  	  			  			 		 				  	      	 	 	  	   	 		   		 	  				  		 	  		  							   		 	 			   			 	 		  	 	  		 	 	  	   	  	 		     		 	 		   			  		 			 			 	   		 	 		   	 		 	  	   				 	  		 		  		 		 	   		        			       		   	  			 			 		     	 	  	  	 	 		  		   			 			    	   	     		  	 			  	 	  			  	  		 	  		 	  			 			  					   				   	    	 								   	  	 			   	 	  	   	   	 	    			  		 		 	 				   	  	     	    		 		 		  	 	  	  	 			 		 	  	   		  	    			 	  	 					     		  	 		  			 						  	   	   	 		 			 	    	 		 			 		  		    		 			     	  			 	    	 		 	  	 	 		 	    	  		   		 	 	   		    	   	 		   		 				 	   	 	 			 		  	   					  	 		   			 			  								   			  	 	 	    	  		   	   					  	 				   		  					  				   				     	  		  	    		  			 		  								   			 	  	 	 		 	    			        	  			    	 	 	 	  	  	 	  	  	      			 	 							  		  				    	 		 	  		  	    		 			 		 		  		 	   		 	 					    		  	  			   			 	 	    	 	     		 				      	  	  	  	   	 		 	    		  		 	 			 		 					 		       		     			  	  		  			 	 						  	 			  		    		 					 	   					 				   			    		  		 			 	 			 	  	  	 	  			 	 			  			  	 	  	  	  				  	  	 		 			   	 				 	   					  	 	   	    			 		 	  				 		  	   		 		 	   	  	 	   	  				    		   								 		 		   	 	 	  		 		 		 					  	 				 	  	  	 				  	  			  		    	    		 	  		 		   							 		   				   		  		 			 	       	      		 	 	       	 					 			 	    	  			           			 	  			 	   		   		   	   	  	  			    	      					  	  	  	      			 			 	 		 	 		 	 									  	  			   	  		  	   		    	  	    	   	  			  	 		 			 	 	 		 	   				 		 	 	   	  									 	 						    		  	   		  	 	  		 		 	     			  	    						 	 	 		      	   	 	 		 			 	 	 		  		 	 		  		 		      	   	 		 		 		   	 			  	 			   	 	   	   				    	   	     				     			 							       	 		    		  			 		    	 	  	 	    			 	 	  	   		  				 			 	 			  				   	 	 		     	   	    		  		 			 	   			 	 	 							 	 				   				  			 		  		 	   		  		     	 	  	    	  	  	   		 	   				  	 	 	   	 		         	  			  			  	  	  		   	     		     	  					 	   	     		  			  		 		  			   		  	     		 				   		   		 	     	 	 			 		  	  	 			  		   			 				 		 	 	 			 			    	 	 	 		  		 			  	 		 			  	  		  	  			  					  		 	 			 	 	 	   		   	  		 	 	 				 	    			 	 	 	    		  		 		 			  		 	  	  			 		  			 			   	 		 	 	          			 	 	 		    		  	 		     		 			   	 		 			 	   		 				 			 	 				 	 	 			 			   		 		  				  	  		   					 			 	 								   	  					 	  				 				    			 					 	  	 	  		 	  		     	 		     	    		   			 				  	 			 			        	       	   		 		 					   	    		  		 	 	 	 	   		    		   	 	 		 				  			 	  		     			  	     					     	   	 	  	 				 				 	        		    	  		      		 	 		  		 	 			 	       	  	 	 		  					  				      		 				 	   	  			   				  		  	 	 	     		 			   	  				 									 	 	   	 	  	 	 			   		 	  			   	  			 			   				 		 	 	 		 					      	 	 	  		 		 	 	 		 			 						  					   		      	 			 		 	  		 			  	 				 	 		 		 	 		      	 		 		 	 		 			 					     			 		 	  	  		  				  	  	 		 	 		      	 				   			   	       			 	  	 		   		  		   		   	 	  	   		  		  	 	 	 		   	    		     	 	 		 			 				    	   		 					   					 	 		  	 							    			  	 			     	  				   	 	  	  		 							      	 		 			 		 	 	 	 		   			   		 			 	 				 		  		  	  	  	 			     		 		  		    		 				 		 		  		 	   		   				 		  		 			  			    	     	      			  	  				   						 	  	      		  	 			   		  				  	     	 	 			 							  	 				 	 	 	  		 	 		  	 			      		  	 	 	  		 			  	 		 		 	   	    		 		    	  	 			 		 			 		     	   	    		 	   	 		 				    	  				  	 		 		 				    	 	 		 		 	 	  			  	 					 			   			 		     			   	    	 	    	 	 	  	 	 			   	 		   	  	  		 	   						 	 	 				 			 		  	 		  		 	 	 					   			   	  			 	  	  	 		 				 	  	   	 	  	 	 	 		 		 	 	  	 				 	  	 	 			  		 	 	  	    			    							 		     		 	  	   		     					 	    	   	 	 	  	 		 	 			    		 	 			       	 	 	 					 	    				 	 	 					 			 		 			 		  	 							 		  			 	 	 	     	   	 	 	 	 		 	 		 			  		    					 		  		  		 					 	     		 			  			     	 		          	  					  				 		 	 		 	 	   	 		 	  	 	   	  		    			 				   	 				 			  	 		     		       	 			   	   			      				  	 		    			  	 	 		    			  		 		 			 	  		  	  	 	 		 			   		  	  	  			 				   		    				 	   	  	    	   	 									  	 	 	 	   			 			  	  	 		 		 	   				 		    		  				    		 	  	 	 				   		  	   	  	 		 	 		  	  		  		 	  	 	        			  	 	 	 						  		  	 	 	 	 	  	  	   		 	 	   		 	 		   	 	  			  	 		 	   	 	 		     		 	  	 	  	  	 	 	   			 	   	 	 	        				 	 			 				 		 	    					   	 	 			    			 					 	  			 			 			    		       	    		  	 	 						 		    	 		 	 			 	   			  	   	 	 			  	 		 		  	   			     	 		 	  	 	    	 	  	 	       	   					 	 				  	  	   	 		 					  			  		  					 					 	 		     	   	 	 	 	 			 		      			   			 	   	  			   			   		      			  			 					 	  	  	  	     	 	    	   	  	   	 	  										   	  						  			  			 				 		    	  		 	   			    				 		 		 	 	   		  				 	 	 		    	   		   	  			  	      	 				 			  		 				  	    	  		   	 			        		 	  	 	 		 		   					 			 						 	 		 			   		   			 		  	 	 		      		 		  	 	 		  	 		 	 		 	  	 	  	   	  	  	     	 				 		   	 	  		 				  	 	 					   					  			 					  	  	    				 	  	 	  	 	 	 			 		    			   		  	 		    		 			   		   	 				  			 		  				 	 	       		 		     		   		   	 		     	   	   	   	 	 	 		 		    		 	  		 		  	 		  		   				   		  	  	 	 	 				         	 			 				    			 			  	 				   	   			  	  		-33
p
m2 4 0
m 3 0 1
m 3 1 4
m 4 3 1
 m4225781232 1 
4
m 1 0 3
m 1 1 1
b1
m 2 0 1
m 2 0 1
m 3 3 1
m-7 1 0
g 3 0 0
m 4 0 1
	g4 3  	0
m 1 0 2
m 1 0 2
f 1
m 2 0 3
m 3 4 0
m 3 1 4
b 3
m4 3 7756621269

