B 4 5 4 1
m 1 2 1
m 1 1 2
m 2 2 0
m 3 2 0
f 3
m4 0 1
m 4 1 4
m1 	1
  3
m 1 2 1
f 1
g 1 0 2
m 2 3 0
m4 3 1
m 1 0 3
m 2 1 1
m 2 3 4
f 2
m 4 3 0
m 4 1 2
m1 4 1
f 1
m 2 2 0
m 3 0 2
m 3 3 0
f 3
m 4 3 2
m 12 3
m1 2 0
f 1
g 1 0 3
m 2 3 0
m 3 1 4
f 4
m 1 2 2
 m	2 	3 
g21  0
m 4 1 4
m1 3 r0
m 2 4 2
m 2 3 3
m 3 4 3
m3 0 4732560197
m 4 3 0
m4 			    1 			    2
m 1 0 1
m2 3 1
m 2 0 1
b 2
f 2
m3  	3 0
m 4 0 2
m 1 0 1
m2 2582587205 0
m 2 2 0
m 3 0 0
m 4 3 4
m 1 3 3
m2	 		  		 		  	4	 		  	3
m 2 0 4
m 3 3 3
m 3 0 3
m 4 0 3
m4 3 0

