B 4 5 2 10
m 1 0 2
b 1
m 2 4 0
 2 3m2
m 1 1 2
m 1 3 4
b 1
m 2 1 1
m 2 2 4
m 1 1 1
m2 3	
 	3
m 1 4 1
m 1 0 3
m 2 0 1
m 2 3 3
f 2
m 1 0 0
m 2 3 1
m		2 1 3
m1 0
	 1
m7 0 2
b 1
m 2 4 0
m 2 0 1
m 1 1 0
f 1
m 2 2 2
m 2 
3 1
m 1 4 0
 m1 	 3 1
m2 4 1
m2 3 0
Rf2
g 2 2	 1
m 1 0 3
m 2 2 0
m 1 4 0
m 2 3 4
m2 0 3
m 1 4 0
b 1
m 2 1 2
q 2
m 1 0 2
b 1
m 2 4 1
m 1 0 2
m 2 4 1
2 m 2
m 1 4 1
m 2 4 0
m 2 1 0
q 1
m2 12 
q 2
m 1 1 2
m1 3 3
m
2 
2 3
m 1 3 3
m2 1 2
m2 0 1
m 1 2 4
m 1 0 2
m 2 1 2
m 1 4 1
m 2 4 1
m1 4 1
m 2 1 2
p

