B 4 5 2 9
m 1 2 1
m 1 2 2
-5
q1
m 2 2 3
m 2 1 3
f 2
m 1 4 2
m 2 4 2
m 2 1 0
m 1 0 2
m 1 3 1
b 1
f 1
m11 0
m 1 3 4
m 2 3 3
m 2 3 3
b 2
q
m 1 0 3
m 1 3 2
f 1
m 2 0 2
m 2 3 4
q 2
m 1 1 4
m 1 0 3
m 1 1 0
m1 1 1
m 1 0 1
m 2 4 2
m 2 1 4
b 2
q 2
m 1 0 3
m 2 2 1
m 1 4 2
b 1
p
m 2 3 0
m 1 0 2
g 1 3 3
m 2 0 0
m 2 0 3
m1 0 2
m 1 1 3
m 2 0 3
m-4 3 2
m 1 1 4
g 1 0 1
m 2 0 2
m 1 
2 1
m 1 2 2
p
m2 8 2
b	
2
m1 2	 	 4
m 2 0 2
m1 3 2
b 1
m 2 4 2
m1 -7 2
m 2 4 0
mรง22 2
m1 4 0
m 1 2 1

4	2 3  m
m 1 3 0
m1				 	0				 	0
m 2 2 1
m2 0 
 4
b 2
m 1 0 2
m 1 2 1
m 2 0 2
m2	  	 	 0	  	 	 0

