B 5 5 4 2
m 1 1 0
g 1 2 0
m 2 4 2
m 3 2 1
m 4 2 2
f 4
q 4
m 1 0 0
f 1
q-		5
m 2 4 3
m 3 0 4
m 3 3 2
m 4 1 3
m 1 2 0
m 2 0 3
g 2 0 1
m 3 3 2
m 3 1 3
m 4 2 3
m 4 4 3
m33055363		09 4 3
m 3 4 1
m 3 4 3
m4 2Õ 3
g 4 0 2
 m	1 4 0
m2318884766 2 3
m 3 1 4
m4 1 0
m1 0 4
m 2 1 3
m 2 0 3
p
m 3 4 2
m 3 1 3
m 4 1 3
m 1 2 2
m 2 1 3
m 2 2 4
q 2
m 3 1 1
m 3 2 1
b 3
m 4 1 4
m 3 2
m1 4 4
m 2 4 2
p
m 3 0 3
m 3 3 3
m 4 0 4
b 
4
m 1 1 3
p
m 2 4 2
m 2 4 4
m 3 3 3
m 3 3 4
q6019 118	823
m 4 1 4
m 4 1 4
m 1 0 4
m 2 2 0
m 3 3 3
m 3 1 0
m4 2 3
q 4
m 1 4 0
m 2 3 1
m 2 2 1
f 2
m 3 0 2
m 3 1 1
m 4 1 	3
m 4 4 1
m 1 2 0
b 1
m 2 1 3
m 2 0 4
f 3
m4 1 2
¦m1 0
  
3
4-9 1 m
m 2 4 3
m 2 4 4

