B 4 4 3 2
m 1 1 2
m 1 3 2
f 1
m6906804614 1 0
m2 2 0
m 3 1 1
m1  	1  	2
f 1
m 2 3 0
m 3 3 1
m 3 0 1
m 1 3 1
m 2 1 2
m2  						 		 	 				 			 	 		   		   		   		   	 	 	  				 	 	   			 	 	  		 	  	  	       		  		  	 	 		     	 					 				 	 			  		 	 	 	 	   	     	 	 				    	   		   			 		  	 	 		 	  	 			 	 			    		  			  	  			 	 	   				 					  	  	 	     	 		     	 	 		 		   	 		  	 			 					 	 		    	    			 								 		 	     	   			   	 		    	 		      			  	  	 	 		 	   	 		 	    	  					  			  		 	   			 	   				  	 	 	  	  	    		  	  		 			   	  	 	 	  	 		 	 		   	 	 	   	  	 								 	 	 			 		  	    	    	   	     	     					 	   	 	 	   	 	  			     			 		   	 			        		  	   		   				   	 			   	   		  								 			  	  			 	  			    	 				  	        				    		  		 	 				 	  	 	 							  			 					  		 	  					  	   	   	 	   		 	  					  	  	 		 	  	 			  				 				      	 			 		   	  	 	     		 	 			 			 		 	   		  			    				  	 	 	 	 	 	 	 				 		  		  	  				 			  	 				 				    	   	  			 	     		   	   		  	 	  		 	 	 	 	 	  			  				  		 	   		  	  				     			   		   		 	 		 	    		  	   			 	 	    	  		  						  	  	 		  				 							 	  	  	 	 				     	   								  		 	 			 		 	 		 		  	    	 	 				   	  		 				 		  					 				  					 			 	  	  		 		        			         				 			 		 	   		   				 				      		 			   		  						 	  			 		 			     									 	  	  	 	   	 		 		 	  	   			 			 	 		 	  	        	  			  		  				  	 	 	  	    	     								   		  	 							   	 		 	 	  			   							 	 	  					  	     							 	 			  	     		 			   	 		 	   	 				  	 			 						      			 	      	 	   	 				  	  					  			  					 		  			 	 	  	  	   			  	  	 			    	 	  	   								    	  	  	 	 			    	  	 	 	 	 	   	 				 			 		 	 		 					  						 			 	  	  					 				 	  		   	 				 	    	 	 	 			 	    		  	 	   	  	 		  		     		 			  	  	  		 			 	  		 		 			   	  				   			      		 	 	 				    		 	  	  		 	 	 		 			      		 			 		 		 						 			 	   			 	 					 		 	   		 		  							 					   			   	 		     	  	  	   	 	    						   			  	  			   		    	 		 		   	  								  	         	 	  		 					 		   				 		 			 	 	 			 	 	  	  				 	 	 	    	 			      				 	 			  	 							 						    			  	 					 	   	 		   	 			   	 		  		 		 		 		 		  				  	 	 				  		  	    	   		  	   		 	    	 				 	 			 		  		 		  	             	  				 		 	  	  		 	 	   			 	   	 			  	 	   			 					 		 		 	  				 	  		 			  	 	 			 	 						 		 			  		 			  				     		 	 		  		 			 		  	 	 				 				 	 	 	  	   			 	   			 		  	 		 	   		    		 		 			 	  		 			 		 				 	  	  		    	 			       	 	 					  	   	  			   		 		 	   	 			 						 	  	 		  			 			     		 	  	 	  	 	  	  				  	 	    	   		  	 					    		 				     		 				   	      			 			  		    	     	 		 			 		 				  			   	  	  		 	 	 	 	  			  		 	 				 		   	  		  	      	    	 			    					  	    		 		  		 		 				 	 	  	 		 				  				    		  			  	 	 	  	 	 	 	 		    	 			  	 	 	  			    		   		 	    	 		   						    	 			 		     	 	 		    		 				   		 				  	  	 		 	 		    	   			 	    	      	 	 	       		 		   	 				  	  	 	 	  		  			   	 	 		  	  	     	     	  		 		 		 		 							 	  	 					 							 	 		 		 	  		  	   		  	   	       		 		 			 	 		     	   	 		  	 			 				 			 			  		  	 	   			   				  		  	 			  		 		 			    					  	  				  	   	 	  			 		 		 	  			 	  	 	   	     	     	     	    			 	   	 	 	      	 		    						 		 			   	 			  	     	   	     	    	  	 				 	 			 			 			 						 	 	  	  	 	  				 	      	 	    	   	 	    					    		 			 		   	 		     			  			 		 	   	    				  			   	     		  		 		 	    			 	  	 		 		  		 				  		   				   	 	    		   		 				 		 		  	 	 			  	   	  	 		  	       		 	    							   			  	   	 			  	 	    		  	 				   	     	 		 	 		 											     		 		 	 	     		 	   		   			   	    	 					    	 		   	   		 			 				  		   	 			   			    	   		 	 		  			  	    		 	    	   	   	 	 		 	 	  	 	   	 				 	  	 		    	    		 				 		  	    			 	   						 			 	  	   		      					 	     	 	  		 	  		  			 	 	 		 		 	  	 						    				    	 	 					  			 		 				 	 			 					 		 	  	 	  			   			   	  	       	 	 			 		 				  	 	     							   					      	 	    	  		   	  	  	   		 	 	   					   				 			  	 	     	 			 	 	   									  		 	 	  				 	 					    	  	  			 	  			 	 	 	        	   							 		 	  				 	 			 	   	   		 		  		 		 	 	   				   			 			    		 		 			  	  			  	    		 	   	   	 		 		 	  	    			   	   	 		 				   	   					 		     	 	 	 		 	 		 			  	  			   	 	  			 		    		   					  	 			   	   	 	  	       								    	 	 			 		   					 	 		    	 	 	    	 		  	 	  	 		     	  						    		  		 	  				   	 	  	 		  	 	  	 		 		   					  		  		 	  	  		 	 								 			 	     	   		   	       				  	  	  				 				   		  	  		 		 	 				 		 			 	  					 		 	 		  			  				 		  	 		    		 					  	 				 	  		  	 			 				 				 	  		 	 	 	   	 			   		 	 	 	   				   	 		   					 	   		  	 		   		 	 				 	   	 	  	 	    	 					 		 	  	  	  		 					  	  	    		 	  				 			  	  	 	 	 	 	   	 				  	 			   			 	 			 	 	 					 	    		 	  	  		 			 						     						   						 	  	   			  				  	 							  	 	 		  		 			 	 	 		   	 	 		   	 	 	  	 	 	 	  		 	  		  	 	  	 	     		       	 	   		   			 	  	  		 	 				   				 	 			   	 	   		 	 	 		 	 	 							 	   	 		  				  		    	   	 	 		  	   		    	  				 	 		 			  	  		 				 	     		 		 				  	    		  		     		  				 	 	 	    		      	   	 		 		 							 		    			  			  			 	 	 		 		 	  	 	 	 			 	   			  		   			 	  		   	  	  	  			 		 					 	 	 		 		 		    		 					 		 		 		  	   	    			  	  					    		  	   	    	 	  			  			  			  		  					  	 		  	  									 		 				   				   	  	  			  	 	 				 		  	   		 		    					    		 	   						  	 		  	  	 		      	    	  				 			     	 				   				  					 		 	    	  	 	  	  	   			 	   	  	 		 			     			  			    	 								 			  					  		 			 		 	      	 	   	 				   	  				 	  	  	 	 	 	  			  	 				 			  		   			 			 	  	    		  	   		  								 	 		   	 	 	 	  	   	 		    	 		 				 						 		   	 			   	   			 	  	 	   		          		 				  	   					 	 	  	     		 	 	 			 			    		   	 	 	 	 	  	 		  				 		   			 				   	   	  		   	 	   				  		  										  		   	 		   	    	     	 	   		  						  	 	  	    				    		 				       	   	 	  	  	   	 			        	 		    				  	  	 	   		  		 		  	 	   	    		  	 				   		 	 		  	  				 		     		 			 		    		  	 	 		       			 	 	 	 	 		 			 	 				 			 	  					 	   	 		  								 				 		  	 	    		    	 	  											 	    	 	    	 				   		   	   	  			     	    			 	  	   					  	 		 					            		    	    		 	 	 						   	 		 		  		 		 		 	 			  		  	  	     	  	 		  		 	 					 		 	 	      	 		   	 		  	 	 	 		 	 			 			 		    		 			   				  			      			   	 					 	 		    		 	  		     		      			 				 	 	 		   	   	 			 		 			  	 		 					 	  	 			   	     	 					 	     	 	  		 		 				  			 	 			 	   		 		   					      	 	    		  		  	 	 	  		     		 	   				  	 	  	 	 	  	 	 	 			  				  		  		 	       	 		 	  			 	 				 			    				 		 	  	 	 		  				   	        	  			 		   					  	 	  	 			  				    	  		 	 	 	      	     	    			   		 									 		   				 	 				 			 	 			 				 	 	 			  				  			   	 	 	 		      			   							 				 				     							 	    	 		  	 	 			  	   	    	  	 	  	  			 			   	   		 							  	 	  	  				 	   					   			  	  		  	   	 		 	   	  	 			 		       		  		 		 					 	  		  	  	 	   		  	  			 			 	  			   		  	  			 		 		 			 	      			 	  		 			 										  				     		 			 	  			 		  	  	   				 			 		  		 	   	 		 				  	 			 	 		   			       			 				 	   	    				 		  	  		   	  				  	   		 	  	  	            	 			 		  	 			 		 	 	 		 	  		       			    			  	 		    	 	     		  	  	 				 		 	 	  		 	   	   	 		 2  						 		 	 				 			 	 		   		   		   		   	 	 	  				 	 	   			 	 	  		 	  	  	       		  		  	 	 		     	 					 				 	 			  		 	 	 	 	   	     	 	 				    	   		   			 		  	 	 		 	  	 			 	 			    		  			  	  			 	 	   				 					  	  	 	     	 		     	 	 		 		   	 		  	 			 					 	 		    	    			 								 		 	     	   			   	 		    	 		      			  	  	 	 		 	   	 		 	    	  					  			  		 	   			 	   				  	 	 	  	  	    		  	  		 			   	  	 	 	  	 		 	 		   	 	 	   	  	 								 	 	 			 		  	    	    	   	     	     					 	   	 	 	   	 	  			     			 		   	 			        		  	   		   				   	 			   	   		  								 			  	  			 	  			    	 				  	        				    		  		 	 				 	  	 	 							  			 					  		 	  					  	   	   	 	   		 	  					  	  	 		 	  	 			  				 				      	 			 		   	  	 	     		 	 			 			 		 	   		  			    				  	 	 	 	 	 	 	 				 		  		  	  				 			  	 				 				    	   	  			 	     		   	   		  	 	  		 	 	 	 	 	  			  				  		 	   		  	  				     			   		   		 	 		 	    		  	   			 	 	    	  		  						  	  	 		  				 							 	  	  	 	 				     	   								  		 	 			 		 	 		 		  	    	 	 				   	  		 				 		  					 				  					 			 	  	  		 		        			         				 			 		 	   		   				 				      		 			   		  						 	  			 		 			     									 	  	  	 	   	 		 		 	  	   			 			 	 		 	  	        	  			  		  				  	 	 	  	    	     								   		  	 							   	 		 	 	  			   							 	 	  					  	     							 	 			  	     		 			   	 		 	   	 				  	 			 						      			 	      	 	   	 				  	  					  			  					 		  			 	 	  	  	   			  	  	 			    	 	  	   								    	  	  	 	 			    	  	 	 	 	 	   	 				 			 		 	 		 					  						 			 	  	  					 				 	  		   	 				 	    	 	 	 			 	    		  	 	   	  	 		  		     		 			  	  	  		 			 	  		 		 			   	  				   			      		 	 	 				    		 	  	  		 	 	 		 			      		 			 		 		 						 			 	   			 	 					 		 	   		 		  							 					   			   	 		     	  	  	   	 	    						   			  	  			   		    	 		 		   	  								  	         	 	  		 					 		   				 		 			 	 	 			 	 	  	  				 	 	 	    	 			      				 	 			  	 							 						    			  	 					 	   	 		   	 			   	 		  		 		 		 		 		  				  	 	 				  		  	    	   		  	   		 	    	 				 	 			 		  		 		  	             	  				 		 	  	  		 	 	   			 	   	 			  	 	   			 					 		 		 	  				 	  		 			  	 	 			 	 						 		 			  		 			  				     		 	 		  		 			 		  	 	 				 				 	 	 	  	   			 	   			 		  	 		 	   		    		 		 			 	  		 			 		 				 	  	  		    	 			       	 	 					  	   	  			   		 		 	   	 			 						 	  	 		  			 			     		 	  	 	  	 	  	  				  	 	    	   		  	 					    		 				     		 				   	      			 			  		    	     	 		 			 		 				  			   	  	  		 	 	 	 	  			  		 	 				 		   	  		  	      	    	 			    					  	    		 		  		 		 				 	 	  	 		 				  				    		  			  	 	 	  	 	 	 	 		    	 			  	 	 	  			    		   		 	    	 		   						    	 			 		     	 	 		    		 				   		 				  	  	 		 	 		    	   			 	    	      	 	 	       		 		   	 				  	  	 	 	  		  			   	 	 		  	  	     	     	  		 		 		 		 							 	  	 					 							 	 		 		 	  		  	   		  	   	       		 		 			 	 		     	   	 		  	 			 				 			 			  		  	 	   			   				  		  	 			  		 		 			    					  	  				  	   	 	  			 		 		 	  			 	  	 	   	     	     	     	    			 	   	 	 	      	 		    						 		 			   	 			  	     	   	     	    	  	 				 	 			 			 			 						 	 	  	  	 	  				 	      	 	    	   	 	    					    		 			 		   	 		     			  			 		 	   	    				  			   	     		  		 		 	    			 	  	 		 		  		 				  		   				   	 	    		   		 				 		 		  	 	 			  	   	  	 		  	       		 	    							   			  	   	 			  	 	    		  	 				   	     	 		 	 		 											     		 		 	 	     		 	   		   			   	    	 					    	 		   	   		 			 				  		   	 			   			    	   		 	 		  			  	    		 	    	   	   	 	 		 	 	  	 	   	 				 	  	 		    	    		 				 		  	    			 	   						 			 	  	   		      					 	     	 	  		 	  		  			 	 	 		 		 	  	 						    				    	 	 					  			 		 				 	 			 					 		 	  	 	  			   			   	  	       	 	 			 		 				  	 	     							   					      	 	    	  		   	  	  	   		 	 	   					   				 			  	 	     	 			 	 	   									  		 	 	  				 	 					    	  	  			 	  			 	 	 	        	   							 		 	  				 	 			 	   	   		 		  		 		 	 	   				   			 			    		 		 			  	  			  	    		 	   	   	 		 		 	  	    			   	   	 		 				   	   					 		     	 	 	 		 	 		 			  	  			   	 	  			 		    		   					  	 			   	   	 	  	       								    	 	 			 		   					 	 		    	 	 	    	 		  	 	  	 		     	  						    		  		 	  				   	 	  	 		  	 	  	 		 		   					  		  		 	  	  		 	 								 			 	     	   		   	       				  	  	  				 				   		  	  		 		 	 				 		 			 	  					 		 	 		  			  				 		  	 		    		 					  	 				 	  		  	 			 				 				 	  		 	 	 	   	 			   		 	 	 	   				   	 		   					 	   		  	 		   		 	 				 	   	 	  	 	    	 					 		 	  	  	  		 					  	  	    		 	  				 			  	  	 	 	 	 	   	 				  	 			   			 	 			 	 	 					 	    		 	  	  		 			 						     						   						 	  	   			  				  	 							  	 	 		  		 			 	 	 		   	 	 		   	 	 	  	 	 	 	  		 	  		  	 	  	 	     		       	 	   		   			 	  	  		 	 				   				 	 			   	 	   		 	 	 		 	 	 							 	   	 		  				  		    	   	 	 		  	   		    	  				 	 		 			  	  		 				 	     		 		 				  	    		  		     		  				 	 	 	    		      	   	 		 		 							 		    			  			  			 	 	 		 		 	  	 	 	 			 	   			  		   			 	  		   	  	  	  			 		 					 	 	 		 		 		    		 					 		 		 		  	   	    			  	  					    		  	   	    	 	  			  			  			  		  					  	 		  	  									 		 				   				   	  	  			  	 	 				 		  	   		 		    					    		 	   						  	 		  	  	 		      	    	  				 			     	 				   				  					 		 	    	  	 	  	  	   			 	   	  	 		 			     			  			    	 								 			  					  		 			 		 	      	 	   	 				   	  				 	  	  	 	 	 	  			  	 				 			  		   			 			 	  	    		  	   		  								 	 		   	 	 	 	  	   	 		    	 		 				 						 		   	 			   	   			 	  	 	   		          		 				  	   					 	 	  	     		 	 	 			 			    		   	 	 	 	 	  	 		  				 		   			 				   	   	  		   	 	   				  		  										  		   	 		   	    	     	 	   		  						  	 	  	    				    		 				       	   	 	  	  	   	 			        	 		    				  	  	 	   		  		 		  	 	   	    		  	 				   		 	 		  	  				 		     		 			 		    		  	 	 		       			 	 	 	 	 		 			 	 				 			 	  					 	   	 		  								 				 		  	 	    		    	 	  											 	    	 	    	 				   		   	   	  			     	    			 	  	   					  	 		 					            		    	    		 	 	 						   	 		 		  		 		 		 	 			  		  	  	     	  	 		  		 	 					 		 	 	      	 		   	 		  	 	 	 		 	 			 			 		    		 			   				  			      			   	 					 	 		    		 	  		     		      			 				 	 	 		   	   	 			 		 			  	 		 					 	  	 			   	     	 					 	     	 	  		 		 				  			 	 			 	   		 		   					      	 	    		  		  	 	 	  		     		 	   				  	 	  	 	 	  	 	 	 			  				  		  		 	       	 		 	  			 	 				 			    				 		 	  	 	 		  				   	        	  			 		   					  	 	  	 			  				    	  		 	 	 	      	     	    			   		 									 		   				 	 				 			 	 			 				 	 	 			  				  			   	 	 	 		      			   							 				 				     							 	    	 		  	 	 			  	   	    	  	 	  	  			 			   	   		 							  	 	  	  				 	   					   			  	  		  	   	 		 	   	  	 			 		       		  		 		 					 	  		  	  	 	   		  	  			 			 	  			   		  	  			 		 		 			 	      			 	  		 			 										  				     		 			 	  			 		  	  	   				 			 		  		 	   	 		 				  	 			 	 		   			       			 				 	   	    				 		  	  		   	  				  	   		 	  	  	            	 			 		  	 			 		 	 	 		 	  		       			    			  	 		    	 	     		  	  	 				 		 	 	  		 	   	   	 		 0
f 2
m3 3 3
m 3 0 1
m 1 3 1
m2 0 0
b 2
m 3 3 1
m 1 3 1
q1
m 2 2 2
m 3 3 2
m 3 0 1
m 1 2 3
q 1
m 2 3 0
m 3 2 2
m 3 3 1
m 1 1 2
f 1
m 2 2 0
m 3 3 3
b 3
m 1 3 2
g 1 1 3
m 2 2 0
m 2 2 3
m 3 3 0
m1 1 6071823682
m1 	 0  3
f		1
m2 0 1
m 2 1 0
m 3 1 1
b2
p
m 1 3 0
m 1 1 2
m 2 0 2
m 3 3 1
m 3 2 1
b 3
m 1 1 1
m 2 2 3
b 2

