B 5 5 3 1
m 1 4 4
m 2 4 0
m 2 3 1
q 2
g4  	 	  2  	 	  4
m 3 1 0
m3 2 3
g 3 0 4
m 2	 1 1
m 3 1 2
m 3 0 1
m 1 2 2
m 1 1 0
m2 1 0
b2
m 1 1 0
m 1 2 4
m2 1 3647327709
m 2 0 0
b
 2
m3 2 3
p
m 1 0 2
m 1 4 3
q 1
g 1 0 4
m2 2 4
m 1 0 0
m 3 0 3
b 3
m 1 2 1
m 2 1 4
m 3 1 3
m3 3 3
b 3
m 1 0 0
m 2 0 0
m 2 3 3
m2 1 0
m 3 0 2
m 1 3 0
m1  21
q 1
m 2 4 1
m 2 2 2
 mÎ
1 1  1
m 2 2 2
m 3 3 2
m 1 3 3
m 2 1 2
q2
m 3 3 2
m 2 1 1
m 2 3 0
m 3 2 3
m 3 2 4
b 3
m 1 0 1
m2 1 1
m 2 2 1
b 2
f 2
m 3 0 3
q 3
p
m 1 4 1

q 1
g1 
9 	
3
p
m 2 2 2
m 2 1 1
m 3 1 0
m 3 4 0
p
m 1 3 3
m 1 0 2


q1
m2606039517 0 4
m 3 4 0
m 1 3 1
f 1
m 2 4 0
m 3 1 2
m 1 2 3
m 2 2 4

