B 5 5 2 17
m 1 1 3
m 1 2 4
m 2 4 3
m1 2 2
m 1 2 2
m 2 1 1
p
m 1 0 1
m 1 3 0
m 2 2 3
m 1 1 2
m	2 3
 4
m 2 0 0
m 1 0 2
m1 0 1
m 2 3 2
f2
m 1 0 4
m	2 33
m 1 1 4
m 2 3 4
m 2 0 4
m 1 3 0
m 2 4 4
"g2 2 50É00654379
m 1 0 2
f 1
m 2 2 1
f 2
m 1 0 4
m1 2 2
b 1
f 1
m 1 1 0
m 2 0 2
m 2 3 0
b0
m1		 2  4
m 1 1 1
m 2 3 4
m1 0 2
m1 3 1
q 1
m 2 4 4
m 1 2 4
m1			  0			  1
m2 -3 4
m 2 3 1
m 1 0 2
p
m 2 0 4
m 2 2 4
f 2
m 1 2 1
m 2 0 4
m 2 2 2
q 2
m 1 3 4
m 2 2 4
g 2 4 1
m 1 0 2
u
mø2  3 0
m 2 4 2
m 1 1 3
m 2 2 3
m 2 3 4
m 1 0 4
b1
m 2 0 2
m 1 3 0
m 2 0 2
m1 1 
1
m 1 2 0
q 1
m 2 2 0
p

