B 5 5 4 6
m 1 0 0
q 1
m2 2 0
g 2 0 0
m 4 3 3
m 1 0 3
m1 0 1
m304  
m3 1 1
m4 1 4
m 1 2 0
m 1 3 2
f 1
m2 2 57891	15588
p
m 3  0 4
m 4 4 2
m1 2 3
m 1 4 1
m2 3 4
m 4 0 3
m 4 0 3
m-3  2 1
m 1 1 2
m 2 4 3
m 3 4 4
m3
 	0 3
g 3 2 1
m 4 3 1
m1 4628600109 n0
m1  2 4
m 2 0 1
m 2 0 4
m5 4 4
m 4 0 1
m 1 2 0
m2 2 0
m 2 2 0
m 3 2 3
f 3
m1 1 43472414
72
q 1
m 2 0 2
m 3 4 1
m 4 0 3
m 4 0 0
p
m 1 1 4
m 2 3 1
p
m 3 3 1
m 4 4 0
m 1 4 4
m4 1 1
b 1
m2 3 1
m 3 3 2
m 4 3 1
m1 3 1
m1  2 2
g1 3 2
m 2 0 3
m 2 3 0
m 3 0 1
m 3 0 1
g 3 4 3
p
m 4 4 2
m101
m2 1 2
m 2 2 2
m 3 0 1
m 4 0 1
m 4 0 4
m 1 3 1
m2 0 0
f

