B 5 4 3 1
m 1 2 2
m1 0 3
m 2 3 3
m3  4
f 3
m 1 1 2
m 1 0 2
m 2 0 1
m3 1 2
m 1 3 1
m 1 2 0
f1
p
m2 	
2 
3
f 2
m 3 1 2
m 3 3 0
q 3
m 1 3 4
m2 2 4
m 2 2 3
p
m 3 1 0
m3		 		 1
m1 3 1
m 1 0 3
f 1
m 2 0 0

f2
m 3 0 2
m 1 0 2
m 1 4 3
m 2 3 4
m 3 3 1
m8502342576 1 0
m1  1 2
m 1 3 1
m 2 1 1
b 2
m3 0 2
m 3 2 2
m 1 3 2

 m5 3 1
f 2
m 3 3 1
m 1 3 1
g 1 0 3
m 2 1 4
m 2 4 3
b 2
m 3 3 1
m 1 1 4
m 1 2 2
q 1
m 2 1 0
m 2 0 1
m 3 2 4
m 2 0 4
m 2 2 3
m 3 1 1
m 3 1 1
m 1 3 3
p
m2 4 0
f 2
m3 10 3
m 1 2 3
m 2 2 4
m 3 0 0
g 3 3 4
m 1 4 0
m 1 3 2
b 1
q3 092	57
3026

