B 5 5 3 4
m2 5 4
q 2
m 3 1 1
m 1 4 2
m 1 2 2
m 2 0 0
q 2
m 3 0 4
m 3 4 1
m 1 0 3
m 2 4 2
m2 5 0
f 2
m 3 2 0
f 1
m 2 2
	 4
m 3 1 3
p
1 0 3
m 1 4 4
m2 3 2
p
m 3 2 0
m 3 3 3
p
m 1 2 0
m 2 3 1
m 2 3 2
q640548539
m 3 3 4
m3 3 1
m 1 0 4
m0 1 3
 m	1 1
m 2 2 0
b 2
 m  332
m 1 1 2
f 1
m 2 1 0
m2 0 3
g 2 3 1
mb3 1 0
f
	3
m 1 3 4
m 1 3 0
m 2 4 4
q 2
m 3 4 1
m 3 0 4
g 3 2 4
m 1 1 2
m 2 2 4
b2
m 3 1 2
m 3 2 1
f3
p
m 1 3 4
m 2 1 0
m 2 4 1
m 3 3 3
91 70 93852 4m2  4
m 2 2 0
m 3 1 3
m 1 0 4
mÛ1  	  	 	  3¸  	  	 	  0
b 1
m 2 3 2
m 2 3 1
m 3 3 4
m 3 3 4
m 1 2 0
m 1 4 3
m 2 2 1
m 3 3 2
q 3
m 1 1 0
1 4 0
m 2 3 2
f2
m
852445179   			 	 									 	   	    		   					 	 			   						     	 	   		   	 					   	  			   								   	   		  		  	     	 		   					 					   			  	   	 	  		 	 			 	 		   	 	  	    		 	 		 		   		     		 	  	  	 			  			 	 			     		 	  		  		  					 	   	 	      		   		 	 	 		 	  	 		 				 	 	  	  	  	     			 	 		  			  	 				  		 		 	  	 		  	 					       	 		 				    			 	 				 						  			 	 		 	 	   	 	 			      	  	  	 	   		  	 						  	 	  	 	       		 		 	    			        				 			 	 			  	  	 			 		  				 	 		  		 		 		      	  	 		 	    		 	 	 	 						 	 	  		 				 	 		  	 	 	   	   	  	  				 	   	  	   			 	 	 			    	 	  		  	 	 		  	  	  	 					 	  			 	  		 			 		      					 		 		  	  	 			 			 		 			 				    	    		 		      	 	 		  		 	  	  			  	     			 	  			     	    				  	  		  	     	  	  		  		  						 	   					   		     					 				 	 	 			 	 					   			 					       		 				 	   		 	  		 		 		   	        		  			 		 	 				 	  			 			       	 	 				  			 	 	 	 		 			     		 	 	 		   			   	    	  	 						   		  	 		  	 	 			  					  	 		 	  		 	 							   	 	  	 	 	    	 				   	  				 	  	  		  			 			   	  	 		  		     			  	 							   	 	   					 		 	  	 	  			 	      		 						 	  					     		 	  	 	  					 	  			 				 		   		  								  				 			 	 	   		 	 		  	 	     	  				 					    		 		 	 		 	      		  				   	 		 	   	 	 	  				   	 	     					 			 	  	 						    		    			 	    					   	 									 			 		  	 			  	  	 		  		 	 					  			   		   		  		   									 	 		 	    		     					 	 	  						  	 	 			 	 			 	  	  			 		    	 	  	    			 	 			  	  				     	   	   			  	    		 	  		 			  	 									  	 			 	 		  	   	 			 	 			  				 	      				 	 	   	   				 						    		 		  	   		 	  	 		         			  			     	 	 	    			 			  	   	 	  			   	  	 	    	   	 		 			 	  	       				 						 	   	 	  	 			    			  	  		 		    					 	 	  	  	   	 	 	 	  			 	 	   	   		 	  	 	 		  			 			  	     			 	  	    	   	 				      			 							 	   	 			  		 		  				 	 			   		 	 		 				 	 				  	   	    	  	    		   			  	  	 	 	 	  			    	 	   		  	 	 	  			 		 		   	 	  	 		 		 			  	 	 	  		  								 		  	 			  	   	  	 	 		  	 	  			  			 	   	 		   		  		 	 	 			    				   	  		  	  	      	  	  	  		 		  	 	   	 		    	 					   		  		  	   	  	   			 	   	    	  	 			   	  	 	  		  			 	  	    		    	 					   	  	   				 		 	  		 	 		    	 	  		  		  	 	   	   	  	 	   		  	  		 	    						  		 		  			  				 				  	 			 		   	 	 	    		 			   		 	  		 				 	 			 	       	  	 			     	  	 	  		 		   	 	   	 	    		  	 			  	 			  		  	 	     	 		 	 		  	 	 	  			  	     					   								 	  	 	   		 	  		 		  		 	  	 			    	  	  	 					 	    	  			  	 			 	  		 	  	  				  	 		 		   		   				    				      		 		    		  		  		 	  	  	  	 		  	 		  	     	 		  	       	  	 		 			 					  					  	   				  				  	 		  		  		    		  	   		 	  		 									  				 		 	  				  			    	  			 		 	 	  	  			  	 		      			  	  	   				  	 		  		  	 		 	  	 		 			   		 						 		 			 			 	 		 			 	 						  	 	  	 	  		  	 					  	 	  	  	 		 	 	     	   				   	    	   		 			 			  	       	 	 	      			 	 			 	 		    		   	 			  	 	 			   	   	 	  	 		   	   		   	 	  	 			 	 		   		  	 	    		  	 		 	 	      								 	  		  	   		 		 	 		 	 					 	  	 	 	  		 	  		  	 			    	     	 	 	 			 	 	 		    				     	 	 			 	 	    	   				   	 	 			 	  		  				   	 		 		  						 	 	 		  	 	  		 						  	 	    								 	 		  				  	 		  	  	 						      					 	 	 	 	      	  		 								 	    		     				 			 		 	 	   		 			 	 				  	  	 	   		 				 	         	 						  	 		 	   		 	 				 	      			  		 		    	 		   		 			     	  	  		   		   	 	 	       		 				 			 	 		 	  		     			  	  	 			 	  		    		   				 	 	  					 				    			 		 		       		   			  	   	 		 	 					  	 			   		 		   		 					 		 		 	   		   			 			  	   				 		       	   			    	 	   		 			  	  						 			 	 	     			   	  	 		 	   			   	  			  			 		 	 	 	 		 		  			 	  	    		 		 	  		   			 	 	  	  	  		     			 			 	  	 	   	   	 	   		 			 	 			 	    		 											 		 		  				   	  		   				 	 	   		    				 	 			 		 		     	 		 	   									 		 		     	  		  		 								 		       	   		  			 						   	 				   	  	  	 	 	 		  	 		    		 							 		  		  	      			  	 		 					 	 		 	  	 	 	 	 		  					 	   	 	  	   		  		 	 				  		   			 	 		 	 	 		 	 							 	 	      		 	  	 		 	  					   		  		    		 			 	  	 		   	 	  	  	 	  	 	  					 						 	 	 	 	  		 	  		 	  	  	   				    	 	 					 	 		 	  	 	 	   	    	  	  	  							 	  	   	 	  	 		    	  		 				   	 	 	 						 		 			 				 			 		 			 	   				 	  				  	 	 		   	  		 				 	  				   				 	    			  	    	 	  	 	 		 	 				 		 	 	  	     		   		 		 		  		  	 							 	     		  	     	  		  		  			 	   		 				    	    					  	 	  	 	 				 		 	   		 		 	  			 		 		 			 	 	     	  		    	 		 			  	 			 		 	 				   			 	  	 	      	 	  			 	 							 	  									   	 							 	  		 	     	  	        		 				 	    	 						   	 			  		 	    	 			   	   	 		  		 					   	  	  			  	 		   		  		   	   	   	      		 	 		     	 	 		 					    			  	 	  		 		  			  	  		   	   		     	 	 				  	 	 	   	  	     	 		   	 		    				   	   		    	  		    	 	 	 	 					 	       				   		 	 	 		 		 		    		   		   	  	   	  	 	    			   	   	 		  	   	 		  	   	   			   	7   			 	 									 	   	    		   					 	 			   						     	 	   		   	 					   	  			   								   	   		  		  	     	 		   					 					   			  	   	 	  		 	 			 	 		   	 	  	    		 	 		 		   		     		 	  	  	 			  			 	 			     		 	  		  		  					 	   	 	      		   		 	 	 		 	  	 		 				 	 	  	  	  	     			 	 		  			  	 				  		 		 	  	 		  	 					       	 		 				    			 	 				 						  			 	 		 	 	   	 	 			      	  	  	 	   		  	 						  	 	  	 	       		 		 	    			        				 			 	 			  	  	 			 		  				 	 		  		 		 		      	  	 		 	    		 	 	 	 						 	 	  		 				 	 		  	 	 	   	   	  	  				 	   	  	   			 	 	 			    	 	  		  	 	 		  	  	  	 					 	  			 	  		 			 		      					 		 		  	  	 			 			 		 			 				    	    		 		      	 	 		  		 	  	  			  	     			 	  			     	    				  	  		  	     	  	  		  		  						 	   					   		     					 				 	 	 			 	 					   			 					       		 				 	   		 	  		 		 		   	        		  			 		 	 				 	  			 			       	 	 				  			 	 	 	 		 			     		 	 	 		   			   	    	  	 						   		  	 		  	 	 			  					  	 		 	  		 	 							   	 	  	 	 	    	 				   	  				 	  	  		  			 			   	  	 		  		     			  	 							   	 	   					 		 	  	 	  			 	      		 						 	  					     		 	  	 	  					 	  			 				 		   		  								  				 			 	 	   		 	 		  	 	     	  				 					    		 		 	 		 	      		  				   	 		 	   	 	 	  				   	 	     					 			 	  	 						    		    			 	    					   	 									 			 		  	 			  	  	 		  		 	 					  			   		   		  		   									 	 		 	    		     					 	 	  						  	 	 			 	 			 	  	  			 		    	 	  	    			 	 			  	  				     	   	   			  	    		 	  		 			  	 									  	 			 	 		  	   	 			 	 			  				 	      				 	 	   	   				 						    		 		  	   		 	  	 		         			  			     	 	 	    			 			  	   	 	  			   	  	 	    	   	 		 			 	  	       				 						 	   	 	  	 			    			  	  		 		    					 	 	  	  	   	 	 	 	  			 	 	   	   		 	  	 	 		  			 			  	     			 	  	    	   	 				      			 							 	   	 			  		 		  				 	 			   		 	 		 				 	 				  	   	    	  	    		   			  	  	 	 	 	  			    	 	   		  	 	 	  			 		 		   	 	  	 		 		 			  	 	 	  		  								 		  	 			  	   	  	 	 		  	 	  			  			 	   	 		   		  		 	 	 			    				   	  		  	  	      	  	  	  		 		  	 	   	 		    	 					   		  		  	   	  	   			 	   	    	  	 			   	  	 	  		  			 	  	    		    	 					   	  	   				 		 	  		 	 		    	 	  		  		  	 	   	   	  	 	   		  	  		 	    						  		 		  			  				 				  	 			 		   	 	 	    		 			   		 	  		 				 	 			 	       	  	 			     	  	 	  		 		   	 	   	 	    		  	 			  	 			  		  	 	     	 		 	 		  	 	 	  			  	     					   								 	  	 	   		 	  		 		  		 	  	 			    	  	  	 					 	    	  			  	 			 	  		 	  	  				  	 		 		   		   				    				      		 		    		  		  		 	  	  	  	 		  	 		  	     	 		  	       	  	 		 			 					  					  	   				  				  	 		  		  		    		  	   		 	  		 									  				 		 	  				  			    	  			 		 	 	  	  			  	 		      			  	  	   				  	 		  		  	 		 	  	 		 			   		 						 		 			 			 	 		 			 	 						  	 	  	 	  		  	 					  	 	  	  	 		 	 	     	   				   	    	   		 			 			  	       	 	 	      			 	 			 	 		    		   	 			  	 	 			   	   	 	  	 		   	   		   	 	  	 			 	 		   		  	 	    		  	 		 	 	      								 	  		  	   		 		 	 		 	 					 	  	 	 	  		 	  		  	 			    	     	 	 	 			 	 	 		    				     	 	 			 	 	    	   				   	 	 			 	  		  				   	 		 		  						 	 	 		  	 	  		 						  	 	    								 	 		  				  	 		  	  	 						      					 	 	 	 	      	  		 								 	    		     				 			 		 	 	   		 			 	 				  	  	 	   		 				 	         	 						  	 		 	   		 	 				 	      			  		 		    	 		   		 			     	  	  		   		   	 	 	       		 				 			 	 		 	  		     			  	  	 			 	  		    		   				 	 	  					 				    			 		 		       		   			  	   	 		 	 					  	 			   		 		   		 					 		 		 	   		   			 			  	   				 		       	   			    	 	   		 			  	  						 			 	 	     			   	  	 		 	   			   	  			  			 		 	 	 	 		 		  			 	  	    		 		 	  		   			 	 	  	  	  		     			 			 	  	 	   	   	 	   		 			 	 			 	    		 											 		 		  				   	  		   				 	 	   		    				 	 			 		 		     	 		 	   									 		 		     	  		  		 								 		       	   		  			 						   	 				   	  	  	 	 	 		  	 		    		 							 		  		  	      			  	 		 					 	 		 	  	 	 	 	 		  					 	   	 	  	   		  		 	 				  		   			 	 		 	 	 		 	 							 	 	      		 	  	 		 	  					   		  		    		 			 	  	 		   	 	  	  	 	  	 	  					 						 	 	 	 	  		 	  		 	  	  	   				    	 	 					 	 		 	  	 	 	   	    	  	  	  							 	  	   	 	  	 		    	  		 				   	 	 	 						 		 			 				 			 		 			 	   				 	  				  	 	 		   	  		 				 	  				   				 	    			  	    	 	  	 	 		 	 				 		 	 	  	     		   		 		 		  		  	 							 	     		  	     	  		  		  			 	   		 				    	    					  	 	  	 	 				 		 	   		 		 	  			 		 		 			 	 	     	  		    	 		 			  	 			 		 	 				   			 	  	 	      	 	  			 	 							 	  									   	 							 	  		 	     	  	        		 				 	    	 						   	 			  		 	    	 			   	   	 		  		 					   	  	  			  	 		   		  		   	   	   	      		 	 		     	 	 		 					    			  	 	  		 		  			  	  		   	   		     	 	 				  	 	 	   	  	     	 		   	 		    				   	   		    	  		    	 	 	 	 					 	       				   		 	 	 		 		 		    		   		   	  	   	  	 	    			   	   	 		  	   	 		  	   	   			   	3   			 	 									 	   	    		   					 	 			   						     	 	   		   	 					   	  			   								   	   		  		  	     	 		   					 					   			  	   	 	  		 	 			 	 		   	 	  	    		 	 		 		   		     		 	  	  	 			  			 	 			     		 	  		  		  					 	   	 	      		   		 	 	 		 	  	 		 				 	 	  	  	  	     			 	 		  			  	 				  		 		 	  	 		  	 					       	 		 				    			 	 				 						  			 	 		 	 	   	 	 			      	  	  	 	   		  	 						  	 	  	 	       		 		 	    			        				 			 	 			  	  	 			 		  				 	 		  		 		 		      	  	 		 	    		 	 	 	 						 	 	  		 				 	 		  	 	 	   	   	  	  				 	   	  	   			 	 	 			    	 	  		  	 	 		  	  	  	 					 	  			 	  		 			 		      					 		 		  	  	 			 			 		 			 				    	    		 		      	 	 		  		 	  	  			  	     			 	  			     	    				  	  		  	     	  	  		  		  						 	   					   		     					 				 	 	 			 	 					   			 					       		 				 	   		 	  		 		 		   	        		  			 		 	 				 	  			 			       	 	 				  			 	 	 	 		 			     		 	 	 		   			   	    	  	 						   		  	 		  	 	 			  					  	 		 	  		 	 							   	 	  	 	 	    	 				   	  				 	  	  		  			 			   	  	 		  		     			  	 							   	 	   					 		 	  	 	  			 	      		 						 	  					     		 	  	 	  					 	  			 				 		   		  								  				 			 	 	   		 	 		  	 	     	  				 					    		 		 	 		 	      		  				   	 		 	   	 	 	  				   	 	     					 			 	  	 						    		    			 	    					   	 									 			 		  	 			  	  	 		  		 	 					  			   		   		  		   									 	 		 	    		     					 	 	  						  	 	 			 	 			 	  	  			 		    	 	  	    			 	 			  	  				     	   	   			  	    		 	  		 			  	 									  	 			 	 		  	   	 			 	 			  				 	      				 	 	   	   				 						    		 		  	   		 	  	 		         			  			     	 	 	    			 			  	   	 	  			   	  	 	    	   	 		 			 	  	       				 						 	   	 	  	 			    			  	  		 		    					 	 	  	  	   	 	 	 	  			 	 	   	   		 	  	 	 		  			 			  	     			 	  	    	   	 				      			 							 	   	 			  		 		  				 	 			   		 	 		 				 	 				  	   	    	  	    		   			  	  	 	 	 	  			    	 	   		  	 	 	  			 		 		   	 	  	 		 		 			  	 	 	  		  								 		  	 			  	   	  	 	 		  	 	  			  			 	   	 		   		  		 	 	 			    				   	  		  	  	      	  	  	  		 		  	 	   	 		    	 					   		  		  	   	  	   			 	   	    	  	 			   	  	 	  		  			 	  	    		    	 					   	  	   				 		 	  		 	 		    	 	  		  		  	 	   	   	  	 	   		  	  		 	    						  		 		  			  				 				  	 			 		   	 	 	    		 			   		 	  		 				 	 			 	       	  	 			     	  	 	  		 		   	 	   	 	    		  	 			  	 			  		  	 	     	 		 	 		  	 	 	  			  	     					   								 	  	 	   		 	  		 		  		 	  	 			    	  	  	 					 	    	  			  	 			 	  		 	  	  				  	 		 		   		   				    				      		 		    		  		  		 	  	  	  	 		  	 		  	     	 		  	       	  	 		 			 					  					  	   				  				  	 		  		  		    		  	   		 	  		 									  				 		 	  				  			    	  			 		 	 	  	  			  	 		      			  	  	   				  	 		  		  	 		 	  	 		 			   		 						 		 			 			 	 		 			 	 						  	 	  	 	  		  	 					  	 	  	  	 		 	 	     	   				   	    	   		 			 			  	       	 	 	      			 	 			 	 		    		   	 			  	 	 			   	   	 	  	 		   	   		   	 	  	 			 	 		   		  	 	    		  	 		 	 	      								 	  		  	   		 		 	 		 	 					 	  	 	 	  		 	  		  	 			    	     	 	 	 			 	 	 		    				     	 	 			 	 	    	   				   	 	 			 	  		  				   	 		 		  						 	 	 		  	 	  		 						  	 	    								 	 		  				  	 		  	  	 						      					 	 	 	 	      	  		 								 	    		     				 			 		 	 	   		 			 	 				  	  	 	   		 				 	         	 						  	 		 	   		 	 				 	      			  		 		    	 		   		 			     	  	  		   		   	 	 	       		 				 			 	 		 	  		     			  	  	 			 	  		    		   				 	 	  					 				    			 		 		       		   			  	   	 		 	 					  	 			   		 		   		 					 		 		 	   		   			 			  	   				 		       	   			    	 	   		 			  	  						 			 	 	     			   	  	 		 	   			   	  			  			 		 	 	 	 		 		  			 	  	    		 		 	  		   			 	 	  	  	  		     			 			 	  	 	   	   	 	   		 			 	 			 	    		 											 		 		  				   	  		   				 	 	   		    				 	 			 		 		     	 		 	   									 		 		     	  		  		 								 		       	   		  			 						   	 				   	  	  	 	 	 		  	 		    		 							 		  		  	      			  	 		 					 	 		 	  	 	 	 	 		  					 	   	 	  	   		  		 	 				  		   			 	 		 	 	 		 	 							 	 	      		 	  	 		 	  					   		  		    		 			 	  	 		   	 	  	  	 	  	 	  					 						 	 	 	 	  		 	  		 	  	  	   				    	 	 					 	 		 	  	 	 	   	    	  	  	  							 	  	   	 	  	 		    	  		 				   	 	 	 						 		 			 				 			 		 			 	   				 	  				  	 	 		   	  		 				 	  				   				 	    			  	    	 	  	 	 		 	 				 		 	 	  	     		   		 		 		  		  	 							 	     		  	     	  		  		  			 	   		 				    	    					  	 	  	 	 				 		 	   		 		 	  			 		 		 			 	 	     	  		    	 		 			  	 			 		 	 				   			 	  	 	      	 	  			 	 							 	  									   	 							 	  		 	     	  	        		 				 	    	 						   	 			  		 	    	 			   	   	 		  		 					   	  	  			  	 		   		  		   	   	   	      		 	 		     	 	 		 					    			  	 	  		 		  			  	  		   	   		     	 	 				  	 	 	   	  	     	 		   	 		    				   	   		    	  		    	 	 	 	 					 	       				   		 	 	 		 		 		    		   		   	  	   	  	 	    			   	   	 		  	   	 		  	   	   			   	2
g 3 2 1
m 1 1 0
m1 0 0
m 2 3 2
p
m3 2 4
f 3
	m1	 3 
3
b 1
m 2 3 3

