B 5 4 4 4
m 1 2 0
m2 2 10
m 2 0 1
p
m 3 0 0
m3	 4  0
m 4 2 2
m1 2 0
 m613 8027603 4 0
q 1
p
m 2 0 3
m 2 4 1
13 m 1
m 4 2 1
m1 0 3
m 1 1 3
m 2 3 2
m 3 0 3
m 3 3 1
b 3
f 3
m 4 3 3
m 4 1 0
m 2 0 3
m2 3 2
m 3 3 2
m 4 2 0
m 4 0 0
m1 2 0
m2 2 9
m 2 3 2
g 2 0 4
m3 6238043165 4
m3 0 4
q 3
m 4 2 1
m 4 1 0
m 1 2 4
m 1 4 1
m 2 2 3

m
2 2 
m 3 3 2
m 4 2 1
f 1
m 2 2 1
m 3 2 1
m 4 0 3
m 4 3 2
b7373Ñ0837(
33
f 4
m3 0 1
m1 2 0
m 2 3 4
m3 3 2
m4 2 1
m 1 3 2
m 1 3 1
m 2 0 1
m 3 4 3
m 3 3 3
m 4 2 4
m
-
7   		 	  0   		 	  0
m 1 3 0
m1 1 0
m 2 2 4
m3 0 1
b 3
m 4 2 1
m4 t  Ä21

