B 5 3 2 14
m1  2
m 2 1 1
m 1 4 0
m 1 2 1
m2 1 4
m 2 3 2
m 1 1 3
m 1 3 0
m 2 1 0
m2 	 	 	    	 	    	 	  			 		 		 	 	  		  			 		  		  			    					 			 	 				 	 	 		    	  		 	  	                  	 		  		  			   			  	  		    			   	  			    		 			 	 		 			 			 		   			 	 			  	  		    	 	   	  			   	     		  	  	  	 		 	 	      	      		       		 		     	       		 	 	     	 	 	   	  	     	  	     		 	           	   	 			  	  				   	  		      								  		    	  	 			  		  	 	       	 	    		 	    					  				   			   		    	       		   	 		 	   	 			 	   		   	 	 	  							 		  		  		 	  	 	 	 	   						 	  		 	 	 	 	  		  	 						    	  						    	 		       				 	 						  		 					 		 			 		   			     	     	 		    	 					   		 					 	 			  	 			 		 	 	 	 		 	   						 		 	 	   	  	   			     	  	   	     					  	     	      			 		 				  			 	  	 		 	 	 	   		   	   	   		   	 			 		 		 				  			 	   		        			    	 		 				   	 	  		  	  	    	    	   		  		 	 	  	  		  	  		 				   	  		  		 						 		   	 	 	  	 			 	   		  		   	   		 	 	 	 		  	 	 			  		  	   	 		 		 	  		  	 		 		  	 	 	 	  	      		 	   	 	  			    		 	 	 	   	 					 		      	    	 					 		  	 		 	 	   	    		   				 	   	 	  	      			 		    	 	 		 	  	  					  		    				 			   				  	     			  				 	 	 	 		   	    	 		 			 			  			 		  		 		     		 	   				 	   		  	 		   							  				 	 	  	 	  		 			  	 	     		 	    	   	 	  	  				 			 	  			    	 		  	 	     	 		 	 			          			 	     	 	 				 	 	 					  		   				  					  		 		 	  		 							 						  	 	 	   	   	  	 		  		 	 		 					 	 			 				  			 		 		 		       		 	 	 	 		 					 	 							 	 	 			  	 	  		  		 						 	 	   			  					 			 		  	 	 	     		 	 	 	 		  				 		    	 		 	     				   			  	 	 	   		 					 			  	  			        	 	   	  		   			  	  		   					 	    	  				       			  				  		  				 	   	 	 	    		  				 	  	            	  	    				  	    		  			  							  				  			 			 	  				   		 		  	   	  			  			  	 	 	 			 			 	  	  	 	 			  				  			 	 	 	 	  					 			      				 					 	 	 	 	 					       				 	 		  				   	     	  		 				  				 	 			    	    	      	  			 		 					 	   				 			 	 	    	 		 		 	  	   		 				 	   		  	 	 		 	   	 	       			 	  		   			  		  	   	 		 		   				  	  	  		 		 							 	   		 	 	 	   	 	  	  	  	 	  				  		 			 	    	   	    	 	     			    				 		  	 				 			 	 	   	    		 		    	  	 				 	 	 			 	 		   				  			 	  	  	 						  		 				 	    			 	 	 	 	  					 	 	 		   		 		  	 							  	  			 		 						  			  	 		  	  		 	 	 		 	  	  	 	    	 			   			 	     	 	   	  			 		 		 		 	   			  	 	 	 		 				    	 			 		 			 	 					 	  				 	  		 			   			  	 			  			 		 	 	  				 		 	 	 				  		    	  	 	 		 	 	 			  	 	     		 				      			 	 	    				     		   			 			 	 		  		 	    			 	 	 	 	     	 		  				 									 	 						   	 		  	 	  		 		  		 	 	  	       	  	    			  								 		 	   	   		    				   	  	 				  	  		 		 		     			 	  		  		  	  	  	  			  	   					 					 	 		  		 	  		  	 		 			 			 	 			  	 	 			 	 			  				 		    	     		  		 	      			   	     	  			   	   	  				  					  				 	       			   							   		   	 		     	  						 	 	 	 		 	   	    		 	 		 	 	 					  					 			  	  	 								  	 	 			 	 				  		 			  					    	   	  		  		 	 		 			 	  	  		       		 							     	 			 			 	 		    	  	 			 	   		 	 		  		       	 	  	  	 		  	  					 	 			 	  	   	 			  	 				    		  		 	  		 	 		 	 	     		   		     	   	  	     	 	 		   			  	   		 					 			 	    			 	 					 							 	    	 	 				 			 	   	 	 	 	 	 		 	 			    	    	   		   	 		 	 		 	    	   	 			  	  		 		 	 	  	    	     				 	 	  		 	   	   					 			  	 					 		  	 	 	 	       	 			   			 	 	 			 	        			 	 				 					 	 		 	    	   			 		 					 	  	  	 1 	 	 	    	 	    	 	  			 		 		 	 	  		  			 		  		  			    					 			 	 				 	 	 		    	  		 	  	                  	 		  		  			   			  	  		    			   	  			    		 			 	 		 			 			 		   			 	 			  	  		    	 	   	  			   	     		  	  	  	 		 	 	      	      		       		 		     	       		 	 	     	 	 	   	  	     	  	     		 	           	   	 			  	  				   	  		      								  		    	  	 			  		  	 	       	 	    		 	    					  				   			   		    	       		   	 		 	   	 			 	   		   	 	 	  							 		  		  		 	  	 	 	 	   						 	  		 	 	 	 	  		  	 						    	  						    	 		       				 	 						  		 					 		 			 		   			     	     	 		    	 					   		 					 	 			  	 			 		 	 	 	 		 	   						 		 	 	   	  	   			     	  	   	     					  	     	      			 		 				  			 	  	 		 	 	 	   		   	   	   		   	 			 		 		 				  			 	   		        			    	 		 				   	 	  		  	  	    	    	   		  		 	 	  	  		  	  		 				   	  		  		 						 		   	 	 	  	 			 	   		  		   	   		 	 	 	 		  	 	 			  		  	   	 		 		 	  		  	 		 		  	 	 	 	  	      		 	   	 	  			    		 	 	 	   	 					 		      	    	 					 		  	 		 	 	   	    		   				 	   	 	  	      			 		    	 	 		 	  	  					  		    				 			   				  	     			  				 	 	 	 		   	    	 		 			 			  			 		  		 		     		 	   				 	   		  	 		   							  				 	 	  	 	  		 			  	 	     		 	    	   	 	  	  				 			 	  			    	 		  	 	     	 		 	 			          			 	     	 	 				 	 	 					  		   				  					  		 		 	  		 							 						  	 	 	   	   	  	 		  		 	 		 					 	 			 				  			 		 		 		       		 	 	 	 		 					 	 							 	 	 			  	 	  		  		 						 	 	   			  					 			 		  	 	 	     		 	 	 	 		  				 		    	 		 	     				   			  	 	 	   		 					 			  	  			        	 	   	  		   			  	  		   					 	    	  				       			  				  		  				 	   	 	 	    		  				 	  	            	  	    				  	    		  			  							  				  			 			 	  				   		 		  	   	  			  			  	 	 	 			 			 	  	  	 	 			  				  			 	 	 	 	  					 			      				 					 	 	 	 	 					       				 	 		  				   	     	  		 				  				 	 			    	    	      	  			 		 					 	   				 			 	 	    	 		 		 	  	   		 				 	   		  	 	 		 	   	 	       			 	  		   			  		  	   	 		 		   				  	  	  		 		 							 	   		 	 	 	   	 	  	  	  	 	  				  		 			 	    	   	    	 	     			    				 		  	 				 			 	 	   	    		 		    	  	 				 	 	 			 	 		   				  			 	  	  	 						  		 				 	    			 	 	 	 	  					 	 	 		   		 		  	 							  	  			 		 						  			  	 		  	  		 	 	 		 	  	  	 	    	 			   			 	     	 	   	  			 		 		 		 	   			  	 	 	 		 				    	 			 		 			 	 					 	  				 	  		 			   			  	 			  			 		 	 	  				 		 	 	 				  		    	  	 	 		 	 	 			  	 	     		 				      			 	 	    				     		   			 			 	 		  		 	    			 	 	 	 	     	 		  				 									 	 						   	 		  	 	  		 		  		 	 	  	       	  	    			  								 		 	   	   		    				   	  	 				  	  		 		 		     			 	  		  		  	  	  	  			  	   					 					 	 		  		 	  		  	 		 			 			 	 			  	 	 			 	 			  				 		    	     		  		 	      			   	     	  			   	   	  				  					  				 	       			   							   		   	 		     	  						 	 	 	 		 	   	    		 	 		 	 	 					  					 			  	  	 								  	 	 			 	 				  		 			  					    	   	  		  		 	 		 			 	  	  		       		 							     	 			 			 	 		    	  	 			 	   		 	 		  		       	 	  	  	 		  	  					 	 			 	  	   	 			  	 				    		  		 	  		 	 		 	 	     		   		     	   	  	     	 	 		   			  	   		 					 			 	    			 	 					 							 	    	 	 				 			 	   	 	 	 	 	 		 	 			    	    	   		   	 		 	 		 	    	   	 			  	  		 		 	 	  	    	     				 	 	  		 	   	   					 			  	 					 		  	 	 	 	       	 			   			 	 	 			 	        			 	 				 					 	 		 	    	   			 		 					 	  	  	 0
m 1 0 0
m 	2 
0
m 2 2 1
m 1 1 3
m 2 4 2
b2
m 1 1 0
m 1 3 1
g 1 1 1
m 2 1 0
m 2 3 2
m 1 0 1
b 1
m2
	 1 -	2
m 1 2 0
m 2 2 1
	 	  		 		 			 	 								 	 	  	     	 			 			   		 	   	 			 			    	 	 		 		 		    	  	 	 						 			   	 	    		 						  		 	   		 	  			     	   	 		 	  	 		   		 	  			 					 		   	 		  			 		  						  	   	 	    	 	      	 	 			     	         		   		 	 				    						  						 				 	     	 	  		    		   	 	 	  		  	 	 		 			 		 		  				 	    		 	  	 	  			 			  		  		  			 	 			 					  	 		   	 			 	  	 	    		 	 		  					 		 				 	 		 			  	  	 			 	 	 	  				   	   	   		 		  	  					 	 	 	     	  	     		 			  					   	 			 		 		  				 	 		  		 					 		  			 		  	  						 				  					  		  	 		   		  	  	 	   	  	    			  	  	 		 	 	 	 	    	   		   	  		    	  	 			   				  	  	  			  	  			   	  			 			    			   		 								    	 			  	 			   		 	  	 		 	 	      	    				 		 					 	 			   	  	     		  			 			    		  		  	  			    	  		  			  	   	 		 	 			    		 	 	  	  	 	   				 	 		 		  	  	 	  	 	  		 			  	  	  									 	   				 	 	 			  		 			   		     	       						  	 		    	  	    				      					  				 	   			   	 		  	 	    	 			  	  		  	 	      			  		      	 	 		   	     	   	 	 		   		  	 			 	  				 			  	 	 	 	 	  							 		  	 	 	 	  	  											  	   		 	    	   		  	 			   	 	 		  				  			  	   		   			 		    			 	  	   	 				 					  	    	  				 		 		 						 				      		      		   			    			 	 	 		 	   	  	   			  		  				 	 	 			   		  				 	   		  		   				 			   	  	   	   			 				 	 	 				 		 		    					 	     		   		 			 	   	 	 			 	  		 					 	  	 	   				 		  	 	 		 	 	     		  		      		  	     			 	   	  	  			  		  	 	 			  	 		 	    	  	 			 			 	 	 	   	 		  		 		 	 	   	 		 	 		  	 	  		 		     	 	       		  	 						  	 				 		  					      	 		    	   	 		  	   		 	 		 			  		   	 	 			 			 			 		 				 	   				    	 	 			     			    		      	 	  	 			  				 			  	  				    		  		  				 			 	  	  	 	  			 		 	 	 	 		   		  				 	  				 			 		 	  					    		  	  	 		 	 				  		   	  		 	  	   	   		    		  			  	 	 			 	  	 	 		  	 	   			 			  	  						 			   					 			 	 			 	   	 	    	  	      		  	 	 								  	 				 	 			 	 	   			    	 	 	 	  	 	 		      	  	   	 	 			 	  	  			 	 		 	  			 	 					 				 			  			 	 		 		  	 	 	 	 			    	 	  	     			 	 	 	 	 	   		  	    					 	  	 	 	 		  		 	   	   					 	  	 			  	  		 			 				    	 		  	 			     		 		    	 	  	  	 	 					 	  					 	  		   				  		   			  	   	  					   	 	 		  	 			 	 	   		 			 	             				 			 	 			     		 	 	    			 		 	  		    	 		  		  	 	    			  				  		   					 	  	  			  		   	 	 	 							    	  	 	  			 			 		 	 	   		 					 		    		    	 				 	 	  	           		  		   				 			 	    	   		   	 		 					     	   	 	 	     			      		 		   	  							 	   	 	 	 	 			   	  		 		  		  	   	 	   		   		 		 			 			 				    	 	   		   	 	 				 	  	  	 	  						  	  	  	 	    				  	 		 		 				  		 	 	    	  		   			  						  	 	 	 		 	  			 			 	   	 		  			      		 	      	 		 			 		   		  		 		         	 	 	  	   			   				    		 	  	    			 			 	  			 	 	 	  	 	 	 	 	 		 		 		 	 	  	  	 		  	   	 	  	  	  	  		 		 	   	 		 	 			 		  			  		  	 		      		     		  		  	  	   	  		 		  	  	 	 		    		  	 	  	 			  					 	 			 	 	 	 	 		  				 	 		   	  			 		 	   		   	  		    	   		   		 			 	   			 	    		    	 	    			   		 					    	         		  	  		 							 		  			 		  	     	  	 	 	  					 		 		 		 	  	 		  	  	 		 	   	     							   	   	 					 			 	  				   					 	 	       				  		  		  	   	 			 			  	   	 		 				  	 	     		    							 		    	    	 		  		 	 			 	 		 		  	 	  		   	 		   	 			 	   	 	   	       		      	   	 		    				  	  		  	 				   		 		  						 	 		 	  	  	  	  		  	   				  			 			  	 		 		 		 		 	 	  		 				 		  	 	  	 	  		   	  	  			   	  						 		  				 			     			  		  				 	 			    		   		 	 	 				   	 	      		   			 		 	 	 			  		 		 	  	  	 		  						  	 	      			    	 		  			 				 		  	 	  	 	  	  	 	 					  		 	  			   	  	 	  	 		  		  		 		   	  		   			 				 	     	 	  				 	 	   	 	 	  	 	  	    		  		    	 	 	 	 		   		 		  			   	 	 		  		   	 				     	  		 		  	 	   	 	  	  			   	  		 		 		 			 		 						 	  							    		 	 		 		    				 	 		 			  	   	 			   	 		  			    	 				  	    		  	 	 	    			  	 				    			 	  		   	 	   	 	  	 	     		  	   	 	   						  	 	 			  		  		  		  					 	 		    	  	 		     		 			  	      	  				    	 		 	 		  		 			    					 	 	 	 	 	 	 							 		 		 				 		 					  		      		  	 						 	  	  	  	   		 	  	  						  	  			 	     	  					   		      			 			  	       		 		 	      				 	 	 			 						 	 		 	  	  		 	  		       	      				    	  		  		 					 					 		   					 					  	 	     			  	   		 		   			 				 	 	  	 			  		 	 		  	 					 	  	 	 	   		  	  		 			 				   	 	 	  	  	  	 		  			 	  		 		 			 	 								 	 	  	     	 			 			   		 	   	 			 			    	 	 		 		 		    	  	 	 						 			   	 	    		 						  		 	   		 	  			     	   	 		 	  	 		   		 	  			 					 		   	 		  			 		  						  	   	 	    	 	      	 	 			     	         		   		 	 				    						  						 				 	     	 	  		    		   	 	 	  		  	 	 		 			 		 		  				 	    		 	  	 	  			 			  		  		  			 	 			 					  	 		   	 			 	  	 	    		 	 		  					 		 				 	 		 			  	  	 			 	 	 	  				   	   	   		 		  	  					 	 	 	     	  	     		 			  					   	 			 		 		  				 	 		  		 					 		  			 		  	  						 				  					  		  	 		   		  	  	 	   	  	    			  	  	 		 	 	 	 	    	   		   	  		    	  	 			   				  	  	  			  	  			   	  			 			    			   		 								    	 			  	 			   		 	  	 		 	 	      	    				 		 					 	 			   	  	     		  			 			    		  		  	  			    	  		  			  	   	 		 	 			    		 	 	  	  	 	   				 	 		 		  	  	 	  	 	  		 			  	  	  									 	   				 	 	 			  		 			   		     	       						  	 		    	  	    				      					  				 	   			   	 		  	 	    	 			  	  		  	 	      			  		      	 	 		   	     	   	 	 		   		  	 			 	  				 			  	 	 	 	 	  							 		  	 	 	 	  	  											  	   		 	    	   		  	 			   	 	 		  				  			  	   		   			 		    			 	  	   	 				 					  	    	  				 		 		 						 				      		      		   			    			 	 	 		 	   	  	   			  		  				 	 	 			   		  				 	   		  		   				 			   	  	   	   			 				 	 	 				 		 		    					 	     		   		 			 	   	 	 			 	  		 					 	  	 	   				 		  	 	 		 	 	     		  		      		  	     			 	   	  	  			  		  	 	 			  	 		 	    	  	 			 			 	 	 	   	 		  		 		 	 	   	 		 	 		  	 	  		 		     	 	       		  	 						  	 				 		  					      	 		    	   	 		  	   		 	 		 			  		   	 	 			 			 			 		 				 	   				    	 	 			     			    		      	 	  	 			  				 			  	  				    		  		  				 			 	  	  	 	  			 		 	 	 	 		   		  				 	  				 			 		 	  					    		  	  	 		 	 				  		   	  		 	  	   	   		    		  			  	 	 			 	  	 	 		  	 	   			 			  	  						 			   					 			 	 			 	   	 	    	  	      		  	 	 								  	 				 	 			 	 	   			    	 	 	 	  	 	 		      	  	   	 	 			 	  	  			 	 		 	  			 	 					 				 			  			 	 		 		  	 	 	 	 			    	 	  	     			 	 	 	 	 	   		  	    					 	  	 	 	 		  		 	   	   					 	  	 			  	  		 			 				    	 		  	 			     		 		    	 	  	  	 	 					 	  					 	  		   				  		   			  	   	  					   	 	 		  	 			 	 	   		 			 	             				 			 	 			     		 	 	    			 		 	  		    	 		  		  	 	    			  				  		   					 	  	  			  		   	 	 	 							    	  	 	  			 			 		 	 	   		 					 		    		    	 				 	 	  	           		  		   				 			 	    	   		   	 		 					     	   	 	 	     			      		 		   	  							 	   	 	 	 	 			   	  		 		  		  	   	 	   		   		 		 			 			 				    	 	   		   	 	 				 	  	  	 	  						  	  	  	 	    				  	 		 		 				  		 	 	    	  		   			  						  	 	 	 		 	  			 			 	   	 		  			      		 	      	 		 			 		   		  		 		         	 	 	  	   			   				    		 	  	    			 			 	  			 	 	 	  	 	 	 	 	 		 		 		 	 	  	  	 		  	   	 	  	  	  	  		 		 	   	 		 	 			 		  			  		  	 		      		     		  		  	  	   	  		 		  	  	 	 		    		  	 	  	 			  					 	 			 	 	 	 	 		  				 	 		   	  			 		 	   		   	  		    	   		   		 			 	   			 	    		    	 	    			   		 					    	         		  	  		 							 		  			 		  	     	  	 	 	  					 		 		 		 	  	 		  	  	 		 	   	     							   	   	 					 			 	  				   					 	 	       				  		  		  	   	 			 			  	   	 		 				  	 	     		    							 		    	    	 		  		 	 			 	 		 		  	 	  		   	 		   	 			 	   	 	   	       		      	   	 		    				  	  		  	 				   		 		  						 	 		 	  	  	  	  		  	   				  			 			  	 		 		 		 		 	 	  		 				 		  	 	  	 	  		   	  	  			   	  						 		  				 			     			  		  				 	 			    		   		 	 	 				   	 	      		   			 		 	 	 			  		 		 	  	  	 		  						  	 	      			    	 		  			 				 		  	 	  	 	  	  	 	 					  		 	  			   	  	 	  	 		  		  		 		   	  		   			 				 	     	 	  				 	 	   	 	 	  	 	  	    		  		    	 	 	 	 		   		 		  			   	 	 		  		   	 				     	  		 		  	 	   	 	  	  			   	  		 		 		 			 		 						 	  							    		 	 		 		    				 	 		 			  	   	 			   	 		  			    	 				  	    		  	 	 	    			  	 				    			 	  		   	 	   	 	  	 	     		  	   	 	   						  	 	 			  		  		  		  					 	 		    	  	 		     		 			  	      	  				    	 		 	 		  		 			    					 	 	 	 	 	 	 							 		 		 				 		 					  		      		  	 						 	  	  	  	   		 	  	  						  	  			 	     	  					   		      			 			  	       		 		 	      				 	 	 			 						 	 		 	  	  		 	  		       	      				    	  		  		 					 					 		   					 					  	 	     			  	   		 		   			 				 	 	  	 			  		 	 		  	 					 	  	 	 	   		  	  		 			 				   	 	 	  	  	  	 		  		m2	 	  		 		 			 	 								 	 	  	     	 			 			   		 	   	 			 			    	 	 		 		 		    	  	 	 						 			   	 	    		 						  		 	   		 	  			     	   	 		 	  	 		   		 	  			 					 		   	 		  			 		  						  	   	 	    	 	      	 	 			     	         		   		 	 				    						  						 				 	     	 	  		    		   	 	 	  		  	 	 		 			 		 		  				 	    		 	  	 	  			 			  		  		  			 	 			 					  	 		   	 			 	  	 	    		 	 		  					 		 				 	 		 			  	  	 			 	 	 	  				   	   	   		 		  	  					 	 	 	     	  	     		 			  					   	 			 		 		  				 	 		  		 					 		  			 		  	  						 				  					  		  	 		   		  	  	 	   	  	    			  	  	 		 	 	 	 	    	   		   	  		    	  	 			   				  	  	  			  	  			   	  			 			    			   		 								    	 			  	 			   		 	  	 		 	 	      	    				 		 					 	 			   	  	     		  			 			    		  		  	  			    	  		  			  	   	 		 	 			    		 	 	  	  	 	   				 	 		 		  	  	 	  	 	  		 			  	  	  									 	   				 	 	 			  		 			   		     	       						  	 		    	  	    				      					  				 	   			   	 		  	 	    	 			  	  		  	 	      			  		      	 	 		   	     	   	 	 		   		  	 			 	  				 			  	 	 	 	 	  							 		  	 	 	 	  	  											  	   		 	    	   		  	 			   	 	 		  				  			  	   		   			 		    			 	  	   	 				 					  	    	  				 		 		 						 				      		      		   			    			 	 	 		 	   	  	   			  		  				 	 	 			   		  				 	   		  		   				 			   	  	   	   			 				 	 	 				 		 		    					 	     		   		 			 	   	 	 			 	  		 					 	  	 	   				 		  	 	 		 	 	     		  		      		  	     			 	   	  	  			  		  	 	 			  	 		 	    	  	 			 			 	 	 	   	 		  		 		 	 	   	 		 	 		  	 	  		 		     	 	       		  	 						  	 				 		  					      	 		    	   	 		  	   		 	 		 			  		   	 	 			 			 			 		 				 	   				    	 	 			     			    		      	 	  	 			  				 			  	  				    		  		  				 			 	  	  	 	  			 		 	 	 	 		   		  				 	  				 			 		 	  					    		  	  	 		 	 				  		   	  		 	  	   	   		    		  			  	 	 			 	  	 	 		  	 	   			 			  	  						 			   					 			 	 			 	   	 	    	  	      		  	 	 								  	 				 	 			 	 	   			    	 	 	 	  	 	 		      	  	   	 	 			 	  	  			 	 		 	  			 	 					 				 			  			 	 		 		  	 	 	 	 			    	 	  	     			 	 	 	 	 	   		  	    					 	  	 	 	 		  		 	   	   					 	  	 			  	  		 			 				    	 		  	 			     		 		    	 	  	  	 	 					 	  					 	  		   				  		   			  	   	  					   	 	 		  	 			 	 	   		 			 	             				 			 	 			     		 	 	    			 		 	  		    	 		  		  	 	    			  				  		   					 	  	  			  		   	 	 	 							    	  	 	  			 			 		 	 	   		 					 		    		    	 				 	 	  	           		  		   				 			 	    	   		   	 		 					     	   	 	 	     			      		 		   	  							 	   	 	 	 	 			   	  		 		  		  	   	 	   		   		 		 			 			 				    	 	   		   	 	 				 	  	  	 	  						  	  	  	 	    				  	 		 		 				  		 	 	    	  		   			  						  	 	 	 		 	  			 			 	   	 		  			      		 	      	 		 			 		   		  		 		         	 	 	  	   			   				    		 	  	    			 			 	  			 	 	 	  	 	 	 	 	 		 		 		 	 	  	  	 		  	   	 	  	  	  	  		 		 	   	 		 	 			 		  			  		  	 		      		     		  		  	  	   	  		 		  	  	 	 		    		  	 	  	 			  					 	 			 	 	 	 	 		  				 	 		   	  			 		 	   		   	  		    	   		   		 			 	   			 	    		    	 	    			   		 					    	         		  	  		 							 		  			 		  	     	  	 	 	  					 		 		 		 	  	 		  	  	 		 	   	     							   	   	 					 			 	  				   					 	 	       				  		  		  	   	 			 			  	   	 		 				  	 	     		    							 		    	    	 		  		 	 			 	 		 		  	 	  		   	 		   	 			 	   	 	   	       		      	   	 		    				  	  		  	 				   		 		  						 	 		 	  	  	  	  		  	   				  			 			  	 		 		 		 		 	 	  		 				 		  	 	  	 	  		   	  	  			   	  						 		  				 			     			  		  				 	 			    		   		 	 	 				   	 	      		   			 		 	 	 			  		 		 	  	  	 		  						  	 	      			    	 		  			 				 		  	 	  	 	  	  	 	 					  		 	  			   	  	 	  	 		  		  		 		   	  		   			 				 	     	 	  				 	 	   	 	 	  	 	  	    		  		    	 	 	 	 		   		 		  			   	 	 		  		   	 				     	  		 		  	 	   	 	  	  			   	  		 		 		 			 		 						 	  							    		 	 		 		    				 	 		 			  	   	 			   	 		  			    	 				  	    		  	 	 	    			  	 				    			 	  		   	 	   	 	  	 	     		  	   	 	   						  	 	 			  		  		  		  					 	 		    	  	 		     		 			  	      	  				    	 		 	 		  		 			    					 	 	 	 	 	 	 							 		 		 				 		 					  		      		  	 						 	  	  	  	   		 	  	  						  	  			 	     	  					   		      			 			  	       		 		 	      				 	 	 			 						 	 		 	  	  		 	  		       	      				    	  		  		 					 					 		   					 					  	 	     			  	   		 		   			 				 	 	  	 			  		 	 		  	 					 	  	 	 	   		  	  		 			 				   	 	 	  	  	  	 		  		1	 	  		 		 			 	 								 	 	  	     	 			 			   		 	   	 			 			    	 	 		 		 		    	  	 	 						 			   	 	    		 						  		 	   		 	  			     	   	 		 	  	 		   		 	  			 					 		   	 		  			 		  						  	   	 	    	 	      	 	 			     	         		   		 	 				    						  						 				 	     	 	  		    		   	 	 	  		  	 	 		 			 		 		  				 	    		 	  	 	  			 			  		  		  			 	 			 					  	 		   	 			 	  	 	    		 	 		  					 		 				 	 		 			  	  	 			 	 	 	  				   	   	   		 		  	  					 	 	 	     	  	     		 			  					   	 			 		 		  				 	 		  		 					 		  			 		  	  						 				  					  		  	 		   		  	  	 	   	  	    			  	  	 		 	 	 	 	    	   		   	  		    	  	 			   				  	  	  			  	  			   	  			 			    			   		 								    	 			  	 			   		 	  	 		 	 	      	    				 		 					 	 			   	  	     		  			 			    		  		  	  			    	  		  			  	   	 		 	 			    		 	 	  	  	 	   				 	 		 		  	  	 	  	 	  		 			  	  	  									 	   				 	 	 			  		 			   		     	       						  	 		    	  	    				      					  				 	   			   	 		  	 	    	 			  	  		  	 	      			  		      	 	 		   	     	   	 	 		   		  	 			 	  				 			  	 	 	 	 	  							 		  	 	 	 	  	  											  	   		 	    	   		  	 			   	 	 		  				  			  	   		   			 		    			 	  	   	 				 					  	    	  				 		 		 						 				      		      		   			    			 	 	 		 	   	  	   			  		  				 	 	 			   		  				 	   		  		   				 			   	  	   	   			 				 	 	 				 		 		    					 	     		   		 			 	   	 	 			 	  		 					 	  	 	   				 		  	 	 		 	 	     		  		      		  	     			 	   	  	  			  		  	 	 			  	 		 	    	  	 			 			 	 	 	   	 		  		 		 	 	   	 		 	 		  	 	  		 		     	 	       		  	 						  	 				 		  					      	 		    	   	 		  	   		 	 		 			  		   	 	 			 			 			 		 				 	   				    	 	 			     			    		      	 	  	 			  				 			  	  				    		  		  				 			 	  	  	 	  			 		 	 	 	 		   		  				 	  				 			 		 	  					    		  	  	 		 	 				  		   	  		 	  	   	   		    		  			  	 	 			 	  	 	 		  	 	   			 			  	  						 			   					 			 	 			 	   	 	    	  	      		  	 	 								  	 				 	 			 	 	   			    	 	 	 	  	 	 		      	  	   	 	 			 	  	  			 	 		 	  			 	 					 				 			  			 	 		 		  	 	 	 	 			    	 	  	     			 	 	 	 	 	   		  	    					 	  	 	 	 		  		 	   	   					 	  	 			  	  		 			 				    	 		  	 			     		 		    	 	  	  	 	 					 	  					 	  		   				  		   			  	   	  					   	 	 		  	 			 	 	   		 			 	             				 			 	 			     		 	 	    			 		 	  		    	 		  		  	 	    			  				  		   					 	  	  			  		   	 	 	 							    	  	 	  			 			 		 	 	   		 					 		    		    	 				 	 	  	           		  		   				 			 	    	   		   	 		 					     	   	 	 	     			      		 		   	  							 	   	 	 	 	 			   	  		 		  		  	   	 	   		   		 		 			 			 				    	 	   		   	 	 				 	  	  	 	  						  	  	  	 	    				  	 		 		 				  		 	 	    	  		   			  						  	 	 	 		 	  			 			 	   	 		  			      		 	      	 		 			 		   		  		 		         	 	 	  	   			   				    		 	  	    			 			 	  			 	 	 	  	 	 	 	 	 		 		 		 	 	  	  	 		  	   	 	  	  	  	  		 		 	   	 		 	 			 		  			  		  	 		      		     		  		  	  	   	  		 		  	  	 	 		    		  	 	  	 			  					 	 			 	 	 	 	 		  				 	 		   	  			 		 	   		   	  		    	   		   		 			 	   			 	    		    	 	    			   		 					    	         		  	  		 							 		  			 		  	     	  	 	 	  					 		 		 		 	  	 		  	  	 		 	   	     							   	   	 					 			 	  				   					 	 	       				  		  		  	   	 			 			  	   	 		 				  	 	     		    							 		    	    	 		  		 	 			 	 		 		  	 	  		   	 		   	 			 	   	 	   	       		      	   	 		    				  	  		  	 				   		 		  						 	 		 	  	  	  	  		  	   				  			 			  	 		 		 		 		 	 	  		 				 		  	 	  	 	  		   	  	  			   	  						 		  				 			     			  		  				 	 			    		   		 	 	 				   	 	      		   			 		 	 	 			  		 		 	  	  	 		  						  	 	      			    	 		  			 				 		  	 	  	 	  	  	 	 					  		 	  			   	  	 	  	 		  		  		 		   	  		   			 				 	     	 	  				 	 	   	 	 	  	 	  	    		  		    	 	 	 	 		   		 		  			   	 	 		  		   	 				     	  		 		  	 	   	 	  	  			   	  		 		 		 			 		 						 	  							    		 	 		 		    				 	 		 			  	   	 			   	 		  			    	 				  	    		  	 	 	    			  	 				    			 	  		   	 	   	 	  	 	     		  	   	 	   						  	 	 			  		  		  		  					 	 		    	  	 		     		 			  	      	  				    	 		 	 		  		 			    					 	 	 	 	 	 	 							 		 		 				 		 					  		      		  	 						 	  	  	  	   		 	  	  						  	  			 	     	  					   		      			 			  	       		 		 	      				 	 	 			 						 	 		 	  	  		 	  		       	      				    	  		  		 					 					 		   					 					  	 	     			  	   		 		   			 				 	 	  	 			  		 	 		  	 					 	  	 	 	   		  	  		 			 				   	 	 	  	  	  	 		  		-9
m 1 0 0
m 1 2 0
q 1
m2 0 3668064552
m 2 2 1
 m1	 4 1
m 2   1
m 2 3 0
m1 		 	2 		 	0
m 1 4 2
m2 2 0
m1 -5 1
m1 3 0
g 1 2 4
m29 2 0
m 1 2 1
m-8 3 0
	 f-1
m 2 2 0
g 2 1 1
m 1 2 1
m 2 2 0
m 2 0 2
m 1 2 1
b 1
m 2 2 
m 2 0 1

