B 4 5 4 1
m3 	   		2 	   		0
m 2 1 2
m 3 3 0
p
m 4 1 2
m 4 3 3
m1 
2559317244 2
m 2 4 0
m 3 4 3
m 3 2 3
m 4 2 2
m 1 3 2
b 1
g 1 3 3
m 2 3 1
m 3 4 0
 q
m 4 2 3
m 4 2 2
b 4
m1  0    4
m1 1 2
m 2 1 3
m 2 1 4
m 3 1 1
m 3 3 3
m 4 0 1
q 4
m 1 1 1
m2 3 6287915007
p
m 3 0 1
m 4 3 3
4 1 2
m1 85
1348882	6 2
2 0 0
m3 1 3
m 3 2 3
m4 2 
 m5097648071 4 	1
p
m 1 0 1
m 1 2 3
m 2 4 3
f 2
m 3 4 3
m 3 0 2
m 4 2 2
m 4 0 1
m 1 2 3
m 1 2 1
m 2 0 0
m 3 2 3
Ff3
m4 1 1
4q
p
m1 
  2 0
m 3 0 3
p
m 2 2 3
2b
m7725-2533 1 65
m 3 0 2
q-7
m4  0  0
b 4
m 1 0 2
f-1
g 1 4 1
m 2 3 2
m 3 4 0
m 3 3 1
m1 4 0

