B 5 5 2 9
m 1 4 2
m 2 1 1

m	2 3	 1
f
g 2 2 4
m 1 2 3
m 2 3 3
m 1 2 3
f1
m
1 2 2
m 1 3 0
f 1
m2 4 2
b 2
f 2
m 1 3 0
m 1 2 4
m2  2 8192225601
m 1 0 1
p
m2
 0 
2
m 2 1 1
q	1
m 2 1 4
m2 ×1 3
m 1 2 3
m2 2 2
f 2
		q2
m 1 2 3
m1 2 	1
m 2 3 1
m 1 1 1
2 3 3
p
m 1 1 4
m 1 3 4
m 2 2 1
m 2 2 3
m 1 1 4
f 1
g 1 3 1
m 2 2 1
f 2
m 1 0 4
m 1 3 3
f 1
m 2 3 4
m 1 2 3
m 1 3 0
b 1
m0 2 0
m 2 3 4
b 2
m 1 3 3
m 1 4 3
m 2 3 4
f 2
g 2 0 3
m 1 3 0
m 1 2 4
m 1 4 4
g 1 4 1
m 2 3 0
m 2 3 1
m 1 1 0
m2 0
 
33 62670732
m2	 
30
m 1 3 0
m 2 3 3
m 1 0 3
m 1 2 4
m 2 2 3
m 2 3 3
f 2
m1 0 3
f 1
m 2 1 4
m 1 3 1
m 2 2 1
m 1 0 2
m1 3 0
g 1 3 3
m 2 0 4
m 1 0 0
m1 3 0
	m 2	 1
m 1 0 4
m 2 1 1
m 2 0 0

