B 4 5 4 5
m 1 1 0
m 2 1 2
m2 2 0
m 3 1 4
m3 2 4
m4 1 -1
m 1 1 2
f1
m20 3
m34 0
m 3 2 3
g 3 2 1
m 4 0 4
m 1 0 3
m 1 1 1
m0 2 2
m 2 1 3
m 3 0 1
m 3 1 2
m4 
	3
 3
m 4 2 3
m1
 2 
2
f 1
m 2 3 1
m 2 3 1
m 1 4 3
m 1 0 2
m2 2 -8

 m2 	3 1
m3 7513071671 0
p
m1 4 3
m4400364
 		  	
755 		  	1 		  	2
m2 3 3
m 3 3 2
m 4 2 4
m 4 3 0
q 4
g2575951252 1 1
m 2 1 2
m2 0 1
m3 4 3
m 3 2 0
m4				    	1				    	3
m 1 4 3
m 2 1 2
m 2 2 1
qรฐ2
m	3 4 3
m 3 3 4
m4 57 462415
1 2
m 4 3 4
m1 0 2
m 1 3 2
m 2 2 2
m4 4853840776 0
m 1 0 4
m1 0 0
m 2 1 2
m 2 3 3
m4 1 0

