B 5 4 3 5
m 1 0 1
m 1 3 3
m 2 3 0
m 2 1 3
m 3 0 2
b 3
m 1 3 0
m 1 2 1
m 2 0 0
m 2 2 0
m 3 0 4
m 1 3 0
m 1 4 1
m 2 2 1
m2 1 2
m3 2 3
m 1 0 1
m 1 0 2
m 2 1 3
m3 1 2
m 3 1 0
m 1 2 2
m 1 3 0
m 2 0 0
m 1 3 0
m 1 3 2
g1 2 3 
99720602
m2   0   2
m3 3 4
m 3 4 0
f 3
m 1 2 4
m 1 0 3
m 2 1 1
m 2 1 3
m 3 1 3
00 0 m
m 1 0 2
 	m	2 3 4
m 2 3 3
p
m3 3 2756716973
m 1 2 4
m 2 4 2
m2 2 ÿ0
p
m 3 2 2
m1 1 2
m 2 1 3
b 2
m 3 1 3
m 3 0 2
	f
3
m 1 0 0
m 2 1 3
b 2
m3 	 			  	3	 	 			  	1
m 3 2 2
m 1 3 4
m1  		 			   			 			  	      				 					   			 			    	  	 						 	  	  	  				 	 	 					  		    			   	   					    			  			    	     		 		 		 	 	  		 	     				  		 	  			 						   	 					 			   		   	 	 	 					 	 	 			 									  		 				  	     	  			  	 	 	   		  			 	 				 		 									 	      	 			   	 	    		 	 	    		 		 	 				 	 			      		 	  							 		 	    			 	   		   				 		  		 	 	 				 	  	   			  	 		     	 	  					     		   	  			  	 			  					 	 		 	   	     			 		    	 	    		  	 		 		   				 	 	 		 			 		 					 	 	 	  	 	   			 	 	 			  		 									 	 	    	 	 	 			   	   		   	  		   	 	 	 		    						 		 	 	  				  	   						 			    	 		 		   				   				 	 		 				   				 	  		 		 	   	 			 					   		  				 					  	 	 	  	  		 		  	 					   	  	  	 		 				  			    			 	 		  			 	   		     	 	    	 		   	 	 		    	 	 		 	 	 	  	 	   	 			 	  	   	 			 			 		   		     			 			 						  	 	   		   	  			   	   		 	    	 	 		   								 			 	  	   	 	    	 	 		   	 		 		 	 	     	  	  		  		   	  	   	 		  		   	 		 	  		 		    	 	 		  		  		 		 	  				 	 		   		 		  	  		 			       	  		 	     	 	   		 	   		 	 	 	 	  		   		 	 	 	  					 			    	   	   				 	  	  		  		 							  		 	 		   				 			 								  		 		   	    		       		 		  		 	 					    				  	  		 	 		 			  	  						   	  				 		  	 		 						 	 			 		  	   			    	   	  		   								      		  		 		 			      			  			  	   		  		  	 		      		  	   				 			 			       	     		  			 	  	  			    						 	 	 		  		  	 	 		      		 	 			    	        			  			 		  	   	   						 	  	  	  		  				  					   	  	  	  						   	  		 			  		  		 								 		   	 			  	    	 	      		 	 		 				 	 					  	 	 	 			  			   			  	   			 	  	 	 			 	 			     		  			        		 	 			 	 				   			 	 	 	 			 		   	 	 		   			      	 			 				 	  			 		 					  	   							  			  	  		   				   				   			 		     	 	  			   	 				   			 			 		   	    	   	  	   	   	   	 	  		 	  	 	 	 			  	 	   		  	    		 		   					 	  			 		   			   	 		  		 		 	   	 	  				 				 	  	 	   			   	   	 		   	   		  		     	 		 	 	 	  	     	  			   							  	 							 		 		       	 		 					 		  	 			  		 	  	 	 		 	 	     		 	   					 	  		   	  	 	 		 		  		  	 	  	 	 	  	  	  	     			  		  		 		  		  	    				 	 	     	  			  			   				    			  		 		 	 	 		    		 			 			 				 		 	        	     		 		   										  		  								 		      			  			    				  			 	    	    	  	      	 	  	  		 	 		   	  	    	 	 			  			   	 		     		  	 			 		 			   	 	  	 	     	  	 	 				   	  		 	   	  	 	   	   		 		  		  	 	   	 			 		    	 	  	 					  			 	 		 		   			 		 					 	  							 	 		  	   	  					  	 		 						 	 		    		  					 	 	   	 	    			  					   	 				   	 		 	  		  	    		 	 			 	       	   	     		       		 	 		 		      		     	 	  			   			    		       	    		 							 	     		 						 		 	 				    			 	  	   	   			    		  			  	 		  	  	 								 		     		 	 		 		 	  		  		  				 	       		  			      			  	   		   	   	 	 			 		  	 	   		 	 	   	 		  				 	   	 	 	 			 	 	  		     	  	  		    		   		 	      	 		 	 		 	 	      		 	 		    					   	  			  	 	  	 	   	    		   				 		 	 		  	  		 		        		      		   	 	            			    	 	     	 		    		 	  	   	 	 	  			 	   	 		  		 	 		    		   	  	  	     		 		  		  		     	 			   					  		 		 		 	  	  			  	 	 	  	  			 		   	 	 	 	   			   		 						   					 		 	  		 	  		 		 		 	  			 			 	 		  	   			   			     	      		   	   	   	  	  	 	   	  		 		
1  		 			   			 			  	      				 					   			 			    	  	 						 	  	  	  				 	 	 					  		    			   	   					    			  			    	     		 		 		 	 	  		 	     				  		 	  			 						   	 					 			   		   	 	 	 					 	 	 			 									  		 				  	     	  			  	 	 	   		  			 	 				 		 									 	      	 			   	 	    		 	 	    		 		 	 				 	 			      		 	  							 		 	    			 	   		   				 		  		 	 	 				 	  	   			  	 		     	 	  					     		   	  			  	 			  					 	 		 	   	     			 		    	 	    		  	 		 		   				 	 	 		 			 		 					 	 	 	  	 	   			 	 	 			  		 									 	 	    	 	 	 			   	   		   	  		   	 	 	 		    						 		 	 	  				  	   						 			    	 		 		   				   				 	 		 				   				 	  		 		 	   	 			 					   		  				 					  	 	 	  	  		 		  	 					   	  	  	 		 				  			    			 	 		  			 	   		     	 	    	 		   	 	 		    	 	 		 	 	 	  	 	   	 			 	  	   	 			 			 		   		     			 			 						  	 	   		   	  			   	   		 	    	 	 		   								 			 	  	   	 	    	 	 		   	 		 		 	 	     	  	  		  		   	  	   	 		  		   	 		 	  		 		    	 	 		  		  		 		 	  				 	 		   		 		  	  		 			       	  		 	     	 	   		 	   		 	 	 	 	  		   		 	 	 	  					 			    	   	   				 	  	  		  		 							  		 	 		   				 			 								  		 		   	    		       		 		  		 	 					    				  	  		 	 		 			  	  						   	  				 		  	 		 						 	 			 		  	   			    	   	  		   								      		  		 		 			      			  			  	   		  		  	 		      		  	   				 			 			       	     		  			 	  	  			    						 	 	 		  		  	 	 		      		 	 			    	        			  			 		  	   	   						 	  	  	  		  				  					   	  	  	  						   	  		 			  		  		 								 		   	 			  	    	 	      		 	 		 				 	 					  	 	 	 			  			   			  	   			 	  	 	 			 	 			     		  			        		 	 			 	 				   			 	 	 	 			 		   	 	 		   			      	 			 				 	  			 		 					  	   							  			  	  		   				   				   			 		     	 	  			   	 				   			 			 		   	    	   	  	   	   	   	 	  		 	  	 	 	 			  	 	   		  	    		 		   					 	  			 		   			   	 		  		 		 	   	 	  				 				 	  	 	   			   	   	 		   	   		  		     	 		 	 	 	  	     	  			   							  	 							 		 		       	 		 					 		  	 			  		 	  	 	 		 	 	     		 	   					 	  		   	  	 	 		 		  		  	 	  	 	 	  	  	  	     			  		  		 		  		  	    				 	 	     	  			  			   				    			  		 		 	 	 		    		 			 			 				 		 	        	     		 		   										  		  								 		      			  			    				  			 	    	    	  	      	 	  	  		 	 		   	  	    	 	 			  			   	 		     		  	 			 		 			   	 	  	 	     	  	 	 				   	  		 	   	  	 	   	   		 		  		  	 	   	 			 		    	 	  	 					  			 	 		 		   			 		 					 	  							 	 		  	   	  					  	 		 						 	 		    		  					 	 	   	 	    			  					   	 				   	 		 	  		  	    		 	 			 	       	   	     		       		 	 		 		      		     	 	  			   			    		       	    		 							 	     		 						 		 	 				    			 	  	   	   			    		  			  	 		  	  	 								 		     		 	 		 		 	  		  		  				 	       		  			      			  	   		   	   	 	 			 		  	 	   		 	 	   	 		  				 	   	 	 	 			 	 	  		     	  	  		    		   		 	      	 		 	 		 	 	      		 	 		    					   	  			  	 	  	 	   	    		   				 		 	 		  	  		 		        		      		   	 	            			    	 	     	 		    		 	  	   	 	 	  			 	   	 		  		 	 		    		   	  	  	     		 		  		  		     	 			   					  		 		 		 	  	  			  	 	 	  	  			 		   	 	 	 	   			   		 						   					 		 	  		 	  		 		 		 	  			 			 	 		  	   			   			     	      		   	   	   	  	  	 	   	  		 		3
m 2 3 4
m 3 3 4
m 1 4 3
m 2 2 3
m 2 4 3
f 2
m3 4 0
f 3
g 3 1 2
m1	  	 	 3-2	  	 	 1

