B 4 5 4 2
m-2 4 1
m 1 0 3
m 2 0 2
m 2 2 3
	m	3 3 4
m3 0 4347027416
m 4 3 1
m 4 3 4
m 1 0 0
m 1 3 3
m 2 1 2
m 3 2 2
m3  	   	    	0  	   	    	5114595176
m 4 4 0
m 1 2 3
m 1 0 1
b 1
m 2 0 3
mÇ2		   	    		 									    		 	     		 		  	 		 		 		 		  	     			 	  	   							 		  			    			 		  	 	   	 			 	   	    		 	 	  	 					 		 					  		 						  		    		 	 	   		   			   					  				    		    				 	 						   	 	 	   		 	  	  	 	 	 			 			     	 	 	  		  	 					 	 	    	   		  	 	 		  		 						 	   		 	 			   								     						 		 			    	 		  	 	 		 		   			 			     	  	 		 			  		 	 	  	 		  	 		    		 		  			  	 	  	  					 				 						 				     	  	 	  		    	  	   			  	 	  	  				 	   	 			 	 	 	 	 	      				 	 			   		 	 	 		 		 	 		 	  		  		 		 			 			   	 				 			  	  	 	 	 	 	 					 	      			  	    		     	  	 		  			    	   		 	  	  		    		 		   	  	  						  	  	  			   		     	 				   	  			  		  	 		 	 					    	 	   		 	  	  	   			      		    	 	   				 		 					 		 		   	 	 	   	   	 	 			  		  				    		 					 	   	  				 		  	 			   	  	  	 	   		 					 	 			 	  						 					 	  	  	 		 	 	 		    		 	 	 	 	 	 		     	 		  	  	 	 		 	  	 		 	 	 	 	 			  				  		 	  	   						 	 		 	 		 		  		    	 	 				  	  			 		  	  	 			   		  	 		 		 	  		 						 	 			 				  	 		 		  	 	 				 		   		 	   	   		  	  		 	  					 	 	   	 	 		 	 				 	  		  		       	    		 	 	     					  	    	 		 				 	  		   				   			    			 	  	   						 		 		 			   			     			 	 		   		    	 	   		 	 	     				 	 		  					 	 			 	 	 	 				 		 		  			   	 	    	  		  	 					 	 	  				 	  	 	  	 		 	 	  	 	  			  				  				 		  	     	 		  				   	  		  		 	 				 				  		 		 	 		     	 	 		  	    	  			  	 			 	 				     			  	 	 			   		  	 		 		 	 			   	  				 				 			 				 	 	  	 				  	 	  		        			 		    	  	 	 	  			    	  	       	     			    				 					     	 		 		   		  	     	 	  	 	 					 	   	 			    		  		  	 	 	  	 	  			 			    	   		 		  		  		  	  								 		 				 				 		  	    		   		 	  			   				   	   		   		  	 		 			 				 			 				 	    			     		 	     	  	 	 				  					 	 	  	 	  	   	 	 		 		 	    	   				 	  			    							      	   					 	 	  	 	 					   		      		  	 			  	 				 	    	   		   	 		 	      		   	 	 	  		 			 		  		 	 	 		  			    	  	  	  		 	  	   		 	     							    			   		 		    				 		 	  		   		  							   	 		 	 	 	 		 		 	 	 		 				  	   	  		 			 	  	  			 	 	    	   		  			    		  			 	  	  	 	  				 	  		 		 			    	 	 		     				 		 	 	   	   	   			 	  								 	   	  		 			  	 	 	 	 	  	    	 	 		 		  	   	 	 	 	 			 	      		 			 		     	 			  	  		  			   		  		  		 	 							  						 	   		 	  	 			 	    	 				 	  				  		 		       	 		  		 	    	 	      	  				    		  	 		 		 	 	    	 		  			    		   	  	   	  	 	 		  	  	  		  	   	 	    	  			     	      						   				 	  	 		  	   	 				 	 			    				 			 	 				 		 							  			 	 				  			  					 		 	   	    	 	   			 	 	  	  	 		  	   	 	    	 		 	    		 	  	   					  	 		   	    	 		  			  	  	      	 			   			 		  	 	 		    			  		   	   	 							   			 					 	 			 	 				     		   		 		 				 	   				 	          	  	 		 	   	 						 	 		  	    		 	 	  	 			 			 				 		   		 	 		 	 	 			  		     	 			  	  	  	 			    	   			 			 	 			 			     	      	    	 							  	  		     	 			 	 		 	 	      		 	 	   	 				 			 		 			 			 	 	  	      	 				  	   		  	 		  	  			 	 	 		       	 						 			 	 	  		  	  	  					 				  	 						 					    		 	   	 		 	  		 	  	 	     		 			 	 	 	  	   				  		 	 				   			 			 		         	  	 					 	 	 	  	 	 	  					      	  	 				 	  	 	 	 	  	 		 				 					  	 	  				 	 	  				 			 					 			       				 		 	  		  		    	 			    	 	    	 			 			 				  		    			 		 	  		 			 	 	 		 	  						 	 			 	   	 				 	 		  	  				  						  	 	 	 	 		 	 				          		  	   			    	 	   				  			  	      				  	 		 		 		 			 	 			    			 	   	  			 	 			   								 			  		 		  				  		    		    	  	 	 		 			 						  	 	    	 	 		 			 	 	           	 	 		  		 	  			 		  		  		     	  	 	 	 	 	 	 	  	 			 	   				  	      	          	 						 	 	 				 			 	  	 		     	 	  		 		    	  	   	    	 			  						     		 	   	      			  		 	  				 				   	  		  			 	    	 		 	 				 	 		 			    	  	  	  			    	   				  	 	 	 	  			 	 	 		 			   				  		 	 	 	   	    		   			 	 	   	       	  	  		  	   	   	  			 	      		   	  	     					 		 	 			  		  				 	 	 					 	  	  	 			  	  	 	 	    	  				 			 	    			  			 		  		 	  	  			 			 				  		 	  	 				  		    		  		  			  		    	    	 	  						  			   	      	 			 	  	  		       	 			 	     				 		  	  						 	  	10		   	    		 									    		 	     		 		  	 		 		 		 		  	     			 	  	   							 		  			    			 		  	 	   	 			 	   	    		 	 	  	 					 		 					  		 						  		    		 	 	   		   			   					  				    		    				 	 						   	 	 	   		 	  	  	 	 	 			 			     	 	 	  		  	 					 	 	    	   		  	 	 		  		 						 	   		 	 			   								     						 		 			    	 		  	 	 		 		   			 			     	  	 		 			  		 	 	  	 		  	 		    		 		  			  	 	  	  					 				 						 				     	  	 	  		    	  	   			  	 	  	  				 	   	 			 	 	 	 	 	      				 	 			   		 	 	 		 		 	 		 	  		  		 		 			 			   	 				 			  	  	 	 	 	 	 					 	      			  	    		     	  	 		  			    	   		 	  	  		    		 		   	  	  						  	  	  			   		     	 				   	  			  		  	 		 	 					    	 	   		 	  	  	   			      		    	 	   				 		 					 		 		   	 	 	   	   	 	 			  		  				    		 					 	   	  				 		  	 			   	  	  	 	   		 					 	 			 	  						 					 	  	  	 		 	 	 		    		 	 	 	 	 	 		     	 		  	  	 	 		 	  	 		 	 	 	 	 			  				  		 	  	   						 	 		 	 		 		  		    	 	 				  	  			 		  	  	 			   		  	 		 		 	  		 						 	 			 				  	 		 		  	 	 				 		   		 	   	   		  	  		 	  					 	 	   	 	 		 	 				 	  		  		       	    		 	 	     					  	    	 		 				 	  		   				   			    			 	  	   						 		 		 			   			     			 	 		   		    	 	   		 	 	     				 	 		  					 	 			 	 	 	 				 		 		  			   	 	    	  		  	 					 	 	  				 	  	 	  	 		 	 	  	 	  			  				  				 		  	     	 		  				   	  		  		 	 				 				  		 		 	 		     	 	 		  	    	  			  	 			 	 				     			  	 	 			   		  	 		 		 	 			   	  				 				 			 				 	 	  	 				  	 	  		        			 		    	  	 	 	  			    	  	       	     			    				 					     	 		 		   		  	     	 	  	 	 					 	   	 			    		  		  	 	 	  	 	  			 			    	   		 		  		  		  	  								 		 				 				 		  	    		   		 	  			   				   	   		   		  	 		 			 				 			 				 	    			     		 	     	  	 	 				  					 	 	  	 	  	   	 	 		 		 	    	   				 	  			    							      	   					 	 	  	 	 					   		      		  	 			  	 				 	    	   		   	 		 	      		   	 	 	  		 			 		  		 	 	 		  			    	  	  	  		 	  	   		 	     							    			   		 		    				 		 	  		   		  							   	 		 	 	 	 		 		 	 	 		 				  	   	  		 			 	  	  			 	 	    	   		  			    		  			 	  	  	 	  				 	  		 		 			    	 	 		     				 		 	 	   	   	   			 	  								 	   	  		 			  	 	 	 	 	  	    	 	 		 		  	   	 	 	 	 			 	      		 			 		     	 			  	  		  			   		  		  		 	 							  						 	   		 	  	 			 	    	 				 	  				  		 		       	 		  		 	    	 	      	  				    		  	 		 		 	 	    	 		  			    		   	  	   	  	 	 		  	  	  		  	   	 	    	  			     	      						   				 	  	 		  	   	 				 	 			    				 			 	 				 		 							  			 	 				  			  					 		 	   	    	 	   			 	 	  	  	 		  	   	 	    	 		 	    		 	  	   					  	 		   	    	 		  			  	  	      	 			   			 		  	 	 		    			  		   	   	 							   			 					 	 			 	 				     		   		 		 				 	   				 	          	  	 		 	   	 						 	 		  	    		 	 	  	 			 			 				 		   		 	 		 	 	 			  		     	 			  	  	  	 			    	   			 			 	 			 			     	      	    	 							  	  		     	 			 	 		 	 	      		 	 	   	 				 			 		 			 			 	 	  	      	 				  	   		  	 		  	  			 	 	 		       	 						 			 	 	  		  	  	  					 				  	 						 					    		 	   	 		 	  		 	  	 	     		 			 	 	 	  	   				  		 	 				   			 			 		         	  	 					 	 	 	  	 	 	  					      	  	 				 	  	 	 	 	  	 		 				 					  	 	  				 	 	  				 			 					 			       				 		 	  		  		    	 			    	 	    	 			 			 				  		    			 		 	  		 			 	 	 		 	  						 	 			 	   	 				 	 		  	  				  						  	 	 	 	 		 	 				          		  	   			    	 	   				  			  	      				  	 		 		 		 			 	 			    			 	   	  			 	 			   								 			  		 		  				  		    		    	  	 	 		 			 						  	 	    	 	 		 			 	 	           	 	 		  		 	  			 		  		  		     	  	 	 	 	 	 	 	  	 			 	   				  	      	          	 						 	 	 				 			 	  	 		     	 	  		 		    	  	   	    	 			  						     		 	   	      			  		 	  				 				   	  		  			 	    	 		 	 				 	 		 			    	  	  	  			    	   				  	 	 	 	  			 	 	 		 			   				  		 	 	 	   	    		   			 	 	   	       	  	  		  	   	   	  			 	      		   	  	     					 		 	 			  		  				 	 	 					 	  	  	 			  	  	 	 	    	  				 			 	    			  			 		  		 	  	  			 			 				  		 	  	 				  		    		  		  			  		    	    	 	  						  			   	      	 			 	  	  		       	 			 	     				 		  	  						 	  	0
q2
m3 0 3
m 4 1 0
m 1 3 0
f 1
m 2 0 1
m 3 3 4
m 4 3 1
m4 1 4
m 1 4 2
m 2 3 1
m 2 3 2
f 2
q2
m302
m 4 2 0
m 1 3 3
m 2 4 0
m 3 1 2
g 3 0 1
m 4 2 3
m-7 3 1
m1 4  2
m 1 2 1
f 1
m2
 	0 0
m 3 0 3
b 3
 4m3 1
m 4 3 1
f 4
q 4
m 1 3 1
m¹2 0 0
m 3 1 2
m 3 0 1
g 3 0 1
m  4 2 3
m14   
 6
m 1 1 4
m 2 1 2
m 2 0 2
m 3 3 3
b 3
m4	 
 4 2
m 1 0 3
b 1
m 2 4 0
m 3 1 1
m 3 2 2
ú
b-	 4
m4 3 1
m 4 1 0

