B 5 5 4 4
m1 2 7564410359
m 2 3 1
m 2 1 2
m 3 3 1
m 3 0 2
m 4 1 1
m 4 0 4
g 4 4 2
m 1 0 0
m 1 0 2
m 2 2 4
m4 0 1
m4 3531633766 4
g 4 2 0
m 2 1 1
m2 1 4
m 3 3 0
m 4 3
m 4 3 2
m1 3 2466104228
m 1 2 1
m 2 1 4
m 3 0 3
m 3 1 0
m 4 2 3
m 4 3 3
m 1 2 2
m 2 0 2
m 2 0 1
m3 2 1
m 4 1 4
m 4 1 2
m 1 1 0
m 1 1 3
m 3 3 1
p
m 4 2 4
m 1 0 2
m 2 4 2
m 3 1 4
m 4 0 4
m 4 0 3
f 4
m 1 4 3
m 1 3 2
b1
m777613822 4 3
m 3 3 3
m 4 2 1
m4 
æ 2 4
b 4
f
b 1

m	2 	0 1
m 2 1 1
m 3 0 3
m3 4 0
m 4 0 2
m1 3 1
m1 2 4
m2 3 1
m3 4 
g 3 1 1
m 4 3 2
f4
q 4
m 1 3 2
m 1 0 0
m 2 2 2
m 3 4 3
m4 Ù´1 
m 4 2 4
m 1 1 4
m 1 4 2
m2 					 -6 					 4
m 3 3 1
q 3
m 4 3 1
m4 4 3
f 4
m1 3 2
m 2 1 4

