B 5 4 2 14
m-1 3 0
f1
m 2 1 1
m 1 0 1
m 1 3 2
m 2 1 2
m 2 4 2
	
f1
m 2 0 0
q 2
m1 3 1
m 1 0 3
m2  3  
1
m2 1 0
m 1 3 0
m 2 3 1
m 1 2 2
m 2 3 4
m 2 4 1
m 1 0 4
b 1
m210 
m1 0 4
m 1 0 2
m 2 0 2
m 1 3 4
m 1 4 3
m 2 0 2
m 1 0 2
m 2 3 1
m 1 3 1
m 2 3 2
m 1 1 2
m1			 1			 2
m2 0 4
m 2 2 3
b2
m 1 3 3
m 1 4 0
m 2 0 0
m 1 1 2
m 2 3 0
m 2 4 1
m 1 4 1
m 1 3 3
f 1
m 2 0 2
m2 ¥0 3
b 2
m1 3 1
m1 3 2
m 2 0 0
m23 0
m1 3 3
m 1 2 2
m 2 0 2
f2
q1
m 2 0 2
m2 0 1
m 1 0 2
m 1 3 2
g 1 1 4
m 2 2 2
m 1 3 1
q 1
m2 	0 
2
m 2 3 2

