B 5 4 4 4
m 1 1 3
f 1
m 2 1 3
m 2 2 1
m3 2 b0
m 4 3 2
m4	  	 	   		  	 	   	4	  	 	   1
m 1 0 0
m 3 3 3
m 3 3 0
q 3
m 1 2 4
m 1 3 1
m 3 3 0
b 3
m 4 3 0
m 4 4 0
m 1 1 1
m 2 4 3
m 2 0 1
p
m 3 2 2
m 4 4 2
q 4
m 1 0 1
m1  4 
2
m 2 3 0
m 2 2 2
q 2
m 3 0 1
m 4 1 0
m 4 3 3
q 4
m 1 0 1
m 1 0 3
g 1 3 4
m2 7897914852 10
m 1 3 2
m1 6042926154 2
m 2 3 3
b 2
m3 1		 0
m 4 2 0
m 4 2 3
b4
m 1 2 0
m 1 3 1
m 2 2 0
m 3 2 0
m 4 1 1
m4 2 1
m5564587160 0 2
q 2
m3 	 	2 	 	0
gÌ3³ 3 3
m4			 	2			 				 	1
m 1 2 0
m 1 0 2
f1
m 2 2 1
m 3 1 3
f 3
m 4 1 2
Ôm4 3 -5
g 4 3 3

