B 4 5 3 3
	m	1
 2 2
b 1
p
m 2 2 0
m 3 1 1
m 1 1 3
b 1
m 2 3 3
m3 3 0
m 3 3 3
m1 2 1
m 2 2 1
m 2 3 3
m 3 2 0
m 1 3 0
m 2 4 2
m 2 0 0
p
m3 0 
b-4
m 1 4 0
m2 1 3
b 2
m 3 4 1
m3 3 8
m 1 1 2
g 1 1 0
m 0| 1
q 2
m 3 1 3
m 3 0 4
m 1 1 4
m 1 0 1
m 2 1 1
m 2 2 4
2
m 3 2 0
	q
3
m 1 4 2
m 1 1 3
m 2 2 0
m 3 3 4
m1 2  
3
m 2 4 3
m2		   	3

		   	3
m3 2 
3
m 3 1 3
q10
m 1 1 4
	 2m 2 3
m3 3 0
m 1 0 4
m 2 4 3
m 2 0 2
g 2 1 1
m 3 0 1
m

1 2 0
m1  	  	1  	  	0
m 2 3 0
m 3 2 0
m8 2 1
q3
m 1 2 0
m 2 4 3
m 2 2 0
f 2
m3 1 3
m 3 1 4
m 1 3 0

