B 5 4 3 10
m1 4 2
m2 0 4
m 3 2 3
m 1 1 2
m 1 1 2
b-5
m 2 0 3
m 2 2 1
m 3 3 1
b 3
q 3
m 1 2 0
m 1 3 0
g 1 1 2
m2 4 4
m3 3 3
m 3 0 3
m 1 0 4
m 1 0 2
p
m 2 2 2
m 2 0 3
q 2
m 3 0 1
b 3
11  4
m 1 4 1
m3 2  3
m 3 1 0
m 1 3 1
m 1 4 1
p
m 2 3 2
m3 0 4
m 1 0 0
m 2 3 4
m 2 1 3
m 	3
 0 4
f 3
m 1 1 1
m 2 0 4
m3 3 1
m 1 0 4
m 1 2 2
m 2 3 4
m4				 		 				 		 3
m 3 1 0
m1 0 4
m2 	 0	 4
f 2
  5m1
b 3
f 1
m 2 0 4
b 2
m 3 0 4
	m3 00
m134
m1 2 3
m 2 0 4
m 2 3 2
m 3 3 4
m 3 3 0
m 1 0 2
m2 0 0
q 2
g 2 0 1
m3   			  	3   			  	4
m 1 0 3
b 1

