B 3 5 3 7
m 1 0 0
m 1 0 3
p
m 2 0 1
m 2 2 3
m 3 2 0
m2178833623 1 1
m 1 2 3
q 1
m 2 2 0
m 2 2 4
m 3 1 1
m 3 1 2
m3 1 1
m1 1 0
m 2 4 1
m
2 					2 					 					1
m3   						 	  										 		   	  	 	 					 		  	  	 	  	   	 	 				 	   			  	  	   	  		    	    	 	  		  		   	 	  	 		  	       	 		 		 		 	   		  	  	   	  	    		     		 	 	 	  			  					 		    	  					 		 			 	 				  		    		 			  		     	   		 		 				 								   	 			 			   	 					 	 		  	 			 	 	 			 			   		 		    	 	    			 	   	 	  	  	  				 	  		   	 	    		 			  		 			 		   	 	  				 				   					 		 	  	 	  			 	 		 	  	 	 	  			 		   			  		 			  						 		 	  		 		   	     	  	 						 	 						 			  				  	 	 		 	 		 		 		 					 			 	   		  		  			   	 	   				 					   			 		   	 					 	 				 					      				     	  	 	 			  			 	    		 	  	          		      		     		 		  								      	 			 		  	    					 		       		  		 	    	 	   					  					  	  	 	 		 	 		   	 	  	       	 		   			   	 	  			 		  	 							 	  						 	   	 	 			 		   					 	      		 	  	 		  	   		   					   	  	      	  	  		  		  			   	     	   								  	 	    	 			  		  		  				 	 			  					   	 	  	  			 			 				    					    	  		   		    			  		 		 		     	  			   	  			   	         		    	 	    				   			   		      	 			  			  	  	  				    	   	 			   							         	 	 			 	  		 	 	 			 	 		  			 	 	 		   	     	  	 	 	 	 		 	 		 	  		 					 		 	   		  		 		  	  			 	     	 		 		  	      	          	 					  	    	  	 		  				 		 	 	     		  	 				 	   	    	   	 	 		 		 	 		 	     	  	     				  	 		 		 	     	 	   		 	 	 	            		  	 		 	  	 		 		 	 	 		   				 		 	   		 	   		  							  		 				  		 			      					   				 		  			 		 	 	     			 	      	   	 			  		  	 	 	  	   		 	  	  	   	 		 		 	 	  	  						 			   									      				  				 	 	 			  			 				   	  	 		   	 		 		 	  	  					 				 				  	 	 				  	 	  	  	 	     	  	 	    								   				 				  		 			  	 		  	 	 		  		 		     		    	 		     			 	  			 	 	 		 		    			 		   	     	    	 		 	  	   		 	 			  	 		  	  		  	 						 			   			 			   		 	 		  	   			 	 	 			    		   	    		 		 	       		 	 	  	 	 		 	   			 	  			 		 				 	  	   	  	 						  			  			  			  	    			  	  			   	 			   				 	  		      		  	    		 	 	  				  	   		   		  	 				 							 					  							     						 	 				  	  		 		  	  		 		 	 		  			      	 		    	 		  	     	 			 	 		 	      		  	 	     				 	    		  	   		  		    	   	  			  	  	 			   	 	 			 		    		  		 					 		     				 	  		 		 	  	 			 	 	     	  	 			   	 				 	 	 		 						 	    	  				   	   	 	  		  				 		 			 	  			 	  				 			 	 	 			 	   	 	  	 		 			       	 		 	 	     	   			        	  	  		 	 					  	 	 	 	  		 	 	 			    			  	  					 	  			  	  	  		 		     				 	    	     		   							 	 			 	 	     		 	 		 	   	  			   			   	 	 	0   						 	  										 		   	  	 	 					 		  	  	 	  	   	 	 				 	   			  	  	   	  		    	    	 	  		  		   	 	  	 		  	       	 		 		 		 	   		  	  	   	  	    		     		 	 	 	  			  					 		    	  					 		 			 	 				  		    		 			  		     	   		 		 				 								   	 			 			   	 					 	 		  	 			 	 	 			 			   		 		    	 	    			 	   	 	  	  	  				 	  		   	 	    		 			  		 			 		   	 	  				 				   					 		 	  	 	  			 	 		 	  	 	 	  			 		   			  		 			  						 		 	  		 		   	     	  	 						 	 						 			  				  	 	 		 	 		 		 		 					 			 	   		  		  			   	 	   				 					   			 		   	 					 	 				 					      				     	  	 	 			  			 	    		 	  	          		      		     		 		  								      	 			 		  	    					 		       		  		 	    	 	   					  					  	  	 	 		 	 		   	 	  	       	 		   			   	 	  			 		  	 							 	  						 	   	 	 			 		   					 	      		 	  	 		  	   		   					   	  	      	  	  		  		  			   	     	   								  	 	    	 			  		  		  				 	 			  					   	 	  	  			 			 				    					    	  		   		    			  		 		 		     	  			   	  			   	         		    	 	    				   			   		      	 			  			  	  	  				    	   	 			   							         	 	 			 	  		 	 	 			 	 		  			 	 	 		   	     	  	 	 	 	 		 	 		 	  		 					 		 	   		  		 		  	  			 	     	 		 		  	      	          	 					  	    	  	 		  				 		 	 	     		  	 				 	   	    	   	 	 		 		 	 		 	     	  	     				  	 		 		 	     	 	   		 	 	 	            		  	 		 	  	 		 		 	 	 		   				 		 	   		 	   		  							  		 				  		 			      					   				 		  			 		 	 	     			 	      	   	 			  		  	 	 	  	   		 	  	  	   	 		 		 	 	  	  						 			   									      				  				 	 	 			  			 				   	  	 		   	 		 		 	  	  					 				 				  	 	 				  	 	  	  	 	     	  	 	    								   				 				  		 			  	 		  	 	 		  		 		     		    	 		     			 	  			 	 	 		 		    			 		   	     	    	 		 	  	   		 	 			  	 		  	  		  	 						 			   			 			   		 	 		  	   			 	 	 			    		   	    		 		 	       		 	 	  	 	 		 	   			 	  			 		 				 	  	   	  	 						  			  			  			  	    			  	  			   	 			   				 	  		      		  	    		 	 	  				  	   		   		  	 				 							 					  							     						 	 				  	  		 		  	  		 		 	 		  			      	 		    	 		  	     	 			 	 		 	      		  	 	     				 	    		  	   		  		    	   	  			  	  	 			   	 	 			 		    		  		 					 		     				 	  		 		 	  	 			 	 	     	  	 			   	 				 	 	 		 						 	    	  				   	   	 	  		  				 		 			 	  			 	  				 			 	 	 			 	   	 	  	 		 			       	 		 	 	     	   			        	  	  		 	 					  	 	 	 	  		 	 	 			    			  	  					 	  			  	  	  		 		     				 	    	     		   							 	 			 	 	     		 	 		 	   	  			   			   	 	 	
2
m 3 1 0
f 3
m 1 3 1
m1 0 4
m2 3 1
m10 1 5476158287
m 3 3 1
m 30 0
m 1 0 0
m 2 4 1
m 2 1 0
m 3 0 2
m 3 0 1
q 3
m 1 2 2
m 1 0 0
m2  3-9
m 2 2 3
b 2
m-7 4 1
m 1 4 1
f
m 3 4 1
m1 	 1 4
m 1 2 0
m 2 3 1
m 2 1 2
p
m 3 3 1
m 3 0 4
g 3 1 2
m1 0 1
m 1 1 3
m 2 2 2
m 2 1 3
m3 2 -7
m 3 2 4

