B 2 3 3 3
m 1 2 1
m 2 0 1
m3 ~0 0
m 3 0 0
m 1 0 0
m1    		     		    		 	 						 		  		 			  	 	 	 	 	 		  				 	 						  	  		  			 	   		   					     	 	 	 	 	 		  			         			 	    			 					 	 		 			  		  	 		  		  			 		 	    	 	 	 	 		 		  					   		   	   		     		 				  			     	       	  					 			 	 	    	  		 	  				   	   		  	   		  	 	   	 		 	 			  	 		  	 		 			 				 	 		 				 	  	 		 				    		     	 	     	 						    		 				 	 	 	  			   					 	 		  	 		 			 	 		 		  	  	 	 			 	  	 			    	 			    				 		     	 	  				 		 	 	 					 	    	 			  	  			 	   					 				   	  	   			 	 			   	 						 	 	   	 	 	    	 	   		 	 	  		  	 		   		 						 	  	 	  	  				 	    		 			  	   		  			 	 						 	   		  	  	   		 	 	   				  	 	      		  			  				    	  	 	    	  	    										 	  			 	 		 		 	 			   			 		 				 				    	 	   		      			  	 				        	 		   	  	   	 			  	  	 	 		 		   	 		   				 	 		   			      		   	 						  	  		 	 		   	 		 	   	  	  	 		 	 			 	 0    		     		    		 	 						 		  		 			  	 	 	 	 	 		  				 	 						  	  		  			 	   		   					     	 	 	 	 	 		  			         			 	    			 					 	 		 			  		  	 		  		  			 		 	    	 	 	 	 		 		  					   		   	   		     		 				  			     	       	  					 			 	 	    	  		 	  				   	   		  	   		  	 	   	 		 	 			  	 		  	 		 			 				 	 		 				 	  	 		 				    		     	 	     	 						    		 				 	 	 	  			   					 	 		  	 		 			 	 		 		  	  	 	 			 	  	 			    	 			    				 		     	 	  				 		 	 	 					 	    	 			  	  			 	   					 				   	  	   			 	 			   	 						 	 	   	 	 	    	 	   		 	 	  		  	 		   		 						 	  	 	  	  				 	    		 			  	   		  			 	 						 	   		  	  	   		 	 	   				  	 	      		  			  				    	  	 	    	  	    										 	  			 	 		 		 	 			   			 		 				 				    	 	   		      			  	 				        	 		   	  	   	 			  	  	 	 		 		   	 		   				 	 		   			      		   	 						  	  		 	 		   	 		 	   	  	  	 		 	 			 	 6
m-70 		
 		2
m2
  0 2
m3 -7 1
3
q 3
m 1 0 1
m 2 1 0
 m3 2 1
m 1 2 1
m 2 2 1
m 2 0 2
m 3 1 2
m 3 0 0

