B 6 17 8 9
m 1 4 5
m 2 9 5
f 2
m 3 1 5
q 3
m 4 15 4
m 4 0 8
m 5 9 0
f 5
m 6 1 3
m 7 10 5
q 7
m 8 3 5
m 8 2 3
b 8
m 1 9 2
m 2 1 14
q 2
m 3 3 0
m 3 5 10
b 3
m 4 3 0
f 4
m 5 2 4
m 7 1 4
m 7 1 7
m 1 0 0
g 1 8 0
m 2 1 5
m 2 0 1
m 3 16 1
f 3
m 4 0 1
m 4 3 10
q 4
m 5 5 2
m 5 1 4
m 6 2 9
m 6 2 7
m 7 1 2
m 8 0 7
m 8 3 4
m 1 16 5
m 1 4 8
b 1
m 2 2 13
m 3 5 3
m 4 14 4
m 4 1 0
m 5 1 12
m 6 13 1
m 6 4 5
m 7 3 14
m 7 5 1
b 7
g 7 10 5
m 8 2 0
m 2 2 8
m 2 1 6
m 3 2 14
m 3 3 14
m 4 9 1
m 4 0 9
q 4
m 5 8 3
m 6 3 4
m 6 2 3
m 8 4 0
m 8 4 14
m 1 7 3
m 2 1 2
b 2
q 2
m 3 5 3
m 4 1 3
m 4 1 5
m 5 11 3
m 6 6 4
m 6 2 10
f 6
m 7 1 4
m 7 2 5
m 8 8 3
q 1
p
m 2 2 0
m 3 9 4
m 4 0 13
m 5 1 5
m 5 5 1
f 5
m 6 8 3
m 6 4 0
m 7 9 4
m 7 0 15
m 8 0 16
m 8 4 15
m 1 1 2
m 2 0 4
m 2 4 9
q 2
m 3 3 2
b 3
q 3
m 4 4 2
m 5 2 4
m 5 2 14
q 5
m 6 8 5
b 6
p
m 7 13 3
m 8 15 1
m 8 1 11
f 8
m 1 0 2
m 2 3 0
m 2 4 9
m 3 13 4
b 3
m 4 12 0
m 4 5 1
g 4 7 1
m 5 4 16
m 6 12 0
g 6 0 5
m 7 6 3
m 8 4 4
m 1 2 7
m 1 4 13
m 2 10 1
m 2 2 4
m 3 12 5
m 3 0 11
m 4 1 3
m 4 0 4
m 5 2 2
m 6 2 4
m 6 3 5
b 6
m 7 5 11
m 1 12 2
m 1 3 9
b 1
q 1
m 3 3 3
m 3 2 7
p
m 4 4 5
f 4
m 5 13 5
m 5 3 13
m 6 3 1
q 6
p
m 7 11 4
q 7
m 8 1 2
m 1 0 3
m 1 4 8
m 2 0 15
m 2 4 0
m 3 5 6
b 3
m 4 16 2
m 4 4 7
m 5 3 4
m 5 5 13
m 6 16 1
f 6
q 6
m 7 8 1
m 7 4 11
m 8 1 2
p
m 1 3 15
m 1 1 7
m 2 4 5
m 2 0 5
q 2
m 3 3 1
m 4 0 5
b 4
m 5 0 4
m 6 7 5
m 6 0 14
b 6
m 7 5 13
m 7 5 16
m 8 12 0
b 8
m 2 12 4
m 3 6 2
f 3
m 4 0 5
m 5 10 1
b 5
p
m 6 16 1
m 6 2 15
g 7 0 0
m 8 10 4
m 1 1 12
m 2 5 3
f 2
m 3 6 2
q 3
m 4 1 6
m 5 9 1
m 6 14 5
b 6
m 7 10 0
m 7 4 14
m 8 3 16
g 1 7 4
p
m 2 2 3
m 3 12 3
m 3 3 9
m 4 16 1
f 4
g 4 13 5
m 5 1 1
m 5 1 14
b 5
m 7 12 2
m 7 5 3
m 8 6 3
m 8 5 16
m 1 10 0
m 1 3 9
m 3 11 2
m 4 15 5
b 4
f 4
m 5 0 5
f 5
m 6 12 3
m 7 14 5
m 7 0 14
m 8 12 2
m 8 3 2
m 1 15 1
m 1 2 8
m 2 14 5
m 3 12 2
m 4 6 4
m 4 4 13
m 5 8 5
m 6 1 2
m 7 0 7
f 7
m 8 5 9
g 8 4 0
m 1 3 14
p
m 2 10 1
m 3 9 5
m 3 2 13
f 3
m 4 3 4
m 4 4 13
m 5 8 3
m 5 5 9
m 6 12 5
m 7 6 4
q 7
m 8 8 3
q 8
m 1 7 5
m 3 0 5
m 4 16 1
m 4 0 9
m 5 4 9
m 6 5 5
m 6 2 8
m 7 5 3
m 7 3 11
m 8 16 1
m 8 4 1
b 8
m 1 1 6
m 1 5 0
f 1
g 1 10 5
m 3 6 4
m 4 12 2
m 4 5 6
m 5 8 1
m 5 0 10
m 6 8 1
m 7 6 0
m 8 3 4
m 8 1 4
f 8
g 8 4 1
m 1 16 1
m 2 12 2
q 2
m 3 12 0
m 3 2 14
f 3
m 4 8 3
f 4
q 4
m 5 2 16
m 6 7 3
m 6 2 5
m 7 12 5
m 7 1 15
m 8 10 0
m 8 2 6
m 1 2 6
f 1
m 2 11 2
m 2 3 7
b 2
q 2
m 3 8 3
m 3 2 0
p
m 4 2 3
m 4 0 9
m 5 3 3
m 6 0 12
m 6 2 15
m 7 3 15
m 8 9 1
m 1 11 2
g 1 4 1
m 2 8 5
m 3 4 5
m 4 5 3
m 4 0 3
m 5 7 5
m 5 1 0
m 6 4 15
m 7 2 7
m 8 6 4
m 8 4 11
m 2 12 2
m 2 0 6
m 3 0 16
m 3 3 13
m 4 15 5
b 4
f 4
m 5 1 1
m 6 2 13
m 7 6 3
m 7 1 5
q 7
m 8 2 1
m 1 8 5
m 2 10 1
m 3 3 13
m 3 0 4
f 3

