B 4 9 6 5
m 1 3 2
m 1 3 8
m 2 6 2
b 2
q 2
m 3 3 0
p
m 4 4 1
m 4 1 3
m 5 7 1
m 5 1 8
g 5 0 3
m 6 2 0
f 6
m 2 2 2
m 2 0 3
m 3 4 0
b 3
m 4 8 2
m 4 3 8
m 5 7 3
b 5
m 6 5 2
f 6
m 1 2 0
m 2 0 0
m 3 7 0
m 4 5 3
m 4 0 3
b 4
m 5 8 0
m 5 2 2
m 6 0 1
m 1 0 3
m 2 4 3
m 3 4 1
m 4 8 2
m 4 1 2
m 5 2 8
m 6 4 0
m 1 5 0
m 1 1 0
f 1
m 2 5 1
m 3 7 1
m 3 2 7
m 4 6 0
m 4 1 6
b 4
m 5 7 1
m 5 3 2
m 6 6 3
b 6
g 6 3 0
m 1 0 8
m 2 7 3
m 2 1 1
f 3
m 4 6 0
m 5 0 5
m 5 2 8
f 5
m 6 4 2
b 6
m 1 3 0
q 1
m 2 3 2
m 3 6 0
m 4 5 1
b 4
m 5 0 2
m 5 2 1
f 6
m 1 6 0
m 2 4 2
m 2 0 7
m 4 5 1
m 4 3 4
m 5 1 1
m 5 0 5
m 6 3 0
m 6 3 6
m 1 6 2
m 1 1 6
m 3 4 1
f 3
m 4 1 6
m 5 4 0
m 5 1 3
m 6 4 0
m 1 3 3
m 1 1 7
m 2 2 7
m 2 2 3
m 3 6 0
m 3 0 8
m 4 7 3
m 4 0 6
q 4
m 5 4 0
b 5
m 6 5 1
m 6 0 8
q 6
p
m 2 1 6
m 2 2 7
m 3 5 2
m 3 1 8
q 3
m 4 4 0
m 4 2 7
m 5 3 3
f 5
m 6 2 6
m 6 0 0
b 6
f 6
m 1 4 1
m 1 0 2
m 2 4 2
m 4 1 3
m 5 2 2
m 5 2 3
m 6 0 2

