B 4 9 3 12
m 1 1 3
f 1
m 2 7 0
m 3 0 0
m 3 0 5
q 3
m 1 7 2
m 1 2 7
m 2 0 1
m 3 7 1
m 3 2 8
m 1 4 2
m 1 2 4
m 2 2 3
m 2 2 6
m 3 2 1
m 3 1 4
m 1 7 1
m 1 3 4
m 2 0 3
f 2
m 3 2 3
m 3 3 8
m 1 1 4
m 1 2 3
f 1
q 1
m 2 0 5
m 3 1 3
m 1 5 3
f 1
g 1 8 3
m 2 8 0
f 2
m 3 5 2
m 3 0 4
b 1
m 2 7 3
m 3 2 2
m 3 0 8
p
m 1 2 1
m 2 2 0
b 2
m 3 2 3
m 3 2 8
m 1 1 3
m 2 0 1
m 2 3 3
g 2 4 1
m 3 3 0
m 3 3 3
m 1 6 1
q 1
m 2 2 0
m 2 1 4
m 3 0 8
m 1 1 1
b 1
q 1
p
m 2 2 3
m 2 0 3
m 3 5 3
q 3
m 1 2 3
m 1 3 3
m 2 0 1
m 3 0 3
b 3
f 3
m 1 2 5
m 2 2 8
m 3 2 1
m 1 1 3
q 2
p
m 1 2 1
m 1 2 7
m 2 2 7
m 3 2 8
b 3
m 1 6 0
m 2 0 1
m 2 2 7
m 3 5 1
m 3 1 4
m 2 5 1
b 2
q 2
g 2 0 0
m 3 6 0
m 3 0 3
m 1 6 3
m 1 0 3
m 2 7 1
f 2
m 1 2 1
m 1 0 0
b 1
b 2
f 2
g 2 3 3
m 3 6 1
m 3 3 6
b 3
q 3
g 3 0 0
m 1 0 7
m 1 3 6
f 1
m 2 5 3
m 2 1 2
m 3 5 1
m 3 2 0
b 3
m 1 6 0
f 1
q 1
m 3 1 1
m 1 6 0
m 1 0 2
m 2 5 1
m 3 0 3
m 3 0 2
m 1 5 3
m 2 6 1
m 2 3 0
b 2
m 3 0 4
m 1 8 1
p
m 3 6 0
m 3 1 0

