B 5 6 6 5
m 1 5 3
m 1 3 2
m 2 1 4
m 2 1 3
m 4 1 0
m 5 4 5
b 5
g 5 0 1
m 1 0 4
m 2 1 5
m 3 2 4
m 4 3 4
m 4 4 2
f 4
g 4 2 3
m 6 3 4
m 2 3 4
m 2 1 5
m 3 5 3
m 4 1 1
q 4
m 5 1 1
m 6 3 0
q 6
m 1 1 0
m 1 0 3
m 2 2 2
m 2 2 0
m 3 3 2
m 3 0 4
b 3
q 3
g 3 4 3
m 4 4 4
b 4
g 4 0 3
m 5 3 1
b 5
m 6 3 5
m 6 0 0
q 6
p
m 1 1 1
m 2 3 4
m 2 1 3
b 2
m 3 2 1
b 3
q 3
m 4 4 3
m 5 3 3
m 5 1 4
g 5 2 3
m 6 0 5
f 6
q 6
m 1 3 2
m 1 2 0
m 2 1 0
p
m 3 5 2
g 3 4 4
m 4 1 0
m 4 4 3
m 6 5 2
f 6
m 1 1 0
m 2 4 2
m 2 3 1
m 3 0 4
m 4 1 4
m 4 1 3
m 5 3 2
m 5 1 0
m 6 5 2
m 1 5 2
m 1 1 2
m 2 2 0
m 2 0 0
b 3
m 4 0 1
m 5 0 4
m 6 2 4
m 6 3 0
m 1 2 2
p
m 2 1 4
m 3 3 2
m 3 4 2
m 4 2 0
m 4 2 1
q 4
m 5 1 5
m 5 3 2
m 6 5 2
m 6 2 0
b 6
m 1 1 4
m 1 4 5
b 2
m 3 3 2
m 3 0 5
q 3
p
m 4 3 4
m 4 1 1
m 5 1 4
m 6 1 4
m 6 1 1

