B 7 7 5 9
m 1 2 1
m 2 2 4
m 3 6 6
m 3 1 3
b 3
m 4 1 4
m 5 4 3
m 1 0 6
m 1 1 4
m 2 5 1
m 3 0 4
b 3
m 4 2 6
m 4 4 0
f 4
m 5 4 5
m 5 3 5
m 1 0 5
m 2 3 6
m 3 3 0
m 3 1 2
b 3
p
m 4 6 5
m 1 6 4
p
m 2 2 3
m 3 0 1
m 3 1 3
q 3
m 4 5 5
m 5 5 3
m 5 0 6
b 5
p
m 1 1 4
m 1 5 5
m 2 1 3
m 2 6 0
m 4 4 3
m 4 4 6
q 1
m 2 4 4
m 2 3 0
m 3 2 6
m 4 1 4
b 4
m 5 2 5
f 5
m 1 4 3
m 1 5 3
b 1
m 2 0 0
f 2
m 4 1 3
m 5 5 1
m 1 2 5
m 1 5 0
m 2 5 1
m 2 1 1
m 3 3 3
m 4 6 1
p
m 5 3 0
m 5 0 1
m 1 5 1
m 1 6 1
m 2 0 1
m 2 4 0
m 3 2 2
m 3 4 2
m 4 2 2
f 4
g 4 2 1
m 5 1 4
m 1 2 3
m 1 4 0
m 2 6 5
m 2 2 4
m 3 2 3
q 4
m 5 2 5
m 1 5 2
q 1
m 2 3 2
m 3 4 3
m 4 1 3
q 4
m 5 4 5
m 1 4 3
m 2 5 0
f 2
m 3 0 1
m 4 2 1
f 4
m 5 4 5
m 1 3 6
m 1 4 0
b 1
f 1
m 2 4 3
m 3 1 3
m 3 0 0
p
m 4 2 6
m 4 4 2
m 5 1 4
m 5 2 3
m 1 2 0
m 1 1 5
m 2 0 1
m 3 3 1
m 3 4 3
m 4 1 4
f 4
b 5
m 1 4 3
m 2 0 1
m 4 3 6
m 4 0 2
b 5
g 5 1 6
m 1 3 0
m 1 5 2
b 1
m 2 2 1
m 2 6 5
g 2 5 0
m 3 1 6
m 3 3 4
b 3
m 4 6 5
m 5 3 6
m 5 2 2
m 1 4 5
m 1 5 3
m 2 4 5
m 2 2 3
m 3 6 5
m 3 6 5
m 4 2 6
m 5 3 4
q 5
q 1
m 2 6 5
m 2 1 2
m 4 4 5
m 4 4 3
m 5 1 4
p
m 1 0 1
m 2 3 0
b 2
p
m 3 3 6
m 4 2 6
m 5 6 5
m 1 1 4
m 2 3 0
f 2
g 2 5 4
m 3 4 0
p

