B 6 5 2 5
m 1 0 0
m 2 4 0
b 2
m 1 1 4
m 1 3 1
m 2 0 0
m 1 2 0
m 1 1 4
m 2 2 5
m 2 5 4
m 1 3 2
q 1
m 2 2 0
m 1 0 1
m 1 1 4
f 1
q 1
m 2 3 0
q 2
m 1 2 0
q 1
m 2 3 4
m 1 4 0
p
m 2 2 2
g 2 1 3
m 1 3 4
f 1
m 2 4 0
b 2
m 1 5 0
m 2 3 3
m 2 0 4
m 1 0 1
m 1 1 0
f 1
m 2 3 5
m 1 3 3
m 2 2 1
q 2
m 1 2 0
q 1
m 2 3 1
m 2 5 2
m 1 2 5
f 1
m 2 1 1
m 2 0 2
m 1 3 1
f 1
m 2 1 0
m 1 1 5
m 2 2 2
m 2 3 0
p
m 1 3 0
m 1 5 2
m 2 1 5
m 1 2 3
m 1 5 2
m 2 3 5
g 2 0 0
m 1 3 0
m 1 5 2
b 1
m 2 3 0
g 2 0 0
m 1 2 0
m 2 3 0
m 2 2 3
m 1 3 0
m 2 0 0
m 1 2 1
m 2 3 5
m 2 1 1
m 2 2 1
m 2 1 1
m 1 3 1
m 1 0 2
p
m 2 4 2
m 2 3 0
p
m 1 1 2
m 1 2 4
m 2 1 5
m 1 4 4
m 1 3 0
m 2 1 5
m 2 5 4
f 2
m 2 3 1
m 2 1 0
q 2
m 1 0 2
b 1
f 1
m 2 3 4
m 2 1 1
m 1 4 4
m 2 4 4
q 2
b 1
m 2 3 5

