B 8 5 5 7
m 1 4 3
m 2 3 3
m 2 0 2
m 3 5 0
f 3
m 4 1 3
m 5 5 2
m 1 2 2
m 2 1 0
m 3 3 0
f 3
m 4 2 7
q 4
m 1 4 3
q 1
m 2 2 1
m 2 5 3
b 2
p
m 3 4 0
m 3 7 4
m 4 0 6
m 4 7 2
m 5 1 5
m 1 4 1
m 1 0 0
m 2 2 3
m 2 4 3
m 3 4 1
b 3
m 4 4 6
m 4 0 1
p
m 5 4 1
q 5
m 1 1 5
m 1 5 1
m 2 1 1
m 2 4 1
m 3 4 0
m 3 3 1
q 3
m 4 2 4
m 4 4 2
m 5 4 3
m 5 1 4
m 1 6 4
m 2 1 3
m 3 3 0
m 4 4 4
m 5 6 2
m 5 3 3
m 1 1 6
m 1 7 1
m 2 3 0
m 3 4 3
m 4 6 1
m 5 4 3
m 1 1 2
m 2 2 0
m 3 7 3
m 4 2 3
m 1 3 6
m 1 6 4
p
m 2 4 3
m 3 3 6
m 3 4 3
m 4 4 3
m 4 7 1
m 5 3 6
b 5
m 1 5 4
p
m 2 0 7
m 3 4 0
m 4 3 0
m 5 0 7
m 5 3 1
m 1 0 6
m 3 4 0
m 3 6 0
b 3
m 4 5 0
m 4 2 3
m 5 2 3
m 5 7 0
b 5
m 1 4 0
q 1
m 2 3 0
m 2 3 2
m 3 4 3
m 3 0 4
m 4 2 0
m 5 5 0
m 5 3 0
m 1 4 2
m 1 7 4
f 1
m 3 3 6
m 3 7 1
m 4 4 3
m 4 6 1
g 4 4 0
m 5 3 6
m 5 7 0
m 1 2 3
m 1 7 3
m 2 4 3
m 2 7 4
m 3 3 6
m 3 7 1
m 4 4 3
m 4 7 2
m 5 3 6
f 5
m 1 3 0
m 2 3 0
m 2 1 1
f 2
q 2
m 3 3 0
m 4 3 6
m 5 3 6
m 5 4 0
m 1 6 1
m 2 4 3
m 2 1 1
m 3 4 3
m 4 2 3
g 4 2 1
m 5 3 0
m 5 3 1

