B 6 9 3 11
m 1 2 2
m 1 1 7
m 2 1 2
m 2 0 4
m 3 8 3
m 1 0 1
m 1 5 8
m 2 1 1
m 3 8 2
m 1 2 2
m 1 3 7
m 2 0 1
g 2 8 5
m 3 2 4
m 3 4 7
b 3
m 1 3 3
m 1 3 8
m 2 3 4
m 2 4 6
m 3 1 5
q 3
p
m 1 1 3
m 1 4 0
q 1
m 2 0 3
m 3 8 1
m 1 2 3
m 2 6 3
m 2 0 2
m 3 0 4
m 3 5 2
m 2 4 1
g 2 6 4
m 3 0 2
m 3 4 4
m 1 4 5
m 1 3 6
m 3 1 5
m 3 5 2
m 1 4 5
m 2 3 2
q 2
m 3 6 0
m 3 5 2
b 3
m 1 0 0
m 1 4 6
m 2 6 1
m 3 5 5
f 3
m 1 6 5
m 2 3 5
m 3 4 1
m 3 3 1
m 1 8 1
b 1
m 3 5 0
m 3 2 0
m 1 5 0
m 1 5 3
f 1
m 2 6 2
m 3 4 2
m 1 8 0
m 1 1 4
m 2 6 1
m 3 5 5
m 3 4 4
m 1 6 1
f 1
q 1
m 2 8 0
m 2 5 7
g 2 5 4
m 3 5 2
m 3 5 0
f 3
m 2 8 1
m 3 2 8
m 1 1 2
m 1 0 2
m 2 7 2
m 2 2 1
m 3 1 5
m 1 4 5
m 2 1 5
b 2
m 3 3 1
m 3 0 5
m 1 8 1
m 1 0 8
b 1
m 2 4 5
m 3 0 1
m 3 3 6
m 1 7 0
m 1 2 7
m 2 2 6
m 3 6 5
q 3
m 1 0 1
m 1 1 6
m 2 0 3
p
m 3 8 1
m 1 6 5
m 1 0 3
m 2 0 1
m 3 7 0
f 3
m 1 5 2
m 2 3 4
m 2 5 2
q 2
m 3 0 3
q 1
m 2 1 5
m 2 1 0
m 1 4 5
m 2 5 2
p
m 1 3 4
f 1
m 2 2 6
m 2 1 4
m 3 8 1
m 3 4 6
f 3
m 1 6 5
m 3 3 4
m 1 2 0
m 1 3 2
f 1
m 3 8 1
m 1 0 3
m 1 1 1
m 2 4 5
b 2
m 3 4 5
m 1 5 2
q 1
m 2 0 3
m 2 1 3
b 2
m 3 8 4
g 3 8 3
m 1 3 6
m 2 8 4
m 2 2 1
q 2
m 3 3 2
m 1 6 0
m 2 4 5
m 2 4 6
f 2
m 3 1 5
m 1 5 1
p
m 3 7 0
g 3 8 2
m 1 0 3
m 1 4 1
g 1 1 4
m 2 4 5
m 2 4 7
m 3 7 0
m 1 4 6
m 1 3 7
q 1
m 2 0 0
f 3
m 1 6 5
m 2 5 2
m 2 5 6
g 2 0 5
m 3 7 0
m 3 3 3
f 3

