B 7 9 3 20
m 1 4 3
m 1 4 6
m 2 8 0
m 2 0 8
m 3 3 5
m 3 0 2
m 1 3 3
m 1 2 0
m 2 0 6
m 2 2 2
m 3 6 8
p
m 1 5 4
m 2 0 7
m 2 2 3
m 3 5 1
m 1 6 5
m 1 4 7
m 2 8 4
m 3 7 6
m 3 1 0
m 1 1 0
f 1
m 2 3 1
m 3 2 3
m 3 5 1
m 1 8 3
m 2 1 4
m 3 7 2
m 3 0 7
m 1 4 5
m 3 5 7
q 3
g 3 1 3
m 1 4 2
m 1 4 3
m 2 4 6
m 2 6 5
m 3 7 2
m 3 2 7
m 1 3 6
m 1 1 7
p
m 2 0 6
m 3 4 5
m 3 2 4
m 1 1 8
m 2 4 8
m 3 3 0
m 2 6 4
m 3 5 0
m 1 6 1
m 1 4 6
m 2 8 2
b 2
m 3 6 1
m 3 1 4
m 1 0 3
m 2 8 5
m 2 3 2
m 3 1 4
m 1 2 5
m 2 8 5
m 2 5 4
m 3 8 2
m 3 1 3
b 3
m 1 7 3
q 1
m 2 4 4
m 2 2 5
m 3 0 6
m 3 3 2
m 1 6 1
m 2 6 5
f 2
m 3 1 2
m 2 4 0
m 3 3 6
m 1 6 6
q 1
m 2 6 2
m 2 1 3
m 3 3 3
m 1 1 6
m 1 3 1
m 2 3 5
m 2 1 5
p
m 3 5 8
m 1 6 2
m 1 6 1
m 3 1 5
m 1 3 6
m 2 5 1
m 3 2 7
m 1 0 6
m 1 6 0
m 2 4 7
m 3 1 0
b 1
m 2 1 2
m 2 6 0
q 2
m 3 7 3
m 1 8 3
q 1
m 2 4 0
m 2 1 7
m 3 1 0
f 3
m 1 1 2
q 1
m 2 4 1
q 2
p
m 3 8 3
q 3
m 1 4 3
m 2 5 0
m 3 4 3
m 3 2 3
q 3
m 1 4 0
q 1
m 2 1 2
m 3 4 4
m 1 0 6
m 2 3 6
m 3 3 6
m 1 3 5
m 1 4 1
m 2 4 0
f 2
m 3 7 6
m 3 3 1
b 3
q 3
m 1 8 3
p
m 2 4 2
b 2
m 3 4 3
m 1 6 2
m 2 0 0
q 2
m 3 7 6
m 1 6 3
m 2 5 8
m 2 5 8
m 3 6 3
f 3
m 1 1 1
m 1 3 3
m 2 4 8
m 2 6 2
m 3 1 0
m 1 5 2
m 1 1 1
m 2 5 5
m 3 8 2
m 3 4 2
m 1 4 6
m 2 6 1
b 2
q 2
m 3 6 4
m 3 5 5
m 1 2 8
m 1 6 8
m 2 4 3
q 2
m 3 8 3
m 2 3 5
m 2 2 0
m 3 7 6
m 3 1 6
f 3
m 1 5 8
m 1 1 2
m 2 3 5
m 2 5 7
g 2 5 4
m 3 4 4
m 1 6 5
b 1
m 2 7 3
b 2
m 3 3 5
m 3 0 1
m 1 5 0
m 1 3 6
m 2 1 0
m 3 3 0
m 1 6 8
m 1 3 8
m 2 5 0
m 3 1 4
m 3 1 2
m 1 0 2
m 1 0 0
m 2 1 8
m 3 5 0
m 3 2 3

