B 10 4 6 6
m 1 2 8
m 2 1 0
b 2
m 3 3 7
m 3 5 0
m 4 0 2
f 4
m 5 7 1
m 5 4 1
f 6
m 1 0 7
m 2 8 1
m 2 7 1
m 3 1 5
m 3 0 2
m 4 1 2
m 4 5 1
m 5 1 3
m 5 4 1
f 5
m 6 0 8
m 6 5 3
m 1 0 9
m 2 0 2
q 2
m 3 3 2
g 3 1 7
m 4 1 9
m 5 7 1
m 6 0 2
m 1 0 2
m 1 9 0
m 2 1 6
f 2
q 2
m 3 0 6
m 4 3 8
m 4 6 3
g 4 0 1
m 5 2 9
b 5
m 6 5 1
m 6 5 1
m 1 2 5
m 2 4 3
m 3 3 0
m 3 1 2
q 3
m 4 3 3
m 5 3 0
m 5 9 1
q 5
m 6 3 0
m 6 3 2
b 6
m 1 1 1
m 1 3 2
b 2
m 3 5 3
q 3
m 5 1 6
m 6 0 8
m 6 7 0
f 6
m 1 3 2
m 1 7 0
m 2 1 3
m 2 6 2
m 3 0 0
b 3
m 4 2 8
m 4 6 2
g 4 1 8
m 5 2 4
m 5 9 2
g 5 3 3
m 6 6 0
m 1 6 3
f 1
m 2 2 8
m 3 2 8
m 3 8 1
m 4 2 2
m 4 1 1
q 4
m 5 4 3
g 6 0 9
m 1 1 3
m 2 9 1
m 2 2 3
q 2
m 3 1 0
m 4 3 8
m 4 7 3
b 4
m 5 0 4
m 5 2 0
m 6 2 7
m 1 9 0
m 2 3 9
m 2 5 2
m 3 0 8
m 4 3 0
m 4 6 3
q 4
m 5 1 1
m 6 2 7
f 6
m 1 6 2
m 2 3 8
q 2
q 3
m 4 2 4
m 4 1 0
m 5 3 0
m 5 1 1
m 6 0 8
m 1 3 0
m 1 9 3
m 2 9 2
b 2
m 3 2 8
m 4 6 2
m 4 4 1
m 5 0 0
m 5 4 0
m 6 1 0
p
m 1 2 2
m 2 0 8
m 2 7 2
m 3 0 8
f 3
m 4 1 3
f 5
m 6 6 0
p
m 1 0 8
m 2 1 2
f 2

