B 10 9 6 18
m 1 2 5
m 2 2 1
m 3 8 7
m 3 1 8
g 3 1 2
m 4 4 1
m 5 5 5
m 6 6 5
f 6
m 1 8 4
m 1 5 7
b 1
p
m 2 1 6
m 3 7 3
m 4 3 3
m 4 0 3
p
m 5 8 2
m 5 9 5
m 6 4 5
m 6 9 8
m 1 6 5
m 1 4 0
m 2 1 1
m 2 5 1
m 3 6 1
b 3
m 4 6 2
f 4
m 5 0 1
b 5
f 5
m 1 3 5
m 1 4 7
q 1
m 2 1 3
m 2 6 4
f 2
m 3 3 8
m 4 1 8
f 4
g 4 5 9
m 5 8 0
m 5 4 1
m 6 0 6
q 6
m 1 2 6
m 2 8 4
q 2
p
m 3 4 5
m 3 0 0
f 3
m 4 7 2
b 4
m 5 5 7
m 5 7 4
m 6 1 3
m 1 8 0
m 1 6 3
m 2 0 1
m 2 1 1
g 2 0 4
m 3 1 3
m 4 8 7
m 5 3 6
m 1 4 0
m 1 8 7
f 1
m 2 4 8
m 3 8 6
m 3 8 1
g 3 2 7
m 4 4 4
m 5 0 7
m 6 0 6
q 6
m 1 8 6
m 2 7 8
m 2 8 0
m 3 7 1
m 4 1 9
m 5 2 3
f 5
q 5
m 6 0 9
b 6
m 1 4 4
f 1
m 2 0 7
m 2 2 5
m 3 4 9
m 3 2 6
p
m 4 0 1
f 4
m 5 6 7
g 5 6 0
m 6 0 9
m 6 3 7
q 6
m 1 7 2
m 2 3 4
m 3 8 0
m 3 3 3
m 4 3 2
m 5 5 3
m 5 8 2
f 5
m 6 0 4
b 6
m 1 1 3
m 1 7 0
m 2 2 9
m 3 5 5
b 3
m 4 0 6
m 4 3 4
b 4
p
m 5 8 0
b 5
m 6 2 4
b 6
m 1 5 8
m 2 0 6
m 2 6 8
p
m 3 4 0
m 3 1 5
g 3 8 7
m 4 2 1
m 5 6 7
m 5 9 8
m 6 7 2
m 6 4 1
m 1 7 3
q 1
m 2 7 2
m 2 5 8
m 3 7 9
m 4 4 5
m 4 4 4
m 5 6 9
m 5 8 6
f 5
m 6 6 5
f 6
g 6 6 1
m 1 6 5
m 2 0 9
m 2 2 1
q 2
m 3 9 6
g 3 4 2
m 4 5 7
m 5 2 9
m 5 9 1
m 6 6 1
m 6 8 7
q 6
m 1 8 2
b 1
m 2 8 2
m 2 4 1
m 3 8 0
m 3 0 6
b 3
q 3
m 4 8 8
m 5 6 5
m 5 7 3
q 5
m 6 6 6
q 6
m 1 5 8
m 2 3 8
m 2 7 2
m 3 7 2
m 3 0 2
m 4 0 9
m 4 8 8
b 4
m 5 0 9
m 6 3 8
m 6 1 7
m 1 3 9
m 2 6 5
m 3 6 4
m 4 2 2
m 5 8 3
m 6 7 1
f 6
m 1 5 3
p
m 2 7 1
m 2 4 6
m 3 9 0
f 3
m 4 8 1
m 4 5 2
m 5 7 7
m 6 2 1
m 1 5 8
f 1
m 2 8 8
m 2 4 8
b 2
q 2
m 3 1 7
m 4 4 1
q 4
m 5 6 5
m 5 0 8
m 6 6 4
m 6 3 1
m 1 3 9
f 1
m 2 4 5
m 2 4 3
f 2
m 3 9 7
m 3 1 6
m 4 2 9
m 4 9 5
m 5 5 8
m 5 3 5
m 6 4 5
b 6
m 1 0 5
q 1
m 2 0 6
m 2 8 0
m 3 6 5
m 4 6 5
m 4 1 1
m 5 0 5
m 6 4 2
m 6 6 0
m 1 5 7
m 2 4 1
f 2
q 2
m 3 4 7
m 3 6 5
m 4 0 5
p
m 5 2 1
m 6 3 1
m 1 6 7
m 1 9 4
m 2 1 4
m 3 4 5
m 3 4 5
f 4
p
m 5 7 2
m 5 8 1
f 5
m 6 7 2
m 6 8 5
m 1 7 2
m 2 2 1
m 2 4 5
m 3 6 5
m 4 6 5
m 4 9 5
p
m 5 2 1
m 5 7 6
q 5
m 6 0 1
b 6
m 1 0 2
m 1 9 7
f 1
q 1
m 2 8 0
m 3 2 9
m 4 6 5
m 5 3 0
m 1 3 4
m 2 0 2
m 3 7 3
b 3
m 4 0 1
m 4 5 2
m 5 0 2
m 6 0 5
m 6 9 0
m 1 2 9
m 1 3 8
m 2 0 1
m 3 6 8
m 4 0 5
m 5 7 0
m 5 1 2
m 6 4 5
m 1 0 1
m 2 5 7
m 3 0 2
m 3 7 2
m 4 6 5
m 4 7 5
m 5 1 1
m 6 0 8
m 1 3 3
m 1 7 8
m 2 6 8
m 2 9 2
g 2 2 5
m 3 0 2
m 3 0 1
g 3 8 8
m 4 0 1
m 4 3 7
f 4
m 5 1 0
m 5 9 1
m 6 0 2
m 1 7 2
f 1
m 2 0 2
m 2 0 2
p
m 3 7 2
b 3
m 4 3 4
m 5 0 4
m 5 7 5
g 5 5 3
m 6 0 2

