B 9 4 3 18
m 1 1 0
m 2 2 0
m 2 8 0
m 3 2 5
m 3 8 1
m 2 3 2
m 2 4 0
m 3 7 3
m 3 5 2
f 3
m 1 0 0
m 2 1 0
q 2
m 3 2 7
m 3 1 1
m 1 0 6
m 1 4 2
q 1
m 2 2 2
m 2 0 0
m 3 4 0
m 1 3 0
m 1 3 3
m 2 3 4
m 3 1 6
m 1 1 7
b 1
m 2 0 0
m 3 0 3
q 3
m 1 3 6
m 1 2 2
m 2 1 0
m 2 0 2
m 1 0 7
m 2 3 6
m 3 3 8
m 1 5 0
q 1
m 2 2 6
m 2 2 2
q 2
m 3 8 0
m 2 3 5
q 2
m 3 3 8
m 1 0 6
m 1 7 3
m 2 1 6
m 2 0 1
m 3 4 1
m 3 7 1
g 3 0 3
m 1 5 3
m 1 1 1
f 1
m 2 2 7
m 2 0 0
q 2
m 3 3 4
m 3 7 3
m 1 2 6
m 1 4 3
m 2 1 3
m 3 7 3
m 3 5 2
m 1 1 5
g 2 1 1
m 3 0 7
q 3
m 1 2 7
m 2 2 7
m 3 3 2
m 3 1 2
b 3
f 3
q 3
m 1 2 7
m 2 0 1
m 3 0 7
m 1 4 0
m 2 2 6
m 2 4 3
f 2
m 3 0 7
m 3 0 3
b 3
b 1
m 2 2 3
m 3 0 1
m 3 3 3
m 1 1 2
m 1 2 3
b 1
m 2 3 6
m 2 8 1
m 3 8 3
m 3 5 2
m 1 0 6
m 1 7 1
m 2 1 5
m 3 3 6
m 3 1 0
m 1 0 6
m 1 4 0
b 1
q 1
g 1 1 1
m 3 2 6
m 3 8 3
f 3
m 1 0 7
m 1 5 1
b 1
m 2 0 7
m 3 2 6
m 3 4 3
m 1 0 2
m 2 0 6
f 2
m 3 2 7
m 3 0 1
m 1 3 6
f 1
g 1 1 4
m 2 8 0
m 2 7 1
q 2
m 3 5 0

