B 5 9 3 18
m 1 0 4
m 1 4 4
f 1
m 2 4 1
m 3 2 4
f 1
g 1 4 2
m 2 6 2
q 2
m 3 0 2
m 3 2 4
p
m 1 8 2
m 1 1 2
p
m 2 3 2
m 3 1 8
m 3 1 7
m 1 8 3
m 1 4 1
b 1
p
m 2 0 2
m 1 0 8
m 1 2 5
q 3
p
m 1 6 4
m 1 4 7
b 1
m 2 0 1
m 3 3 3
m 1 7 3
m 1 3 7
m 2 4 1
b 3
m 1 3 1
m 1 4 6
m 2 2 2
m 2 1 7
f 2
m 3 5 4
m 3 4 5
m 1 7 0
m 1 3 7
f 1
m 2 1 1
m 2 3 2
m 3 3 2
m 1 0 1
b 1
m 2 2 4
m 3 6 0
m 3 4 0
f 3
g 3 8 0
m 1 0 3
m 1 2 2
q 1
p
m 2 2 5
m 2 2 1
m 3 5 0
m 1 4 5
m 2 0 2
m 2 3 8
q 2
m 3 1 3
m 1 0 2
m 2 8 4
m 2 2 4
m 3 6 2
m 1 4 3
m 1 2 6
m 3 2 0
m 1 0 0
m 1 3 2
m 2 4 3
m 2 2 5
m 3 2 4
m 3 0 5
m 1 6 0
m 1 3 2
f 1
m 3 0 6
m 3 0 2
q 3
m 1 8 2
m 1 2 3
b 1
f 1
m 2 5 3
m 2 1 5
m 3 7 0
m 1 3 5
m 2 8 2
b 2
m 3 2 7
q 3
m 1 8 4
q 1
m 2 4 3
m 3 3 8
q 3
m 1 2 4
g 1 6 0
m 2 8 2
m 2 4 1
m 2 2 2
m 3 8 2
m 1 2 0
m 2 4 1
m 2 3 7
g 2 0 2
m 3 0 3
m 1 4 3
m 1 2 7
m 2 6 1
m 1 3 8
g 1 5 0
m 2 7 0
m 2 4 0
m 3 0 3
m 1 6 1
m 1 1 7
m 2 4 7
f 2
m 2 0 5
m 2 0 0
q 2
m 3 1 6
f 3
q 3
m 1 4 1
m 1 1 0
m 2 0 3
m 2 0 0
m 3 3 8
m 3 0 6
m 1 3 6
m 3 3 5
m 1 4 1
m 1 0 7
m 2 2 4
m 2 3 0
m 3 8 2
m 3 2 2
p
m 2 3 1
m 3 8 2
m 3 0 1

