B 6 8 4 15
m 1 5 3
m 3 4 5
b 3
m 4 7 5
m 1 1 0
p
m 2 6 0
m 2 1 5
m 3 5 3
m 4 1 4
m 4 0 0
m 1 2 3
m 1 0 7
m 2 0 5
m 3 1 1
m 3 1 1
m 4 6 2
m 1 2 7
m 2 4 3
m 2 4 3
m 3 6 0
g 3 3 5
m 4 4 2
m 1 2 5
m 2 0 5
m 2 4 0
m 3 0 1
q 4
m 1 1 4
m 1 2 6
m 2 3 1
f 2
m 3 6 1
m 3 5 3
m 4 6 1
m 4 3 4
m 1 3 7
p
m 2 3 5
p
m 3 5 6
m 3 1 0
m 4 7 5
m 4 2 4
m 1 2 0
m 1 3 2
m 2 1 2
m 2 0 3
m 3 2 5
m 4 0 1
m 4 2 3
f 4
g 1 5 4
m 2 4 1
f 2
m 3 2 2
m 3 1 0
f 3
p
m 4 6 1
g 4 3 4
m 2 3 2
m 2 3 0
f 2
m 3 6 1
f 3
q 3
m 4 7 5
m 1 3 1
b 1
m 2 2 5
m 3 2 0
m 3 2 5
q 3
m 4 2 5
m 4 5 3
m 1 4 5
m 1 3 3
m 2 6 4
m 3 0 0
q 3
m 4 6 1
m 4 3 7
g 4 1 0
m 1 0 6
b 1
m 2 2 0
m 3 2 1
q 3
m 4 4 5
b 4
m 2 5 3
m 3 1 5
m 3 0 1
m 4 5 5
m 4 5 6
f 4
q 4
m 1 2 0
f 1
m 2 1 5
m 2 2 2
q 3
m 4 2 5
m 1 5 2
g 1 5 2
m 3 1 5
b 3
m 4 2 0
m 1 2 4
m 2 7 4
m 3 4 4
m 3 4 1
f 3
g 3 0 0
b 4
m 1 0 6
m 2 6 1
p
m 3 6 1
m 3 3 7
q 1
m 2 6 4
b 2
g 2 5 5
m 3 3 5
m 3 1 7
m 4 4 6
q 4
m 1 1 5
m 1 1 6
m 2 2 0
m 3 2 4
m 3 5 2
m 4 5 6
q 4
p
m 1 3 3
m 2 4 5
f 2
m 4 4 0
m 1 4 0
m 2 7 4
m 3 2 0
f 3
m 4 7 4
m 1 4 5
b 1
m 2 1 5
m 3 6 3
m 3 1 6
b 3
m 4 3 1
m 1 2 0
m 1 2 4
m 2 7 5
m 2 2 2
f 2
m 3 4 0
m 3 5 6
m 4 1 5
b 4

