B 7 9 4 15
m 1 1 1
m 2 7 0
m 3 4 3
b 3
m 4 2 6
m 4 6 6
m 1 6 0
m 1 3 2
f 1
q 1
m 2 3 7
m 4 7 6
b 4
m 1 1 4
m 1 6 4
m 2 0 4
m 3 1 3
m 4 4 4
b 4
m 1 1 6
m 2 6 2
m 2 2 5
m 3 7 6
m 4 6 3
p
m 1 3 0
m 1 3 3
m 2 0 2
m 2 6 8
m 3 4 1
f 3
m 4 8 4
m 1 3 8
b 1
g 1 3 1
m 2 5 8
m 3 6 3
m 4 6 3
m 4 3 8
m 1 0 2
m 2 2 2
m 3 5 6
f 3
m 4 1 0
m 4 2 4
m 1 6 0
m 2 6 0
f 2
g 2 6 2
m 3 6 0
m 4 3 5
m 1 8 2
m 1 4 2
m 2 4 2
m 2 0 5
p
m 4 6 6
m 4 4 5
f 4
m 1 0 6
m 1 1 5
m 2 4 5
p
m 3 4 5
m 3 6 7
p
m 4 2 5
p
m 1 6 4
m 1 4 2
m 2 6 4
m 2 2 6
m 3 2 0
m 4 6 0
m 4 5 3
q 4
m 1 3 6
m 1 4 8
m 3 6 5
m 3 6 6
m 4 0 6
m 4 4 4
p
m 1 5 5
m 2 1 0
m 2 4 1
m 3 8 1
m 3 5 2
f 3
m 4 1 0
m 4 3 5
m 2 1 0
m 3 2 1
m 3 6 4
m 4 4 3
m 1 5 3
m 2 1 0
b 2
f 2
m 3 4 3
m 3 5 6
m 4 6 0
m 1 8 0
m 1 6 5
g 1 6 5
m 2 5 5
b 2
f 2
m 3 3 4
m 4 0 4
m 1 4 2
m 2 1 5
f 2
m 3 7 2
f 3
m 4 7 5
m 1 3 0
m 1 5 4
m 2 1 5
m 3 1 6
m 3 6 8
m 4 1 6
f 4
m 1 0 4
m 2 5 5
f 3
m 4 0 4
m 4 1 1
m 1 7 2
f 2
m 3 8 0
m 4 7 1
m 4 0 8
m 1 3 2
m 2 1 5
m 3 3 7
g 3 5 6
m 4 1 6
m 4 6 2
m 2 1 0
m 3 3 0
m 3 2 8
q 3
m 4 0 0
m 2 3 2
m 2 6 6
m 3 1 6
m 4 7 2
m 4 6 0
m 1 1 5
q 2
m 3 5 8
m 3 2 6
p
m 4 1 6
f 4
m 1 6 1
m 2 7 2
m 2 6 7
m 4 7 4
m 1 7 0
b 1
m 3 7 5
m 3 6 0
b 3
g 3 6 6
m 4 4 8
m 2 1 2
m 1 2 0
p
m 2 6 4
g 2 8 0
m 3 6 4
m 4 7 2
b 4
m 1 6 4
m 1 0 7
m 2 7 1
m 2 6 0
m 3 3 0
m 4 3 2
m 4 0 0
m 1 0 5
m 2 3 4
m 2 2 7
f 2
m 3 6 4
p
m 4 7 4
m 1 0 4
p
m 2 3 3
m 3 0 5
m 3 5 8
m 4 1 3
m 4 0 7
m 1 8 1
m 2 0 5
m 2 3 6

