B 7 6 4 11
m 1 1 5
f 1
m 2 1 3
f 2
m 3 1 5
m 4 0 6
m 1 1 6
m 1 4 5
q 1
m 2 2 1
m 3 2 2
m 3 0 2
m 4 6 2
m 1 4 1
m 2 1 5
m 2 5 0
m 3 2 3
m 3 2 1
m 4 4 3
g 4 5 4
m 1 5 3
g 1 2 6
m 2 6 4
m 2 2 3
g 2 2 6
m 3 2 5
m 3 6 4
m 4 0 2
m 4 0 4
m 1 2 3
m 2 0 1
m 3 1 6
m 4 1 5
m 4 5 2
m 1 4 1
m 1 2 1
m 2 1 4
m 3 4 4
b 3
m 4 5 0
m 1 2 3
m 1 4 5
g 1 3 1
m 2 4 5
b 2
m 3 5 5
m 4 3 3
b 4
g 4 5 4
m 1 0 1
f 1
m 2 4 0
m 2 6 1
m 3 2 1
m 3 5 5
q 3
m 4 0 2
m 1 1 4
m 2 6 0
m 2 2 4
m 3 5 4
m 3 1 2
f 3
q 3
m 4 6 3
m 1 2 3
b 1
m 2 6 3
m 2 1 0
m 3 2 3
m 4 5 0
m 4 1 1
m 1 4 3
m 2 0 2
m 3 2 3
m 4 4 3
m 4 0 5
m 1 2 4
m 1 3 5
b 2
m 3 0 0
m 3 2 4
f 3
m 4 2 3
f 4
q 4
m 1 4 5
m 1 6 1
f 1
m 2 0 1
f 2
m 4 1 3
m 1 1 5
m 2 5 0
m 2 4 3
f 2
m 4 5 6
m 4 3 1
b 4
q 4
g 4 1 0
m 1 4 5
m 1 3 4
m 2 0 4
b 2
b 3
m 4 3 0
m 1 1 5
m 1 5 4
m 2 3 0
m 3 2 4
m 3 2 2
m 4 3 0
m 4 2 5
m 1 5 2
m 1 5 2
m 2 1 5
m 2 5 1
m 3 5 6
m 4 0 1
m 4 3 1
m 1 0 4
m 1 0 3
m 2 0 2
q 2
m 3 2 0
m 4 5 2
m 1 2 4
m 1 3 2
m 2 4 4
q 3
m 4 1 4
m 4 5 3
m 1 2 4
m 1 3 0
m 2 5 6
m 2 2 0
g 2 5 2
m 3 1 1
m 4 2 4
b 1
m 2 5 6
m 3 3 2
m 4 2 4
m 4 4 5
b 4

