B 9 5 4 15
m 1 0 7
m 2 1 3
m 3 4 1
m 3 4 2
m 4 2 1
m 4 1 4
q 4
m 1 0 8
m 2 3 0
g 2 1 2
m 3 4 3
m 3 2 4
m 4 1 6
m 1 0 4
m 1 3 4
m 2 2 0
m 3 0 1
m 3 1 0
m 4 1 8
m 1 3 5
m 1 7 4
m 2 8 3
m 2 7 3
m 3 2 5
m 4 1 1
m 1 1 6
m 1 2 3
m 2 7 4
m 3 0 4
m 3 7 1
m 4 5 1
m 4 7 0
m 1 4 8
m 1 8 1
m 2 8 1
f 2
m 3 7 2
m 3 2 3
m 4 3 3
m 4 7 3
b 4
f 4
m 1 1 2
f 1
m 2 3 5
m 2 5 0
m 3 0 1
m 3 8 3
m 4 2 0
m 4 0 3
b 4
m 1 8 2
m 1 3 0
m 2 2 0
m 3 7 1
m 3 3 2
m 4 2 4
m 4 6 4
q 4
m 1 7 0
m 1 1 3
m 2 0 0
m 2 5 4
m 3 1 6
f 3
m 4 3 0
q 4
m 1 3 6
m 2 3 5
m 3 0 4
p
m 4 1 3
m 1 2 0
q 1
m 2 7 4
b 2
f 2
m 3 5 4
m 3 3 1
m 4 1 0
f 4
m 1 2 0
q 1
m 2 0 4
m 2 6 0
m 3 0 8
b 3
m 4 5 4
m 4 2 0
m 1 3 6
b 1
m 2 1 4
q 2
m 3 1 6
m 4 8 4
b 4
q 4
m 1 7 3
b 1
m 2 3 5
f 2
q 2
m 3 4 4
m 3 3 4
m 4 3 4
m 2 0 4
m 2 3 1
m 3 3 5
m 3 0 3
b 3
m 4 2 6
m 1 2 6
m 2 0 4
m 3 3 6
m 3 3 3
m 4 4 4
m 4 2 0
m 1 2 0
m 1 8 4
m 3 6 0
m 4 0 8
m 4 7 4
f 4
m 1 8 3
m 1 8 0
f 1
m 2 7 2
m 3 6 4
b 3
m 4 1 6
q 4
p
m 1 2 5
b 1
m 2 2 6
m 2 6 3
m 3 2 4
m 4 0 4
m 1 2 5
m 1 3 2
m 2 7 4
b 2
f 2
m 3 1 6
m 3 6 2
m 4 2 5
f 4
q 4
m 1 8 2
m 1 0 4
m 2 3 5
m 3 2 2
m 4 0 4
m 4 7 0
m 1 3 1
m 1 4 3
m 2 2 0
m 2 6 4
g 2 3 2
m 4 2 0
m 1 0 1
m 1 3 2
m 2 7 0

