B 9 9 4 15
m 1 7 7
p
m 2 0 5
m 3 3 6
m 3 3 6
m 4 8 1
f 4
m 1 0 5
m 1 5 5
m 2 3 8
m 2 5 3
b 2
m 3 0 6
m 3 5 6
g 3 1 8
m 4 6 2
m 3 0 7
m 4 2 0
m 4 7 6
m 1 1 5
f 1
m 2 5 0
g 2 6 5
m 3 2 0
m 4 0 6
m 4 0 6
m 2 2 0
m 2 5 5
m 3 4 7
m 4 6 6
m 4 6 6
m 1 2 5
m 1 2 6
m 2 8 5
m 3 1 6
m 3 7 0
b 3
m 4 2 3
m 4 3 4
g 4 0 7
p
q 1
m 2 2 0
m 3 7 3
m 4 2 2
m 4 6 4
f 4
q 4
m 1 7 0
m 1 6 7
m 3 8 8
m 3 8 5
m 4 3 0
m 4 6 0
f 4
p
m 1 2 0
m 2 7 2
f 2
m 3 3 0
m 3 7 2
m 4 1 7
m 4 7 4
m 1 5 2
m 3 5 4
m 3 2 4
m 4 6 8
q 4
g 4 0 7
m 1 7 8
m 1 2 0
f 2
q 2
p
m 3 1 5
m 4 6 7
m 4 8 4
m 1 5 3
f 1
m 2 3 1
m 2 8 2
f 2
q 2
m 3 3 1
m 3 1 2
m 4 4 4
b 4
m 1 5 8
m 1 8 0
m 2 5 7
m 2 4 7
m 3 3 8
m 3 4 1
m 4 6 4
m 4 4 3
m 1 0 4
m 1 0 0
m 2 7 8
m 2 3 1
m 3 7 8
g 3 8 3
m 4 3 8
m 4 4 3
m 1 6 8
m 2 8 0
m 2 7 3
m 3 0 1
m 3 3 3
g 3 7 6
m 4 5 5
m 1 2 6
m 1 5 1
f 1
q 1
m 2 0 4
m 3 8 2
m 4 6 2
m 4 4 6
f 1
m 2 3 2
m 3 3 8
m 4 6 8
m 4 8 3
q 4
m 1 7 3
f 1
m 2 4 2
m 3 8 5
m 3 6 3
m 4 8 4
m 4 0 0
b 4
m 1 1 7
m 2 3 1
m 3 7 5
m 3 8 1
g 3 5 2
m 4 7 2
q 4
m 1 8 4
b 1
m 2 3 8
m 3 5 6
b 3
q 4
m 1 3 0
m 1 3 2
g 1 4 3
m 2 0 4
m 3 1 2
m 3 6 2
m 4 5 4
m 4 8 6
m 1 1 7
f 1
m 2 3 0
b 2
q 2
m 3 6 6
g 3 7 7
m 4 1 1
m 4 5 0
m 1 1 2
m 1 1 6
m 2 7 2
m 2 6 1
m 3 8 4
b 3
m 1 2 0
m 1 4 4
b 1
q 1
m 2 7 8
m 2 5 1
m 3 0 4
m 3 3 6
m 4 0 1
m 1 4 1
m 1 8 8
f 1
m 2 7 2
m 2 0 6
m 3 5 4
m 3 3 0
m 4 1 2
m 1 7 6
m 2 8 4
f 2
m 4 0 8
b 4
m 1 1 7
m 1 8 3
m 2 8 4
b 2
q 2
m 3 5 3
m 3 5 3
b 3
m 4 0 1
m 4 4 7
b 4
m 1 0 4
b 1
p
m 2 1 7
f 2
m 3 6 7
m 3 7 7
m 4 4 1
m 4 0 6
m 1 0 1
m 1 7 8
f 1
m 2 0 1
m 3 7 2
g 3 7 0
m 1 3 1
m 2 3 6
m 3 4 1
f 3
m 4 4 8
m 4 8 6
m 1 1 7
m 2 0 7
m 2 3 5
m 3 5 6
q 3
m 4 0 8
m 4 1 1
m 1 2 8
f 1
m 2 0 3
m 2 1 2
f 2
m 3 7 2
m 3 0 5
m 1 5 4
m 1 0 0
m 2 0 1
g 2 1 4
m 3 1 0
m 4 0 2
m 1 0 8
m 1 7 1
m 2 7 8
m 3 7 3
m 4 2 4
m 1 7 8
m 1 7 1
m 2 7 7
f 2
p
m 3 0 1
m 3 1 5
m 4 7 2
m 1 3 5
m 2 7 2
m 2 6 4
q 2
m 3 3 1
m 3 7 4
q 4
m 1 8 1
m 2 3 1
m 2 5 6
b 2
m 3 0 4
m 4 0 4
b 1
m 2 7 7
p
m 3 2 0
m 4 5 6
m 1 7 5
m 1 1 4
f 1
p
m 3 7 2
m 3 1 8
m 4 5 6
m 2 0 4
m 2 8 4
f 2
m 3 7 8
m 3 0 0
b 3
m 4 3 4
m 1 3 1
b 1
m 2 0 1
m 2 5 0

