B 12 8 5 12
m 1 2 5
m 2 8 6
m 2 4 6
p
m 3 5 5
q 3
m 4 7 9
m 5 3 9
m 5 8 1
m 1 0 5
f 1
m 2 6 7
m 2 5 5
m 3 0 3
m 3 5 0
m 4 0 4
m 5 6 3
m 5 7 6
m 1 7 2
m 1 2 6
p
m 2 5 3
f 2
q 2
m 3 11 4
m 4 7 5
m 4 3 1
b 4
m 5 3 1
m 1 6 11
m 1 4 5
f 3
m 4 1 0
m 4 8 0
p
m 1 2 1
m 2 0 3
q 2
m 3 0 1
f 3
m 4 4 6
m 4 6 1
m 5 4 10
m 1 3 2
b 1
f 1
m 2 4 9
m 2 5 5
q 2
m 3 0 4
m 3 1 6
m 4 4 3
g 4 6 2
m 5 4 4
m 5 7 5
m 2 5 5
m 2 6 7
m 3 8 6
m 3 3 6
m 4 1 10
m 4 5 0
m 5 9 0
m 1 6 5
m 3 5 3
b 3
m 4 5 9
m 4 3 7
m 5 1 1
m 1 9 4
m 1 10 2
m 2 0 2
m 3 4 0
m 3 1 6
q 3
m 4 3 10
m 4 2 6
m 5 7 9
m 5 7 1
m 1 0 2
q 1
p
m 2 6 9
m 2 6 6
m 3 1 4
m 5 7 11
b 5
m 1 2 6
m 2 7 5
m 3 8 7
m 3 6 0
p
m 4 6 9
m 5 5 8
m 5 8 1
f 5
m 1 2 11
m 1 9 6
m 2 3 8
m 2 6 3
m 3 6 0
q 3
m 4 2 5
p
m 5 7 4
m 5 4 1
m 1 1 9
m 2 0 0
p
m 3 0 6
m 4 7 10
m 4 6 7
p
m 5 4 6
p
m 1 7 1
m 1 8 2
f 1
m 2 11 2
q 2
g 2 1 6
m 3 7 11
m 3 0 1
m 4 6 10
m 4 2 6
m 5 11 5
m 5 9 7
g 5 1 0
m 1 6 11
m 1 10 7
b 1
m 2 2 1
m 2 3 7
m 3 2 3
m 3 5 2
f 3
m 4 2 1
m 5 0 10
m 1 7 4
q 1
p
m 2 1 4
b 2
m 3 7 2
m 3 2 7
f 3
m 4 0 3
m 4 3 5
m 5 6 10
m 5 1 5
m 1 3 8
q 1
m 2 1 10
m 2 11 5
b 2
q 2
m 3 0 2
m 3 3 5
m 4 3 1
m 4 2 2
q 4
m 5 5 10
m 1 3 4
m 2 2 1
m 3 0 7
m 4 5 10
m 4 1 7
m 5 2 1
b 5
m 1 3 1
m 1 6 6
p
m 2 6 11
m 2 6 3
m 3 7 7
p
m 4 2 6
m 5 7 7
m 1 8 7
m 2 0 10
m 3 4 8
m 3 3 5
m 4 2 6
m 4 9 3
m 5 3 7
m 1 2 9
m 1 0 1
g 1 1 3
m 2 1 5
m 3 3 1
m 3 11 2
m 4 4 10
b 4
m 5 4 8
m 5 3 0
m 1 7 1
m 2 7 1
m 3 4 6
m 5 3 7
m 5 6 0
m 1 4 10
q 1
m 2 5 9
m 2 8 6
m 3 3 5
m 4 7 7
m 4 7 5
m 5 10 7
b 5
m 1 3 11
m 1 7 3
q 1
m 3 0 3
b 3
m 4 4 10
b 4
f 4
m 1 7 4
m 2 4 6
m 2 3 1
m 3 3 1
m 3 3 1
b 3
m 4 1 11
m 4 9 3
g 5 2 0
m 1 6 11
m 2 7 11
m 3 5 8
m 4 4 6
m 5 6 11
m 1 0 10
m 1 3 0
f 1
m 2 7 11
m 2 0 3
m 3 4 8
m 3 10 5
m 4 4 0
m 5 0 7
m 5 9 2
m 1 3 3
m 1 8 3
m 2 0 2
m 2 3 0
m 3 6 1
m 3 2 1
g 3 4 0
m 4 4 6
m 5 11 1
g 1 7 4
m 2 2 6
m 2 6 6
m 3 6 5
m 3 1 2
p
m 4 0 7
m 5 6 11
b 5
f 5
m 2 4 8
m 2 11 1
m 3 0 10
m 4 1 5
m 4 10 5
m 5 7 5
m 1 2 6
q 1
g 1 2 0
m 2 4 8
m 3 7 4
m 4 7 0
m 4 2 2
m 5 0 2
m 5 9 1
q 5
m 1 6 10
b 1
m 2 3 4
m 2 11 7
m 3 3 0
m 3 9 3
m 4 7 5
m 1 4 6
m 3 6 5
m 4 2 9
m 5 4 10
m 5 6 0
m 1 1 5
f 1
m 2 5 6
m 3 2 1
m 4 3 11
q 4
m 5 1 5
m 5 2 1
m 1 4 5
b 1
m 2 1 5
m 2 3 3
m 3 4 2
m 4 3 1
m 5 7 7
m 5 0 1
m 1 7 4
f 1
m 2 2 1
g 2 4 7
m 3 2 1
p
m 4 4 10
m 5 2 6
m 5 9 5
g 5 3 9
m 2 11 7
q 2
m 3 4 8
m 3 2 5
m 5 4 8
q 5
m 1 11 1
q 1
m 2 9 4
m 2 1 4
q 2
g 2 1 3
m 3 6 10
m 3 8 3
m 4 3 10
m 4 9 3
m 5 0 11
b 5
m 1 4 6
m 1 1 0
m 2 4 5

