B 10 10 6 14
m 1 4 5
q 1
m 2 6 3
m 2 1 3
m 3 4 0
m 3 6 2
m 5 3 2
b 5
m 6 0 2
b 6
m 1 3 0
f 1
q 1
m 2 7 3
m 3 2 6
m 4 8 5
m 4 3 0
m 5 8 5
f 5
m 6 5 3
m 1 8 6
m 2 8 3
m 2 2 9
m 3 4 2
m 3 8 1
f 3
m 4 7 5
m 4 5 0
m 5 9 6
m 5 7 7
b 5
q 5
m 6 4 4
m 6 5 3
f 6
m 1 7 8
b 1
m 2 2 5
m 3 2 1
m 3 7 8
m 4 5 5
m 5 8 4
m 6 3 0
m 6 0 9
m 1 5 0
m 1 8 1
f 1
m 2 5 2
m 2 8 2
m 3 4 5
m 4 1 9
m 4 4 9
m 6 1 4
m 6 9 5
q 6
m 1 1 6
m 1 6 6
m 2 8 4
m 3 2 4
m 3 3 9
q 3
m 4 0 6
m 5 8 8
m 5 1 1
b 5
p
m 1 7 8
m 2 2 9
q 2
m 3 5 7
m 3 7 7
m 4 5 6
m 6 7 3
m 6 6 8
m 1 4 6
b 1
q 1
m 2 5 1
m 3 4 0
m 3 8 4
m 4 3 0
m 4 5 7
m 5 0 6
m 6 5 0
m 6 7 7
m 1 8 2
m 1 4 6
m 2 5 2
m 3 8 3
m 3 4 4
m 4 0 8
f 5
m 6 5 4
m 1 9 9
p
m 2 4 7
m 3 0 6
m 3 9 7
f 3
m 4 9 3
m 5 9 8
f 5
m 6 1 9
m 6 0 9
q 6
m 2 7 8
m 2 3 6
m 3 2 5
m 4 0 9
m 4 9 1
f 5
m 6 9 6
m 6 3 7
m 1 7 6
m 1 9 3
b 1
p
m 2 0 1
m 3 4 3
m 3 2 0
m 4 2 9
q 4
m 5 8 1
m 5 2 9
m 6 1 7
m 1 4 9
m 1 9 3
m 2 3 3
m 4 2 7
f 4
m 5 8 4
m 5 7 1
b 5
q 5
m 6 1 1
b 6
f 6
m 1 8 5
m 2 4 3
m 2 3 1
m 3 8 5
b 3
f 3
p
m 4 1 7
m 4 5 2
b 4
m 5 0 9
m 5 4 4
m 6 7 0
m 6 9 9
g 6 1 1
p
m 1 9 8
q 1
m 2 9 4
m 3 1 4
m 4 2 2
m 4 0 3
m 5 2 1
m 5 0 5
g 6 5 5
m 1 4 0
p
m 2 6 8
m 2 2 5
p
m 3 2 7
f 3
m 4 2 9
b 4
q 4
m 5 8 3
m 6 7 3
m 6 2 6
m 1 3 2
m 1 7 6
m 2 5 2
b 2
m 3 5 1
p
m 4 2 4
m 4 1 4
p
m 5 7 8
m 5 0 9
m 6 4 0
m 6 4 3
m 1 1 0
m 2 8 1
m 3 8 8
m 3 9 4
m 4 8 2
m 5 9 9
m 6 8 1
m 6 3 7
q 6
m 1 2 9
m 1 0 0
m 2 2 9
m 3 6 5
m 3 3 8
q 3
m 4 0 4
m 5 5 9
m 5 4 4
q 5
m 6 4 3
m 6 8 6
m 1 4 6
m 2 2 1
m 3 8 2
m 4 8 2
m 5 9 6
m 5 0 6
m 6 5 3
p
m 1 1 8
m 1 1 7
m 2 5 2
m 4 2 7
g 4 1 3
m 5 1 4
b 5
f 5
m 6 0 9
q 6
m 1 7 6
m 1 9 3
m 2 9 8
m 2 9 8
m 4 4 6
m 4 7 9
m 5 8 4
m 5 3 7
m 6 6 5
m 6 7 1
m 1 8 5
m 1 8 4
m 2 7 1
q 2
p
f 3
m 4 7 8
m 5 8 4
b 5
m 6 1 9
m 1 5 3
m 2 3 2
g 2 3 1
m 3 2 0
m 3 4 8
m 4 1 4
m 4 7 9
p
m 5 5 1
m 5 0 3
f 5
m 6 1 4
b 6
g 1 4 5
m 2 1 9
m 3 7 7
g 3 3 0
m 4 1 3
b 5
m 6 5 7
m 1 9 8
m 2 2 9
m 2 9 2
m 3 9 6
m 3 5 2
m 4 0 8
m 4 0 5
q 4
m 5 2 7
b 5
q 6
m 1 1 6
m 1 7 0
m 2 2 1
m 2 9 4
m 3 3 2
q 3
m 4 0 8
m 4 6 8
f 4
m 5 0 6
f 5
m 6 4 6
m 6 0 2
m 1 4 9
m 1 7 1
f 1
m 2 9 8
m 2 3 9
m 4 9 5
m 5 7 6
b 5
f 5
m 6 8 2
b 6
q 6
m 1 3 2
m 2 3 9
m 3 4 7
b 3
f 3
p
m 4 9 6
f 4
p
m 6 6 6
b 6
m 1 3 7
m 1 9 5
g 2 9 5
m 3 7 8
m 4 2 1
m 4 2 6
b 4
m 5 7 8
m 5 3 9
f 5
m 6 0 6
m 1 2 1
m 1 1 7
p
m 3 9 8
m 3 2 6
m 4 2 5
q 5
m 6 0 8
m 1 0 1
m 1 2 4
b 1
m 2 5 5
m 3 4 7
m 4 0 6
m 4 8 5
m 5 2 1
m 5 6 8
m 6 5 1
m 1 4 7
m 1 2 5
b 1
m 2 3 1
q 2
m 3 2 1
m 4 0 5
m 4 3 1
m 5 2 1
m 5 3 7
m 1 6 3
m 1 6 2
m 2 0 6
b 2

