B 10 8 5 7
m 1 8 0
m 2 7 7
m 3 2 5
m 3 4 6
g 3 7 7
m 4 7 2
m 5 2 4
m 1 5 1
m 2 9 5
m 3 5 8
b 3
m 4 4 5
m 4 1 7
m 5 5 8
m 5 5 5
m 1 1 9
m 1 7 3
b 1
f 1
m 2 5 1
m 2 4 1
m 3 6 6
g 3 1 4
m 4 2 5
b 4
m 5 0 0
m 1 7 3
q 1
m 2 1 9
m 2 1 4
b 2
m 3 6 0
m 3 5 4
f 3
m 4 3 6
m 5 6 9
m 1 3 3
f 1
m 2 3 2
b 2
m 3 6 7
m 3 0 3
g 3 5 5
m 4 2 0
m 4 4 1
m 5 7 9
g 5 0 8
m 1 1 7
m 2 9 6
m 3 7 5
m 3 0 6
m 4 7 5
m 5 7 2
m 5 6 0
p
m 1 6 1
m 2 2 8
m 2 5 0
m 3 6 4
m 3 5 1
m 4 1 0
m 4 6 0
f 4
q 4
m 5 2 8
m 1 5 5
m 2 4 3
m 3 0 4
m 3 0 5
m 5 6 3
m 5 9 0
m 1 6 0
m 1 3 0
f 1
m 2 5 2
m 3 3 8
m 4 5 6
m 5 8 2
m 5 0 4
b 5
m 1 5 1
m 1 9 3
f 1
m 2 9 4
m 3 6 6
f 3
m 4 7 0
q 4
m 5 6 3
m 5 4 2
g 5 6 3
m 1 5 5
m 1 6 3
f 1
m 2 4 3
b 2
m 3 3 0
q 3
m 4 5 6
m 4 6 0
m 5 3 7
m 2 1 8
m 2 3 1
f 2
q 2
m 3 2 4
m 3 2 7
b 3
m 4 4 3
f 4
m 5 6 0
m 5 0 4
b 5
m 1 4 4
m 1 1 3
m 2 7 0
m 3 4 3
m 3 7 0
p
m 4 3 2
f 4
m 5 6 1
m 5 6 2
m 1 3 7
m 1 6 2
b 1
f 1
m 2 1 9
m 2 5 7
m 3 5 6
m 4 7 8
m 4 5 7
b 4
m 5 7 3
f 5
m 1 5 1
m 1 6 5
m 2 1 5
m 2 1 6
b 3
m 4 4 4
m 5 4 8
f 5
m 1 1 0
m 2 4 3
m 2 5 1
m 3 8 5
m 3 2 6
m 4 7 3
m 4 5 0
m 5 7 0
m 5 3 3
m 1 6 2
m 2 4 7
m 3 1 1
m 3 7 6
m 5 3 1
m 5 5 6
f 5
b 1
p
m 2 2 2
m 2 6 2
m 3 6 0
m 3 3 1
b 4
g 4 5 5
m 1 4 6
m 1 0 1
m 2 7 2
m 3 0 7
b 3
m 4 6 8
m 4 3 0
m 5 8 1
m 1 5 3
m 1 7 1
b 1
m 2 1 2
m 3 2 0
m 3 1 2
b 4
m 5 4 8
m 5 6 5
m 1 3 1
m 1 2 2
m 2 1 9
m 2 3 3
m 3 3 2
m 3 5 3
q 4
m 1 5 1
m 2 4 7
g 2 6 5
m 4 7 2
m 4 1 7
m 5 3 1
m 5 5 5
b 5
m 1 5 4
m 2 5 3
m 3 5 1
m 4 3 8
m 4 4 5
m 5 3 2
m 1 0 2
m 2 1 0
b 2
m 3 7 1
f 3
m 4 0 0
q 4
m 5 9 4
m 5 7 4
m 1 5 3
m 1 9 3
m 2 1 2
m 2 1 3
b 2
m 3 7 8
m 3 0 4
m 4 7 3
m 5 1 0
m 5 5 7
m 1 2 5
m 1 1 6
b 1
m 2 7 2
m 2 8 7
m 3 0 6
m 4 7 2
m 5 1 1
m 5 5 6
q 1
m 2 4 7
m 3 6 8
m 3 8 2
m 5 5 6
m 1 2 0
m 2 3 8
q 2
m 3 4 4
g 3 6 9
m 4 1 0
m 5 4 7
m 5 1 1
b 5
m 2 3 2
m 2 7 2
b 2
m 3 7 1
q 3
m 4 4 5
f 4
m 5 2 0
m 1 3 7
m 2 7 2
m 2 6 3
m 3 0 4
m 3 0 7
m 4 6 2
m 4 6 5
m 5 8 1
f 5
m 1 3 3
m 2 2 0
m 3 4 1
m 3 1 5
f 3
m 4 8 6
m 4 5 4
m 5 5 4
q 5
m 1 1 1
b 1
f 1
m 2 3 2
m 2 5 6
g 2 7 7
m 3 4 8
m 3 1 2
m 4 0 7
m 5 0 4
m 5 3 3

