B 5 9 4 13
m 1 0 8
m 1 4 4
f 1
m 2 5 2
m 3 0 3
m 4 4 4
m 1 0 0
m 1 0 2
m 2 2 1
m 2 4 8
m 3 1 1
m 3 0 3
m 4 1 0
m 4 0 5
q 4
m 1 2 6
m 1 4 1
m 2 5 2
m 3 0 2
f 3
m 4 1 8
m 1 0 2
m 1 2 1
m 2 0 5
m 3 4 0
m 3 4 7
m 4 4 0
m 1 4 5
m 2 5 2
m 3 3 8
b 3
m 4 7 0
q 4
m 1 2 2
m 2 2 3
m 2 4 8
m 3 1 6
q 4
m 1 4 2
m 1 1 6
f 1
m 2 7 0
m 2 1 5
m 3 8 2
m 3 3 7
b 3
q 3
m 4 4 5
m 4 0 8
f 4
m 1 0 3
f 1
m 2 7 0
q 3
m 4 2 5
q 4
m 1 1 0
m 1 3 0
m 2 4 3
m 2 4 6
p
m 3 7 2
b 3
q 3
m 4 3 3
m 1 6 0
f 1
m 2 2 3
m 2 1 3
f 2
m 3 7 2
m 3 1 8
m 4 4 0
m 4 0 1
f 4
m 1 7 1
m 1 3 1
f 1
m 2 7 1
b 2
m 3 4 1
m 4 6 3
m 4 0 7
m 1 4 2
m 1 1 8
q 1
m 2 4 3
m 3 1 7
b 3
q 4
m 1 3 3
m 2 4 2
m 2 0 7
m 3 6 3
m 3 4 4
m 4 0 2
m 4 2 7
m 1 2 8
m 1 2 4
m 3 6 3
m 3 0 3
b 4
m 1 0 2
m 1 3 1
m 2 6 3
m 3 5 3
m 3 1 7
m 1 4 1
p
m 2 4 0
m 2 1 5
m 3 2 1
m 3 1 1
m 1 5 3
m 2 5 3
m 2 2 5
p
m 3 4 3
m 3 2 4
b 3
b 4
q 4
m 1 2 3
m 1 0 5
m 2 4 3
m 2 0 7
p
m 3 4 0
f 3
m 4 0 2
m 4 3 3
m 1 4 0
m 2 6 3
m 2 3 8
m 3 2 1
m 4 4 0
b 4
p
m 1 6 3
m 2 4 1
m 2 4 2
m 3 5 3
m 4 0 2
m 1 4 0
m 2 5 3
m 2 3 2
m 3 5 3
m 3 2 7
m 4 2 1
m 1 1 8
m 2 4 1
m 2 2 5
g 2 5 2
m 3 0 3
m 4 2 6
m 1 4 1
m 1 1 1
f 1
q 1
m 2 4 3
m 2 4 0

