B 7 10 4 15
m 2 7 2
m 3 9 1
m 4 9 6
m 1 8 3
m 2 7 6
m 4 0 7
m 1 6 3
m 3 3 5
q 3
m 4 5 1
m 4 6 3
m 1 1 6
g 1 5 3
m 2 5 6
f 2
m 3 3 4
f 3
m 4 0 2
m 4 6 3
m 1 5 6
m 1 1 9
q 1
m 2 6 3
m 2 4 6
f 2
q 2
m 3 0 6
m 4 0 1
q 4
m 1 0 1
m 2 0 6
m 3 2 2
m 4 4 1
m 4 4 7
m 1 4 0
m 1 6 8
m 2 2 7
m 3 8 1
m 4 6 6
m 4 2 3
m 1 5 5
m 2 3 2
q 3
m 4 3 9
m 4 0 1
f 4
m 1 4 3
m 1 0 8
f 1
m 2 2 4
m 3 8 2
m 3 0 8
f 3
m 4 0 6
m 1 1 5
m 1 0 1
m 2 0 5
m 3 7 6
m 3 0 5
m 1 2 1
m 1 0 7
m 2 5 2
f 2
m 3 5 4
f 3
m 4 3 2
m 1 4 0
p
m 2 9 6
b 2
m 3 9 4
m 4 9 0
p
m 2 6 8
q 2
m 3 8 1
m 3 0 6
m 4 1 1
m 4 1 9
q 4
m 1 3 7
m 2 2 1
m 3 6 2
m 4 8 5
m 4 3 5
b 4
m 1 0 4
q 1
m 2 4 6
m 3 0 4
f 3
m 4 8 2
m 1 9 5
m 3 7 5
m 3 6 7
b 3
f 3
m 4 9 0
m 4 0 1
m 1 3 7
f 1
m 2 1 4
m 3 0 1
q 3
m 4 3 0
m 1 3 0
m 1 2 2
g 1 2 2
f 2
q 3
m 4 3 2
m 1 5 4
m 2 6 2
m 2 1 5
p
m 3 3 2
f 3
m 4 3 1
b 4
m 1 4 9
f 1
m 2 4 6
m 2 2 5
m 3 8 3
m 3 1 1
g 4 3 1
m 1 2 5
m 2 3 3
m 3 9 0
q 3
g 3 5 2
m 4 4 6
m 1 0 1
b 2
f 3
m 4 7 5
m 4 0 4
f 4
m 1 2 5
m 2 1 1
m 3 2 1
m 4 0 7
m 4 6 8
m 1 2 1
m 2 2 6
m 3 5 9
m 3 3 3
m 4 7 1
m 1 1 3
m 2 4 4
m 3 8 3
m 4 2 9
b 4
m 1 3 9
m 2 4 0
m 2 6 4
p
m 3 2 6
m 3 6 5
f 3
m 4 0 5
m 4 6 3
f 4
m 1 8 5
m 2 0 3
m 2 2 5
m 3 1 6
m 3 1 6
m 4 5 9
m 3 0 8
m 3 4 3
q 3
m 4 9 6
f 4
g 4 2 6
m 1 9 6
q 1
m 2 7 5
m 3 0 6
f 3
m 4 3 0
m 1 6 9
m 1 0 7
g 1 7 2
m 2 0 6
m 2 6 7
p
m 3 8 4
m 3 0 4
f 3
m 4 3 5
f 4
m 1 0 6
m 1 4 5
m 2 3 1
m 2 6 6
b 2
m 3 6 9
q 3
m 4 8 3
m 4 1 4
m 1 8 5
m 1 1 5
f 1
m 2 8 2
m 2 1 1
g 2 6 2
m 3 4 2
m 4 0 9
m 1 8 1
m 1 1 6
p
p
m 3 6 1
g 3 5 5
m 4 8 4
m 4 5 0
q 4
b 1
m 2 1 6
m 2 5 4
m 3 2 1
m 4 8 1
m 4 5 7
m 1 7 1
m 2 4 6
m 2 4 6
m 3 8 4
m 4 3 5
m 4 0 8
f 4

