B 5 5 2 7
m 1 1 0
m 1 0 4
m 1 4 1
q 1
m 2 1 2
m 2 2 3
b 2
m 1 1 1
m 1 3 3
m 2 4 1
m 2 2 3
m 1 1 3
m 2 0 2
m 2 1 4
m 1 4 3
m 1 4 0
m 2 3 2
m 2 1 0
q 2
m 1 1 0
m 2 4 0
m 2 4 4
m 1 4 3
m 1 2 3
m 2 0 2
m 2 3 2
f 2
m 2 0 4
m 1 2 2
m 1 0 1
q 1
g 1 2 1
m 2 3 0
f 2
m 1 4 3
m 1 4 3
m 2 1 2
f 2
m 1 1 0
b 1
m 2 4 3
m 1 2 4
m 1 4 4
m 2 1 2
m 2 3 1
b 2
m 1 3 0
m 1 2 3
m 2 0 0
m 2 4 3
m 1 3 0
q 1
m 2 0 2
m 1 0 2
m 2 3 0
m 2 1 0
f 2
m 1 4 3
m 1 0 3
p
m 2 0 2
m 2 3 1
b 2
q 2
m 1 0 2
q 2
m 1 2 4
m 1 3 4
m 2 1 2
m 1 1 2
m 2 2 4
m 2 2 0
m 1 2 4
f 1
m 2 2 4
m 2 3 3
m 1 1 2
m 2 2 3
b 2
g 2 4 3
m 1 1 2
m 1 1 1
m 2 1 2
m 2 3 4
m 1 0 3
m 2 1 2
m 1 3 3
f 1
p
m 2 0 4
f 2
m 1 1 2
m 1 2 3
m 2 2 4
b 2
q 2

