B 8 10 2 41
m 1 1 0
m 1 5 5
m 2 5 6
f 2
m 1 1 7
q 1
m 1 3 9
m 2 8 5
m 2 3 3
g 2 0 1
p
m 1 7 5
b 2
m 1 5 2
m 1 0 5
m 2 8 4
m 1 2 3
m 2 3 7
m 1 2 4
m 2 8 7
m 1 2 4
m 1 2 6
f 1
m 2 3 7
m 2 5 5
q 2
m 1 1 2
m 1 7 3
p
m 2 1 1
m 1 3 6
m 1 1 4
b 1
p
m 1 9 0
m 2 6 4
m 1 4 0
m 2 1 4
m 2 3 6
m 1 5 3
m 2 9 2
m 2 3 0
b 2
q 2
m 1 4 9
m 2 6 0
m 1 6 4
m 1 7 9
m 2 0 2
m 2 2 2
m 1 7 2
m 1 1 7
f 1
g 1 1 1
m 2 2 7
m 2 3 0
q 2
m 1 5 3
m 1 3 7
m 2 7 4
m 1 9 5
m 1 4 6
f 1
m 2 1 5
m 2 1 3
b 2
p
m 1 1 2
m 2 0 0
m 2 3 6
m 1 4 5
m 1 4 7
q 1
m 2 5 4
m 1 7 5
f 1
q 1
m 2 1 5
f 2
m 1 8 5
m 2 0 5
m 1 4 3
m 2 8 0
m 1 8 2
m 2 3 4
m 2 1 3
m 1 1 7
q 1
g 1 4 6
m 2 6 5
m 1 2 5
b 1
m 2 1 2
m 1 0 2
m 1 6 8
m 2 8 2
p
m 1 3 9
m 1 3 7
b 1
f 1
m 2 3 5
m 2 0 1
m 1 7 5
m 2 6 7
m 2 2 4
m 1 5 2
q 1
p
m 2 6 6
m 1 0 7
m 1 4 2
m 2 2 2
m 2 4 4
m 1 8 3
m 1 5 1
m 2 0 2
m 2 4 0
m 1 1 6
m 2 7 7
m 2 3 8
b 2
m 1 5 0
m 1 3 2
m 2 8 7
b 2
m 1 7 5
m 1 1 5
m 2 9 5
m 2 2 9
m 1 0 9
m 2 2 6
p
m 1 6 7
m 1 2 9
m 2 8 1
m 2 3 4
m 1 4 3
m 1 5 0
m 2 1 4
m 2 6 3
m 1 4 3
m 2 8 4
f 2
f 2
m 1 2 6
q 1
m 2 7 5
m 2 0 8
q 2
m 1 9 1
m 2 8 1
m 1 8 4
m 1 3 0
b 1
m 2 0 7
m 1 0 3
q 1
m 2 5 6
m 2 1 2
m 1 8 1
q 1
m 2 5 2
m 1 2 0
m 2 9 1
m 2 7 6
m 1 8 7
m 1 5 2
m 2 6 6
m 2 4 2
m 1 1 9
m 1 6 1
q 1
m 2 1 1
m 2 6 0
f 2
m 1 8 4
m 2 1 2
m 2 7 9
m 1 5 3
m 1 1 3
f 1
m 2 1 7
m 2 6 3
p
m 1 4 9
m 2 8 7
m 1 5 3
m 1 3 2
m 2 0 7
m 2 2 8
m 1 7 0
m 2 9 6
b 2
m 1 1 7
m 1 2 5
m 2 9 5
m 2 7 0
m 1 6 0
m 2 7 5
m 2 6 4
m 1 8 7
m 1 6 3
m 2 6 0
m 2 6 5
m 1 6 2
p
m 1 8 7
m 1 1 3
f 2
m 1 1 7
m 1 5 8
m 2 7 5
m 2 6 6
m 1 1 7
m 2 1 6
m 2 5 3
m 1 3 3
m 1 2 8
p
m 2 4 0
m 2 1 3
m 1 7 5
b 1
m 2 8 7
m 2 0 8
f 2
m 1 1 7
q 1
m 2 8 4
m 1 6 0
m 1 0 9
q 1
m 2 6 0
m 2 5 0
m 1 7 8
m 1 3 6
b 1
m 2 7 5
m 1 9 5
m 1 5 5
p
m 2 1 2
m 1 1 2
m 1 2 2
m 2 1 5
m 1 4 0
m 1 0 3
g 1 0 3
m 2 1 2
m 1 4 0
m 2 1 3
m 2 1 7
b 2
m 1 1 3
m 2 7 5
m 2 3 9
b 2
m 1 8 1
m 1 5 1
b 1
m 2 8 1
m 1 2 8
m 1 1 1
q 1
m 2 5 2
m 1 7 5
g 1 7 4
m 2 7 5
m 2 0 5
m 2 9 5
m 2 0 9
m 1 0 3
m 2 9 5
f 2
m 1 6 0
m 1 7 4
m 2 8 1
m 2 5 3
f 2
m 1 1 2
q 2
m 1 4 0
p
m 2 6 0
m 2 6 1
m 1 1 2
m 1 6 4
m 2 4 0
m 1 1 3
m 2 9 5
m 2 3 6
g 2 2 3

