B 8 8 6 6
m 1 4 3
b 1
q 1
m 2 1 2
m 3 6 5
m 3 3 0
m 4 7 0
m 4 3 4
m 5 4 7
q 5
m 6 6 7
m 1 5 7
m 1 5 6
m 2 7 3
m 3 2 6
g 3 7 6
m 4 2 0
m 4 6 1
g 4 2 1
m 5 4 1
m 5 7 1
m 6 7 1
m 1 2 0
m 1 3 4
m 2 0 0
m 2 1 7
m 3 3 3
q 3
m 4 2 3
m 5 5 7
m 6 2 5
m 6 3 0
m 1 5 6
m 2 1 2
m 3 4 5
m 3 7 5
m 4 4 7
m 5 5 4
f 5
q 5
m 6 6 0
m 1 6 2
m 2 2 3
m 2 6 4
m 3 2 3
m 3 7 5
f 3
m 4 6 6
m 4 0 2
q 4
m 5 3 5
m 5 7 5
p
m 6 7 2
b 6
f 6
q 6
m 1 4 4
m 1 4 1
f 1
m 2 6 5
m 3 1 3
m 3 7 5
m 4 4 1
m 5 7 0
m 5 7 6
b 5
f 5
m 6 3 6
m 6 3 3
b 6
m 1 2 3
b 1
m 2 2 3
m 3 3 0
m 4 1 2
p
m 6 2 0
b 6
m 1 7 7
m 1 5 4
m 2 3 0
m 2 3 4
p
m 3 2 3
m 3 1 0
m 4 7 2
m 5 3 6
m 5 7 5
m 6 4 2
m 1 3 6
m 1 1 5
m 2 6 3
m 3 1 5
m 3 3 7
f 3
m 4 4 0
m 5 7 2
m 6 7 4
m 1 1 1
m 1 7 1
q 1
g 1 5 2
m 2 7 6
m 3 0 3
g 3 6 3
m 4 2 2
m 5 5 0
m 5 6 3
b 5
m 6 1 4
b 6
m 1 7 0
f 1
m 2 4 5
m 2 3 1
m 3 7 3
m 4 4 1
b 4
f 4
g 4 5 2
m 5 6 0
m 5 5 2
m 6 2 3
m 1 7 5
m 2 7 2
m 2 3 4
m 3 6 2
m 3 6 5
m 4 0 5
b 4
q 4
m 5 3 5
m 5 7 2
b 5
m 6 0 1
q 6
m 1 0 5
m 2 6 0
m 3 4 7
f 3
m 4 2 3
m 4 3 6
m 6 2 5
m 6 0 0
b 6
q 6
m 1 0 1
m 2 6 5
m 4 7 2
m 5 3 7
m 5 6 3
m 6 5 1
g 6 7 1
m 1 1 6
q 1
m 2 3 2
m 3 0 0
m 3 5 2
m 5 4 2
m 1 0 5
m 1 5 5
f 1
m 2 5 6
m 3 7 4
m 3 6 7
m 4 2 5
m 4 5 3
m 5 6 4
m 6 3 5
m 6 6 1
q 6
m 1 4 2
m 1 0 7
f 1
q 1
m 2 3 5
m 2 3 2
m 3 2 5
m 3 4 5
q 3
m 4 0 1
m 4 1 2
m 5 4 1
m 5 6 2
p
m 6 7 6
m 1 0 5
m 2 4 4
b 2
m 3 6 0
m 4 7 2
m 5 1 3
m 5 5 2
q 5
m 6 2 0
m 6 5 7
m 1 0 1
m 2 3 5
m 2 0 2
m 3 4 1
m 4 7 0
b 4
m 5 0 5
m 5 4 5
f 5
m 6 1 5
m 1 4 2
m 1 2 4
m 2 7 2
b 2
m 3 4 1
m 3 3 5
m 4 7 2
m 5 6 0
m 5 5 3
f 5
m 6 4 2
m 1 7 0
m 2 4 2
m 2 2 2
m 3 5 7
m 4 0 3
m 5 1 1
m 5 7 4
m 6 5 3
m 6 3 7
m 1 0 5
q 2

