B 5 6 4 4
m 1 1 1
m 1 3 0
m 2 1 0
m 2 0 1
m 3 1 5
m 4 5 3
m 4 1 1
m 1 0 4
m 2 5 4
f 2
m 3 2 5
m 4 5 3
g 4 4 0
p
m 1 0 0
m 1 4 0
b 1
m 2 2 4
m 3 2 0
m 4 5 4
m 1 4 1
m 2 4 1
f 2
m 3 1 5
m 3 1 2
m 4 3 0
m 1 1 2
m 1 0 1
f 1
m 2 4 4
m 2 0 2
m 3 3 1
m 3 3 0
f 3
q 4
m 1 2 4
m 1 3 4
f 1
m 2 3 1
m 2 1 3
m 3 1 0
m 3 4 5
m 4 3 1
m 2 1 5
m 3 4 3
m 4 1 5
m 4 3 5
m 1 1 1
m 2 4 3
m 2 4 5
p
m 3 3 3
m 3 3 0
q 3
p
m 4 5 0
m 1 2 3
m 1 2 3
f 1
m 2 2 4
m 2 1 5
b 2
m 3 2 1
m 4 2 4
m 4 1 0
m 1 3 3
m 2 3 0
m 2 4 1
m 3 2 3
m 3 3 0
m 4 2 3
m 4 2 2
p
m 1 3 0
m 1 1 0
b 1
m 2 4 3
m 3 3 3
m 4 1 3
m 4 2 1
m 2 3 0
m 2 2 3
b 2
g 2 5 3
m 3 5 0
m 4 5 0
b 4
m 1 4 1
m 1 1 3
m 2 4 3
m 2 0 0
m 3 2 4
m 3 3 4
m 4 2 3
m 1 5 0
m 1 3 4
b 2
m 4 3 0
m 1 4 3
q 1
m 2 2 3
m 3 4 1
m 3 4 0
m 4 3 0
m 4 2 1
g 4 1 0

