B 5 8 4 5
m 1 1 4
m 1 0 4
q 1
m 2 7 1
m 3 6 3
m 4 4 1
b 4
f 4
m 1 7 3
m 1 3 2
f 1
q 1
m 2 3 5
m 2 1 5
m 3 7 1
b 3
m 4 4 3
m 1 4 3
m 1 1 0
m 2 7 2
m 4 6 4
m 1 2 5
m 1 3 0
m 2 4 1
p
m 3 1 0
m 4 3 0
m 1 4 3
m 1 4 1
f 1
m 2 2 0
m 3 2 0
m 3 2 6
f 3
m 4 3 0
m 4 2 3
m 1 3 1
f 1
m 2 4 3
m 2 4 4
m 3 6 1
m 3 3 3
b 3
m 4 6 0
m 1 5 0
m 1 2 6
m 2 1 1
m 3 1 3
q 3
m 4 0 5
m 4 2 0
m 1 7 0
m 1 4 1
m 2 1 0
m 3 0 0
m 4 4 2
f 4
m 1 1 2
m 1 1 6
p
m 2 3 3
m 2 2 2
m 4 2 0
m 1 6 1
m 1 4 3
q 1
m 2 6 4
m 3 0 1
m 4 7 2
m 4 3 6
m 1 2 3
m 1 3 4
f 1
q 1
m 2 7 0
q 2
m 3 7 4
m 3 3 3
f 3
m 4 6 0
m 1 3 0
m 2 3 3
m 2 2 4
m 3 5 4
m 4 4 3
f 1
m 2 7 4
g 2 3 1
m 4 1 2
m 4 1 6
m 1 1 1
m 1 0 6
m 2 4 7
m 4 6 0
m 4 2 0
p
p
m 2 4 3
m 2 1 5
m 3 2 0
f 3
f 4
g 4 3 1
m 1 2 6
m 2 2 6
m 3 0 1
m 4 0 5
m 4 0 4
m 1 4 7
m 2 3 3
q 2
m 3 2 0
m 4 3 0
q 4
g 4 0 3
m 1 2 3
q 2
m 3 4 2
m 3 3 2
m 4 2 0
m 1 3 0
m 2 1 6
m 3 4 2
m 3 4 7
b 3
m 4 2 3
m 1 0 4
b 1
m 2 5 4
m 3 4 7
m 3 4 6
m 4 7 3

