B 5 5 5 3
m 1 1 2
m 2 4 0
m 2 2 0
m 3 4 2
b 3
m 4 4 3
m 5 0 0
m 5 1 0
f 5
m 1 1 1
m 1 3 1
m 2 2 2
m 3 3 3
m 3 1 3
m 4 3 0
m 1 1 0
m 1 0 1
m 2 4 0
m 2 4 2
m 3 1 2
b 3
m 4 1 2
m 4 4 3
m 5 2 0
m 5 3 1
m 1 4 0
m 1 4 1
m 2 2 0
m 2 0 1
m 4 4 4
m 4 2 2
m 5 0 2
m 5 0 3
f 5
m 1 0 0
m 1 0 3
b 1
g 1 0 3
m 2 1 2
m 2 1 0
f 2
m 3 4 0
m 3 2 2
m 4 1 2
f 4
m 5 4 2
m 1 4 0
m 2 4 2
m 2 4 1
m 3 2 3
m 3 1 2
m 4 2 3
m 5 1 2
b 5
m 1 4 4
m 1 4 3
m 2 4 0
q 2
m 3 4 2
q 3
m 4 4 2
m 4 4 1
m 5 2 3
m 1 1 4
m 2 4 2
m 2 2 3
m 3 4 2
b 3
g 3 1 4
m 4 4 3
m 4 3 0
f 4
m 5 1 3
m 5 3 4
m 1 4 2
m 1 2 3
m 2 2 3
m 3 4 0
m 3 0 3
m 4 2 2
m 5 4 1
m 1 4 0
f 1
q 1
m 2 4 0
m 2 4 0
m 3 4 2
m 4 4 0
m 5 4 1

