B 9 7 5 8
m 1 1 3
m 1 8 6
m 2 4 2
m 3 2 5
m 4 8 2
m 5 0 3
m 5 4 4
q 5
m 1 0 5
m 1 8 1
m 2 6 5
m 2 3 6
f 2
m 3 7 4
m 3 5 0
b 3
q 4
p
m 5 1 4
m 5 6 5
m 1 2 5
m 1 8 0
f 1
m 2 6 2
m 3 3 5
m 4 6 5
b 4
m 5 3 2
m 1 4 1
b 1
m 2 3 2
m 3 2 0
m 3 6 5
b 3
m 4 1 2
b 4
m 1 6 4
b 1
m 2 7 3
q 2
g 2 3 0
m 3 3 6
m 4 1 3
m 4 2 1
m 5 3 2
f 2
m 3 6 1
m 3 6 1
m 4 0 0
m 5 0 4
m 5 6 6
m 1 0 0
g 2 6 6
m 3 3 5
m 4 2 7
m 5 5 4
m 5 6 0
b 5
m 1 5 8
m 1 1 5
m 2 5 2
m 2 3 0
m 3 2 4
m 3 7 1
m 4 3 3
m 4 8 5
b 4
m 5 2 2
m 5 8 3
m 1 6 6
m 2 5 5
m 2 7 0
m 3 6 4
m 3 7 6
m 4 4 8
m 5 1 1
m 5 5 1
m 1 4 3
m 1 6 0
m 2 6 4
m 2 3 0
m 3 3 5
m 3 6 6
m 4 0 1
m 4 4 5
m 5 6 4
g 5 0 7
b 1
m 2 5 7
m 3 8 2
m 4 6 5
m 5 3 2
m 5 3 4
m 1 6 2
m 1 6 5
q 1
m 2 6 6
m 2 1 5
m 5 8 5
m 5 6 0
q 5
m 1 3 6
m 1 8 2
m 2 7 0
m 2 5 3
p
m 3 5 7
m 3 1 6
q 3
m 4 5 7
m 4 3 3
q 4
m 5 7 5
m 1 3 2
m 1 6 3
m 2 7 6
q 2
m 3 4 8
q 3
f 4
m 5 0 5
m 1 5 2
m 2 6 2
m 2 4 5
m 3 6 0
m 4 8 2
m 5 7 6
m 5 8 3
m 1 6 0
m 1 2 6
m 2 8 1
m 3 2 7
m 3 3 5
b 3
m 4 6 6
m 4 6 6
m 5 2 0
m 1 1 3
m 1 6 1
f 1
m 2 0 3
m 2 3 2
m 3 4 4
m 3 3 3
m 4 6 4
m 4 0 5
m 5 7 4
m 1 6 0
m 1 0 1
m 2 2 0
m 2 2 5
q 2
m 3 1 3
m 3 5 2
g 3 5 1
m 4 6 4
m 5 8 4
m 5 3 3
m 1 1 3
m 1 7 4
g 1 1 6
m 2 0 1
m 2 8 2
m 3 6 4
m 3 0 5
m 4 6 0
m 4 7 3
m 5 2 7
m 1 3 6
m 1 4 2
f 1
m 2 2 7
f 2
q 2
q 3
p
m 5 2 4
m 1 0 4
m 2 1 3
m 3 5 5
m 3 5 3
m 4 2 0
m 4 4 6
p
m 5 0 1
m 2 2 0
m 3 1 1
m 3 4 0
b 3
g 3 5 6
m 4 6 5
m 4 5 4
m 5 7 6
m 5 4 0
b 5
g 5 5 4
m 1 0 1
m 2 2 0
m 2 7 1
p
m 4 0 1
m 4 8 1
m 5 0 1
m 5 0 4
p
m 1 2 0
m 1 2 0
f 3
q 3
m 4 0 5
b 4
m 5 6 0
m 1 1 3
m 2 2 0
m 2 5 4
b 2
m 3 2 0
m 4 4 0
b 4
m 5 3 2
m 5 7 0
m 1 6 0
m 1 4 3

