B 7 8 5 10
m 1 3 6
m 2 5 0
g 4 6 3
m 5 0 4
m 5 6 1
b 5
m 1 6 5
m 1 4 6
b 1
m 2 6 6
m 2 5 2
q 2
m 3 0 3
m 3 3 6
m 4 1 0
m 4 4 2
m 5 4 5
m 1 7 3
m 2 6 1
m 2 2 7
m 3 2 1
q 3
m 4 4 6
m 5 0 2
m 5 1 1
m 1 0 2
m 2 0 6
m 3 2 2
m 4 5 2
b 4
g 4 2 0
m 5 0 4
m 1 0 0
m 2 4 3
f 2
m 3 3 6
m 3 3 1
q 3
m 4 3 3
m 4 6 2
m 5 3 6
m 5 6 3
b 5
m 1 0 6
m 2 0 6
f 2
m 3 4 2
m 4 0 2
m 5 2 3
b 5
m 1 1 1
m 2 5 3
m 2 5 1
m 4 3 1
m 5 4 1
m 5 5 5
m 1 0 3
m 2 1 0
m 2 5 3
m 3 6 2
m 3 4 0
m 4 3 2
m 4 5 0
q 4
m 5 0 3
m 5 6 3
b 5
m 1 7 4
m 1 6 7
m 2 5 7
m 2 2 4
m 3 5 2
b 3
m 4 3 1
m 4 2 3
m 5 6 1
m 1 1 5
g 1 3 2
m 2 7 3
m 2 2 7
q 2
m 3 6 1
m 3 5 0
m 4 4 0
m 4 6 3
b 4
q 5
m 1 5 3
m 1 2 6
m 2 0 6
q 2
m 5 4 6
m 5 1 0
m 1 1 3
m 1 6 0
m 2 0 2
m 2 5 3
q 3
p
m 4 3 7
m 5 4 0
m 5 2 1
g 5 3 0
m 1 7 1
m 2 6 1
m 2 6 3
m 3 5 3
m 4 6 5
m 1 1 5
f 1
q 1
m 2 5 5
m 2 0 5
p
m 5 2 1
m 5 0 4
p
m 1 6 1
m 1 2 3
g 1 6 6
m 2 6 1
m 2 5 2
m 3 2 3
m 3 0 2
b 3
m 4 0 1
m 4 4 2
m 5 0 3
m 1 3 3
m 2 5 5
m 3 4 7
m 4 4 6
m 4 6 2
f 5
q 5
m 1 5 3
f 1
q 1
m 2 4 4
m 2 2 2
m 3 6 2
m 4 5 2
m 5 4 2
m 1 0 3
m 2 2 2
m 3 0 5
m 4 0 3
m 4 1 7
f 4
m 5 4 3
m 1 4 1
m 2 2 1
m 2 6 5
m 3 5 3
g 4 6 6
m 5 4 3
f 1
m 2 5 2
m 3 6 0
b 3
m 4 6 5
m 4 1 2
m 5 6 0
m 5 2 6
m 1 7 0
m 1 0 3
m 2 5 3
m 2 3 7
m 3 5 3
m 4 6 2
m 4 2 6
m 5 4 5
m 5 5 5
m 1 4 5
q 2
m 3 5 4
m 4 4 6
m 4 6 2
q 4
m 1 0 3
m 2 2 1
q 2
p

