B 10 6 3 30
m 1 1 0
m 1 5 0
b 1
m 2 0 3
m 2 8 4
b 2
m 3 3 2
m 3 6 2
g 3 4 8
m 1 7 4
m 1 1 4
m 2 0 6
m 3 2 9
m 1 4 0
b 1
m 2 1 7
m 2 8 1
m 3 1 9
m 3 9 0
m 1 7 1
m 1 3 2
f 1
q 1
m 2 8 1
m 2 2 4
m 3 1 0
m 1 9 1
m 1 5 4
m 2 1 2
m 2 7 3
m 3 5 6
g 3 4 7
m 1 2 2
m 2 5 5
m 2 3 4
m 3 3 3
m 3 6 4
m 1 4 0
m 2 0 1
m 2 8 3
m 3 5 6
m 1 7 3
m 2 3 5
q 2
m 3 5 6
b 3
m 1 0 1
m 1 6 2
q 1
m 2 4 2
m 2 3 4
m 3 5 1
p
m 1 5 4
m 1 9 0
m 2 1 6
m 2 0 4
m 3 5 1
m 1 2 7
m 1 4 0
g 1 4 0
m 2 1 2
m 2 4 4
m 3 2 8
m 1 3 6
m 1 1 5
q 1
m 2 1 3
m 2 9 4
g 2 3 3
m 3 5 0
m 1 5 1
m 2 2 9
m 2 8 5
m 3 0 5
m 3 9 3
m 1 1 3
m 1 3 4
m 2 7 1
m 3 5 9
m 2 1 6
m 3 2 5
m 3 4 1
m 1 2 9
b 1
q 1
m 2 4 2
m 2 0 4
q 2
m 3 0 3
m 3 7 0
m 1 2 4
m 1 4 5
m 2 7 2
m 2 7 0
b 2
m 3 1 1
b 3
f 3
m 1 0 6
m 2 0 4
m 3 1 2
m 1 0 6
m 1 7 2
m 2 5 9
m 3 6 2
m 3 5 0
m 1 2 8
m 1 1 1
m 2 3 0
m 2 9 4
f 2
m 3 5 5
b 3
q 1
m 2 5 9
m 2 9 0
m 3 1 3
b 3
m 1 2 8
m 2 3 5
m 3 1 3
m 1 3 4
m 2 5 9
m 2 2 1
m 3 0 8
m 1 6 0
g 1 5 0
m 2 3 6
m 2 7 4
m 3 5 9
q 3
m 1 7 5
f 1
m 2 2 0
m 2 9 0
m 3 6 2
m 1 3 4
m 2 2 8
m 2 5 5
m 3 5 9
b 3
m 1 1 3
q 1
m 2 3 4
m 3 0 0
m 1 6 3
m 2 5 6
m 2 4 5
m 3 5 6
q 1
m 2 2 0
m 2 5 4
q 2
m 3 3 2
g 3 5 7
p
m 1 3 4
m 2 9 0
m 2 3 3
m 3 2 0
m 3 6 2
m 1 3 5
m 1 4 4
m 2 4 3
m 1 3 2
b 1
f 1
m 2 2 8
m 2 6 2
m 3 8 3
m 3 7 1
m 2 0 8
f 2
m 3 3 2
q 3
g 3 4 5
m 1 2 8
m 2 0 8
m 3 0 8
q 3
m 1 3 2
m 1 1 0
q 2
g 2 3 9
m 3 2 5
f 3
m 1 3 5
m 1 0 5
m 2 2 5
p
m 3 3 5
m 1 1 6
m 2 5 9
m 3 3 4
m 1 4 4
m 2 2 4
g 2 2 6
m 3 6 1
m 3 0 4
m 1 0 4
g 1 0 0
m 2 6 5
m 3 1 3
m 3 3 4
b 3
m 1 2 0
m 2 0 8
m 3 1 3

