B 5 4 5 5
m 1 0 0
m 1 3 3
m 2 1 1
m 3 1 3
m 3 4 0
m 4 3 4
g 4 0 0
m 5 1 0
f 5
m 1 3 1
m 1 0 3
f 1
m 2 0 3
m 3 3 2
m 3 0 2
m 4 4 3
m 5 2 2
m 2 0 1
m 2 3 1
b 2
m 3 1 4
m 3 4 3
f 3
m 4 3 3
m 5 2 1
m 1 2 1
m 1 0 3
g 1 3 4
m 2 2 1
m 2 0 0
b 2
m 3 2 1
m 4 0 2
m 5 0 0
b 5
f 5
m 1 3 0
m 2 3 3
m 2 2 0
b 2
m 3 2 4
m 4 3 1
m 4 4 2
m 5 1 4
m 5 1 3
m 1 3 2
m 1 3 2
m 2 1 4
m 3 3 2
m 4 2 1
b 4
q 4
m 5 2 1
m 5 4 1
m 1 2 1
m 1 0 3
m 2 2 1
m 3 0 2
f 4
m 5 3 2
f 5
m 1 3 2
m 1 2 2
f 1
m 2 2 1
m 3 3 2
m 4 3 2
m 4 4 0
m 5 2 1
m 5 1 2
f 5

