B 7 9 3 20
m 1 7 6
m 2 8 6
m 3 1 0
f 3
m 1 5 6
q 1
m 2 4 6
m 2 5 5
b 2
f 2
f 3
m 1 8 2
m 1 4 2
m 2 0 6
m 2 4 0
m 3 0 2
b 3
g 3 6 0
m 1 0 5
m 1 2 2
m 2 1 2
m 2 0 0
b 2
m 3 4 6
m 1 0 8
m 1 6 0
m 2 8 2
m 3 3 5
g 3 6 5
m 1 3 2
m 2 5 7
m 2 3 1
m 3 7 4
m 3 2 3
b 3
f 3
m 1 0 5
m 1 6 5
b 1
f 1
m 1 4 0
m 1 0 2
m 1 6 6
m 1 6 4
g 1 6 0
m 2 4 5
m 2 4 8
m 3 8 2
f 3
q 3
m 1 7 3
m 2 1 0
m 3 0 2
m 1 7 3
m 1 5 7
m 2 6 3
m 2 4 3
b 2
q 2
p
m 3 1 5
m 3 2 6
b 3
p
m 2 1 1
m 3 0 3
m 3 5 6
m 1 5 2
m 1 4 5
m 2 8 6
m 3 8 1
m 1 1 6
m 2 7 1
m 2 4 6
m 3 0 5
m 3 3 1
m 1 3 5
m 1 1 4
m 2 1 4
m 2 5 0
m 3 7 4
m 3 3 4
q 3
m 1 5 2
m 1 1 1
m 2 8 6
m 2 1 4
f 2
m 3 1 5
m 3 0 4
m 1 1 0
q 1
m 2 1 0
m 2 4 8
m 3 5 0
f 3
m 1 3 1
b 1
m 3 3 5
q 3
m 1 0 0
m 1 1 2
m 2 7 0
m 3 1 2
m 3 3 1
m 1 7 1
m 1 6 8
f 1
m 2 2 6
m 2 1 4
m 3 4 4
m 1 7 0
m 1 5 5
m 2 2 2
m 3 1 2
m 3 1 6
g 3 5 0
m 1 6 3
m 1 2 2
m 3 1 4
q 3
g 3 4 1
m 1 2 1
m 1 0 1
b 2
m 3 1 6
m 1 4 5
m 1 6 4
b 1
m 2 4 5
m 3 5 6
m 3 6 2
m 1 7 1
m 1 4 2
m 2 8 5
m 2 3 7
p
m 3 1 5
m 3 6 7
m 1 3 1
b 1
m 2 3 5
m 3 3 4
m 1 1 5
m 2 8 5
m 2 0 5
g 2 0 6
m 3 4 4
m 3 0 5
m 1 8 2
m 2 6 6
m 2 1 5
m 3 0 5
m 3 5 1
q 3
m 1 7 1
m 2 5 2
m 2 2 8
g 2 2 5
m 3 1 4
b 3
q 3
m 1 4 7
f 1
m 2 4 2
m 2 2 3
m 3 3 7
m 3 6 1
m 1 6 1
q 1
m 2 8 1
m 2 3 0
m 3 6 3
m 1 2 6
m 1 5 1
b 1
m 3 7 0
b 3
m 1 2 7
f 1
m 2 2 6
m 2 3 2
m 3 0 2
m 3 2 5
m 2 7 1
m 2 0 4
b 2
m 3 0 2
m 1 1 4
m 1 2 2
m 2 1 4
m 2 5 7
m 3 8 3
m 3 4 4
b 3
f 3
g 3 6 6
m 1 4 2
m 1 3 2
f 1
m 3 8 3
m 1 7 1
m 2 6 7
m 3 3 0
m 1 4 2
m 2 4 5
m 2 1 4
q 2
g 2 4 0
m 3 3 1
m 3 0 8
m 1 2 3
m 2 1 4
b 2
m 3 5 8
m 3 1 1
q 3
m 1 4 5
m 1 0 7
m 2 6 3
m 3 8 1
m 3 0 5
q 3
m 1 8 1
m 1 4 3
g 1 1 1
m 2 6 3
p
m 3 6 4
q 3
m 1 3 0
b 1
p
m 2 2 4
m 2 1 7
m 3 8 3
b 3

