B 17 12 5 28
m 1 6 8
m 2 15 4
f 2
m 3 11 2
m 4 3 10
m 5 1 4
m 5 8 2
q 5
p
m 1 15 10
m 1 4 7
m 2 3 15
m 2 0 4
g 2 10 3
m 3 11 11
m 3 2 4
g 3 10 3
m 4 7 10
m 5 12 6
m 5 3 2
m 1 4 3
m 1 13 2
m 2 5 9
m 2 10 6
m 3 11 6
m 3 6 10
g 3 10 3
m 4 15 10
b 4
m 5 0 6
m 5 5 7
q 5
m 1 4 10
m 1 2 8
q 1
m 2 11 14
m 2 3 9
p
m 3 10 12
m 3 7 9
m 4 11 3
f 4
m 5 3 10
m 5 10 5
b 5
m 1 11 6
m 3 4 6
m 3 5 3
m 4 8 5
m 4 5 1
q 4
m 5 6 8
m 5 12 0
f 5
m 1 9 9
m 1 15 9
m 2 8 9
q 2
m 3 16 4
q 3
m 4 6 2
m 4 6 4
m 5 11 7
m 1 6 15
m 1 8 2
m 2 8 14
m 3 3 13
f 3
m 4 0 0
m 4 8 9
m 5 0 5
m 5 3 9
b 5
m 1 11 12
m 1 3 10
f 1
q 1
m 2 5 2
m 3 16 4
m 4 4 5
m 4 2 4
f 4
m 5 5 8
m 1 11 4
m 1 16 1
m 2 0 15
m 2 2 10
m 3 1 1
m 3 8 5
m 4 8 13
m 4 9 6
m 5 4 9
m 5 13 0
m 1 1 12
b 1
q 1
q 2
m 3 14 8
m 3 13 6
m 4 8 10
m 4 15 8
m 5 10 4
g 5 0 0
m 1 3 16
g 1 0 0
p
m 4 14 8
m 5 14 8
m 5 12 6
m 1 11 12
m 1 13 1
f 1
m 2 9 10
f 2
g 2 6 13
m 3 5 16
m 3 1 1
m 4 16 11
m 1 13 3
m 1 7 4
b 1
g 1 4 2
m 2 7 5
m 3 8 10
m 3 0 10
m 4 6 6
m 5 10 13
m 5 8 5
m 1 10 10
m 1 13 2
m 2 2 15
m 2 3 11
m 3 4 11
f 3
m 4 2 6
m 4 3 6
m 5 16 10
m 5 1 3
q 5
m 1 14 11
b 1
m 2 0 2
m 2 7 8
m 3 2 4
m 3 3 4
m 4 8 9
m 5 1 2
m 5 4 0
m 2 1 7
m 3 0 1
b 4
m 5 10 11
m 5 3 10
p
m 1 12 10
m 2 4 4
m 2 15 7
f 2
p
m 3 8 11
m 3 11 4
b 3
q 4
m 5 2 14
m 1 11 6
m 1 1 8
b 1
m 2 8 0
q 2
m 3 11 9
f 3
m 4 5 14
m 4 3 2
m 5 6 16
m 5 10 8
m 1 0 10
f 1
g 1 6 4
m 2 13 2
q 2
p
m 3 0 6
m 3 2 3
m 4 3 9
m 5 11 3
m 5 10 1
m 1 4 11
m 1 9 11
m 2 2 1
m 3 14 6
m 3 9 5
m 4 11 7
f 4
m 5 7 16
m 5 11 6
f 5
m 1 1 10
b 1
m 2 4 5
m 2 6 7
m 3 9 1
q 3
m 4 2 9
m 5 0 1
m 5 2 6
m 1 0 10
q 1
m 2 0 5
m 3 9 1
p
m 4 1 6
m 4 10 0
m 5 1 4
g 5 10 9
m 1 5 3
f 1
m 2 3 3
m 2 8 4
f 2
m 3 3 9
m 4 1 11
m 5 2 6
m 5 8 11
m 1 6 5
m 1 10 10
q 2
m 3 2 15
m 3 11 8
m 4 11 12
m 4 7 1
m 5 2 10
m 5 1 10
q 5
m 1 6 7
m 1 0 7
m 2 0 14
m 2 8 0
m 3 4 12
m 4 3 16
m 4 4 4
g 4 9 8
m 5 9 12
m 5 3 4
f 5
m 1 7 2
b 1
m 2 5 1
m 3 2 2
m 4 5 5
m 4 9 11
f 4
g 4 5 7
m 5 0 14
m 1 10 11
g 1 2 3
m 2 5 3
m 2 11 6
f 2
m 3 7 9
m 3 8 9
m 4 8 3
m 4 0 11
f 4
m 5 11 12
m 5 12 6
m 1 1 3
m 2 2 10
m 2 12 8
m 3 4 14
m 3 4 7
p
m 4 1 3
m 4 10 0
m 5 7 12
m 5 3 1
m 1 11 13
m 2 5 3
m 2 6 3
b 2
m 3 11 15
m 4 9 14
m 5 3 5
m 1 1 8
m 2 0 5
m 3 8 4
b 3
m 4 3 4
m 5 5 9
m 1 3 4
m 1 16 2
m 3 2 10
m 3 16 8
q 3
m 4 9 0
m 4 4 5
m 5 15 6
g 5 5 4
m 1 7 9
m 1 11 1
m 2 0 6
m 2 14 7
m 3 5 1
m 3 12 3
g 3 1 7
m 4 6 8
m 5 9 5
m 1 10 14
m 1 4 5
m 2 9 11
m 2 2 6
m 3 9 1
b 3
m 4 10 5
m 1 11 5
m 2 7 12
m 2 11 8
m 3 4 9
m 4 6 2
m 1 6 16
m 1 3 4
m 2 8 8
m 2 2 6
g 2 6 6
m 3 2 6
m 4 11 3
m 4 16 9
m 5 4 5
m 5 6 3
m 1 0 7
m 1 7 10
q 1
m 2 9 12
m 2 15 4
m 3 5 12
b 3
f 3
q 3
p
m 4 1 1
m 4 11 11
m 5 3 10
m 5 16 8
m 1 10 11
g 1 10 8
m 2 0 16
m 3 9 1
m 3 5 10
m 4 9 13
m 5 15 6
m 1 3 0
m 1 7 11
m 2 2 10
m 2 3 11
m 3 1 9
m 4 5 2
m 4 11 3
m 5 3 0
m 5 2 3
m 1 0 11
m 2 0 16
m 3 8 3
m 3 7 6
m 4 1 6
m 4 9 0
m 5 11 13
m 1 3 15
m 1 10 2
f 1
m 2 2 8
m 3 5 12
q 3
m 4 14 8
m 4 7 3
m 5 6 16
m 5 0 1
m 1 5 14
m 1 16 5
m 2 8 3
m 3 0 15
m 4 12 3
m 4 13 6
q 5
b 1
m 2 5 13
m 2 3 11
m 3 1 6
m 3 0 11
q 3
m 4 3 8
m 4 15 0
m 5 2 6
m 5 5 3
q 5
p
m 1 11 2
m 2 1 14
m 4 11 5
m 5 16 9
m 1 2 14
b 1
m 2 9 0
m 2 1 3
m 3 9 0
m 3 9 3
b 3
m 4 0 1
q 4
m 5 8 9
m 1 4 12
q 1
m 2 4 9
f 2
g 2 6 13
m 3 6 5
m 4 5 14
f 4
m 5 3 5
m 5 15 4
m 1 10 13
m 2 16 8
m 2 3 6
m 3 7 7
m 3 4 6
q 3
m 4 0 14
m 5 4 12
m 5 13 4
f 5
q 5
m 2 6 16
b 2
f 2
m 3 5 12
m 4 0 10
m 5 4 5
m 1 10 11
b 1
g 1 2 6
m 2 0 5
m 2 3 1
q 2
m 3 9 12
b 3
f 3
m 4 4 12
m 4 16 10
m 5 7 3
m 5 1 1
m 1 0 9
b 1
m 2 1 6
m 2 2 5
q 2
m 3 9 6
m 4 9 12
m 5 7 9
q 5
m 1 2 15
q 1
p
m 2 1 4
m 3 7 10
m 3 13 9
m 4 0 14
b 4
m 1 9 1
m 2 5 15
m 2 11 6
b 2
p
m 3 5 8
m 4 12 9
m 5 8 4
g 5 8 2
m 1 6 1
p
m 2 8 4
m 2 13 8
m 3 16 9
m 4 7 3
m 4 8 9
m 5 4 5
f 5
g 1 5 9
m 2 4 11
m 4 10 13
q 4
m 5 11 7
q 5
m 1 1 3
m 2 5 5
m 2 5 0
m 3 3 14
m 3 11 2
f 3
m 4 0 3
m 4 1 4
m 5 8 4
m 5 2 1
m 1 1 12
m 2 8 8
g 2 6 11
m 3 10 11
m 4 0 6
m 4 1 4
m 5 1 12
m 1 5 1
m 1 10 10
m 2 0 9
m 3 3 7
m 4 6 2
m 5 10 4
m 5 10 2
m 1 14 1
m 2 9 10
m 2 8 0
m 4 1 11
m 5 9 10
m 5 5 6
m 1 1 2
m 1 9 3
m 2 2 12
m 3 11 15
m 5 11 5
m 1 3 16
m 2 1 4
m 2 0 4
m 3 0 7
m 3 9 3
m 4 2 15
m 4 13 3
m 5 7 8
b 5
m 1 0 5
m 1 9 7
m 2 4 14
m 2 10 11
m 3 0 1
m 3 0 1
m 4 14 7
m 4 7 0
b 4
m 5 11 5
m 1 12 3
b 1
m 2 14 9
m 2 4 3
m 3 1 11
q 3
m 4 11 2
m 4 2 7
m 5 2 9
p
m 1 9 2
m 2 3 10
m 3 8 0
m 4 2 11
m 5 1 15
m 1 11 13
m 2 9 6
m 2 7 4
m 3 9 6
f 3
g 3 5 7
m 4 5 13
m 4 12 11
m 5 12 10
m 1 0 1
m 2 3 15
m 2 15 4
m 3 5 1
b 3
m 4 5 1
m 4 10 2
m 5 5 12
q 5
f 1
p
m 2 5 14
m 3 0 11
q 3
m 4 2 0
m 5 1 4
m 5 4 10
m 1 1 4
m 1 10 1
m 2 9 6
m 3 8 9
b 3
m 4 5 12
b 4
m 5 6 16
m 5 10 7
m 1 1 6
m 1 16 8
m 2 2 5
m 2 12 5
m 3 4 12
m 3 3 1
f 4
m 5 6 5
m 5 9 11
m 1 7 10
m 1 15 2
m 2 5 15
m 2 12 4
b 2
m 3 8 6
m 4 3 15
q 4
m 5 8 9
m 5 2 11
m 1 7 12
m 1 15 2
m 2 9 2
b 3
g 3 1 11
m 4 5 15
m 4 5 10
b 4
m 5 1 15
m 1 8 4
m 1 3 9
b 1
m 2 1 8
m 3 16 11
m 3 5 1
b 3
m 4 4 5
m 4 0 10
m 5 5 5
m 5 13 3
m 1 8 0
m 2 7 13
m 3 12 6
m 4 8 3
m 5 9 10
m 1 3 15
m 1 13 5
m 2 3 15
m 2 3 4
m 3 10 5
m 4 11 6
m 4 12 0
b 4
q 4
m 5 3 14
m 1 5 15
m 1 12 8
q 1
m 2 7 4
p
m 3 2 12
m 4 1 4
m 4 12 11
m 5 9 10
m 1 0 16
m 2 4 9
m 3 9 6
m 3 11 10
p
m 4 3 10
b 4
m 5 7 8
m 5 10 2
q 5
m 1 1 0
b 1
m 3 7 13
m 4 13 4
m 4 2 11
m 5 11 5
m 5 14 0
q 5
m 1 11 13
m 2 3 10
m 5 3 4
q 5
m 1 1 8
m 2 12 11
m 2 0 10
f 2
m 3 13 6
m 4 11 5
m 4 0 9
m 5 0 16
m 5 9 1
m 1 14 9
b 1
q 1
m 2 2 14
q 2
m 3 11 15
m 3 10 11
b 3
m 4 3 10
m 5 4 14
m 5 0 4
m 1 9 6
m 1 8 7
m 2 3 10
m 3 9 6
m 4 10 7
m 4 2 1
m 5 1 8
m 5 10 5
m 1 10 10
b 1
m 2 10 7
m 4 3 3
m 4 3 5
p
m 5 4 3
m 5 2 0
m 2 0 6
m 2 14 7
m 4 16 9
m 4 15 7
m 5 10 11
m 5 2 10
m 1 11 13
m 1 11 1
m 2 4 6
m 3 9 2

