B 6 8 5 4
m 1 3 1
m 2 0 0
b 2
q 2
m 3 1 3
m 3 2 5
m 4 2 1
b 4
m 5 4 4
f 5
m 1 5 0
m 3 5 7
m 3 4 2
m 4 2 2
m 5 7 1
m 5 2 0
m 1 5 7
m 2 7 4
m 2 2 5
m 3 5 3
m 3 0 4
m 4 0 1
m 5 4 2
m 5 3 5
m 1 6 0
m 2 1 0
q 2
m 3 1 3
m 3 3 2
q 3
m 4 3 0
m 5 7 1
m 5 4 7
m 1 4 5
m 1 1 3
m 2 3 6
f 2
m 3 4 0
m 3 5 4
g 3 7 4
m 4 2 5
m 4 0 7
m 5 3 0
m 5 0 3
m 1 1 5
m 1 3 1
m 2 3 0
m 2 5 5
m 3 3 5
m 4 6 5
m 4 5 6
m 5 6 1
q 5
m 1 1 1
m 1 2 7
b 1
f 1
m 2 3 2
p
m 3 6 4
q 3
g 3 0 0
m 4 5 2
q 4
m 5 2 7
p
m 1 3 4
m 1 5 4
m 2 4 0
m 3 2 5
q 3
m 4 2 4
m 5 4 0
m 1 0 2
m 2 3 5
m 3 4 5
m 3 4 7
f 3
q 3
m 4 4 5
m 5 4 3
m 5 4 3
q 5
m 1 3 5
m 1 4 0
b 1
f 1
g 2 3 1
m 3 4 3
m 3 5 7
m 4 0 1
m 4 5 6
b 4
m 5 5 1
m 5 2 1
m 1 6 2
b 1
f 1
m 3 3 0
m 3 0 2
m 4 2 0
m 5 0 3
q 5
m 1 0 5
m 2 6 1
m 2 0 1
g 2 0 5
m 3 6 4
m 3 3 7
m 4 0 4
m 4 2 0
m 5 4 1
b 5
m 2 3 3
m 2 0 7
m 3 4 1
m 3 3 3
m 4 2 1
m 4 1 2
m 5 2 5
m 5 1 1
m 1 1 4
b 1
g 1 7 0
m 3 3 6
f 3
m 4 5 5
m 4 2 4
m 5 1 1
m 5 4 3
b 5
m 1 1 0
m 1 1 5
b 1
q 1
m 2 1 5
m 3 2 5
m 3 2 4
m 4 1 5
m 5 3 5
m 5 3 3
m 1 7 1
m 1 3 0
q 1
m 2 7 2
m 2 3 0
m 3 3 2
m 4 6 0
m 5 3 6
m 5 0 3
b 5
m 1 2 4
m 1 3 4
f 2
m 3 3 7
m 3 2 1
m 4 4 3
b 4
m 5 6 0
m 1 2 5
m 1 2 1
q 1
m 2 4 1
m 3 1 4
m 3 0 0
m 4 6 0
m 4 2 2
q 4
m 5 4 5
m 1 2 0
p
m 2 7 2
m 3 4 3
m 3 2 2
g 3 4 1
m 4 3 2
m 4 3 5
m 5 6 0
m 5 4 4
m 1 4 0
m 1 1 7

