B 9 4 5 8
m 1 0 1
m 1 1 2
m 2 7 2
m 4 0 0
m 5 4 2
m 5 1 2
b 5
m 1 3 3
q 1
m 2 8 2
m 2 8 2
m 3 1 3
m 3 7 1
m 4 2 3
m 5 1 1
m 1 3 5
m 1 8 1
p
m 2 0 2
m 2 6 0
m 3 3 6
m 3 0 3
b 3
m 4 0 7
m 5 1 4
m 5 1 1
b 5
m 1 1 6
m 2 3 6
m 3 1 1
q 3
m 4 7 3
m 4 0 1
f 5
p
m 2 0 2
m 2 5 2
m 3 1 4
m 4 1 4
m 5 2 6
m 5 0 0
g 5 1 8
m 1 0 2
m 2 2 3
m 2 1 2
m 3 1 6
m 4 2 6
m 4 4 2
m 5 1 6
m 5 5 2
q 5
m 1 0 7
m 2 1 4
m 2 8 3
m 3 5 3
m 3 3 0
m 4 2 3
m 4 4 0
m 5 2 3
m 1 3 4
m 1 4 2
m 2 3 3
b 3
f 3
m 4 1 5
m 5 2 1
m 1 0 7
m 1 0 3
m 2 2 6
m 3 5 2
m 4 4 2
m 5 3 6
m 5 5 3
m 1 2 2
m 1 7 2
m 2 1 3
m 2 7 3
m 3 0 2
m 3 4 1
m 4 0 5
q 5
m 1 2 3
f 1
m 2 0 2
m 3 7 0
b 3
m 4 8 0
m 5 2 6
m 5 5 3
m 1 8 0
m 2 3 1
m 2 0 3
m 3 4 2
f 3
m 4 0 2
m 4 0 0
m 5 3 6
m 1 0 2
m 2 1 0
m 2 7 2
m 3 1 5
m 3 0 0
q 3
p
m 4 6 0
b 4
m 5 0 5
m 1 3 4
m 1 4 3
p
m 2 2 3
m 2 8 3
f 2
m 3 1 6
m 3 7 2
p
m 4 2 3
b 5
m 1 1 5
m 1 3 1
m 2 2 6
m 2 0 3
p

