B 5 6 5 6
m 1 0 1
m 1 1 4
f 1
g 1 1 1
m 2 5 1
m 2 1 0
m 3 2 5
q 3
m 4 2 2
m 4 4 4
q 4
m 5 3 3
g 2 5 2
m 3 1 3
q 3
m 4 5 3
q 4
m 5 3 4
m 5 3 4
f 5
m 1 5 0
b 1
m 2 5 3
q 2
m 3 0 4
q 3
m 5 1 4
m 5 2 1
g 5 3 1
m 1 0 3
m 2 5 4
m 2 3 3
f 3
m 4 2 4
m 4 1 0
g 4 0 1
m 5 1 5
g 5 3 0
m 2 2 5
q 2
m 3 0 2
m 3 2 4
b 3
q 3
m 4 2 4
m 5 3 2
m 1 0 0
m 1 4 3
m 2 5 3
m 2 3 2
m 3 5 0
m 4 5 0
m 5 1 1
m 5 0 4
m 1 0 4
m 1 1 1
m 2 0 4
b 2
m 3 0 4
m 4 2 1
m 5 2 1
m 5 4 2
m 1 1 3
m 2 1 3
m 2 2 1
m 3 0 3
m 4 0 4
g 4 3 0
m 5 0 4
m 1 5 3
q 1
m 2 5 0
m 2 0 4
q 2
m 3 5 3
m 3 3 5
b 3
m 4 5 0
m 4 3 3
m 5 0 3
m 5 1 4
m 1 0 2
q 1
g 1 3 3
m 2 1 4
m 3 0 2
g 3 2 4
m 4 5 0
m 5 0 3
m 5 1 3
m 1 1 1
m 1 4 0
m 2 0 3
f 2
m 3 3 0
f 3
g 3 4 3
m 4 1 1
q 4
m 5 1 4
m 1 3 2
m 2 0 0
m 2 4 4
f 2
m 3 1 3
m 4 1 4
m 4 3 0
m 5 3 2
m 5 2 2

