B 5 5 6 4
m 1 0 3
m 2 4 4
m 3 2 1
m 4 4 2
m 6 1 0
m 6 3 2
p
m 1 2 1
m 1 3 3
p
m 2 3 2
m 3 1 1
f 3
m 4 1 4
m 4 3 3
m 6 2 1
m 1 2 1
m 1 1 4
p
m 2 2 2
m 2 1 4
m 3 1 4
m 4 1 3
m 4 1 2
m 5 4 0
p
m 6 1 4
m 1 3 2
m 2 1 3
m 3 2 0
b 3
m 4 0 3
m 4 3 0
p
m 5 2 0
m 6 4 3
f 6
m 1 1 4
q 1
m 2 1 3
q 2
m 3 4 2
q 3
g 4 4 3
m 5 4 0
m 5 3 3
m 6 4 3
m 2 1 0
m 2 4 0
f 2
m 3 0 2
m 3 1 1
m 4 1 0
m 5 4 2
m 5 1 1
m 6 2 2
m 6 4 2
m 1 4 1
m 2 1 3
m 3 4 2
m 4 4 2
m 5 4 3
m 5 4 1
q 5
m 1 4 2
m 2 4 0
m 2 1 3
m 3 2 0
m 4 1 3
m 5 4 2
m 5 1 4
m 6 1 0
p
m 1 0 4
g 1 2 1
m 2 2 4

