B 4 8 6 6
m 1 0 1
m 1 1 7
f 1
m 2 0 0
m 2 3 6
m 3 3 0
m 3 2 7
m 4 3 7
m 5 1 1
m 5 2 6
b 6
m 1 3 2
m 1 2 6
q 1
m 2 5 3
m 2 2 7
m 3 6 0
q 3
m 4 3 1
m 4 3 2
b 4
m 5 5 0
m 6 5 1
m 6 3 3
f 6
m 1 5 0
q 1
p
m 2 2 5
f 2
p
m 3 0 1
m 3 3 0
m 5 2 2
f 5
p
m 6 4 0
m 6 2 7
m 1 2 0
b 1
g 1 1 3
m 2 4 1
b 2
m 3 2 0
m 3 0 1
m 4 3 1
g 4 1 3
m 5 3 2
m 5 1 5
m 6 4 2
m 6 1 1
f 6
m 1 3 1
m 2 1 0
f 2
q 2
m 3 1 3
m 5 5 3
m 5 2 6
f 5
m 6 5 3
m 6 1 3
p
m 1 1 3
m 1 2 4
p
m 2 2 0
m 2 3 3
f 2
q 3
m 4 5 0
m 4 1 4
g 4 1 1
m 5 6 1
m 5 3 7
m 6 5 0
m 1 6 1
m 2 3 2
m 2 1 1
b 2
m 3 3 0
b 3
g 3 3 3
m 4 5 3
m 5 2 0
m 6 2 1
m 6 3 5
m 1 2 6
m 3 1 1
m 3 0 5
m 4 7 0
m 4 1 6
f 4
m 5 1 0
m 6 2 5
m 6 0 6
q 6
m 1 2 0
m 1 3 2
m 2 2 6
m 2 3 2
m 3 2 1
m 3 0 6
q 3
m 4 3 0
m 5 4 3
m 5 1 2
m 6 4 3
m 1 0 4
q 1
m 2 4 3
f 2
m 3 4 3
m 3 2 0
m 4 2 0
m 5 2 0
m 6 3 3
f 6
m 1 2 0
m 1 2 1
m 2 0 0
m 3 3 2
m 4 0 3

