B 17 15 3 103
m 1 11 6
m 2 12 3
q 2
g 2 6 11
p
m 1 5 2
m 2 2 0
m 2 9 12
q 2
m 3 2 1
m 3 4 2
m 1 11 10
m 1 8 10
f 1
m 2 5 10
m 3 7 15
m 3 0 5
m 1 1 13
m 2 12 4
b 2
m 3 3 2
m 3 11 10
m 1 8 5
f 1
m 2 9 16
m 3 1 13
m 1 9 15
m 1 16 13
m 2 14 14
m 3 12 6
m 3 1 8
m 1 5 3
m 1 4 13
m 2 4 7
m 2 16 9
m 3 7 9
m 3 2 6
b 3
m 1 5 11
m 2 9 10
m 3 16 7
m 1 12 5
m 1 4 8
m 2 10 13
m 3 8 7
m 1 14 15
m 1 6 10
q 1
m 2 2 9
m 3 3 0
m 3 11 7
f 3
m 1 8 4
m 2 8 2
m 2 3 10
m 3 9 12
m 3 15 11
m 2 11 5
m 2 16 3
p
m 3 8 16
m 1 16 0
m 1 15 14
f 1
m 2 13 14
b 2
m 3 9 13
m 1 8 16
m 1 4 9
b 1
m 2 9 6
p
m 3 5 6
m 3 16 3
f 3
m 1 15 3
f 1
m 2 5 10
m 3 12 1
f 3
m 1 0 13
p
m 2 5 0
b 2
m 3 14 1
m 3 3 11
g 3 0 5
m 1 4 10
b 1
m 2 13 2
m 2 4 14
m 3 15 2
m 3 13 6
m 1 3 12
m 1 13 8
b 1
p
m 2 12 7
m 3 9 10
m 3 12 4
m 1 4 14
m 1 12 1
g 1 6 5
p
m 3 1 1
m 3 14 1
f 3
g 3 11 5
m 1 14 3
m 1 12 6
m 2 0 4
m 3 9 3
f 3
m 2 3 6
m 3 16 9
m 3 2 14
m 1 7 1
m 1 15 0
g 1 3 16
m 2 6 7
f 2
m 3 12 11
f 3
m 1 6 8
b 1
f 1
m 2 5 4
m 2 3 6
m 3 5 14
m 3 3 4
m 1 13 7
m 1 16 12
m 2 8 16
f 2
m 3 7 1
g 3 7 4
m 1 14 12
m 1 5 5
m 2 14 3
m 3 0 13
m 1 13 11
g 1 4 12
m 2 12 4
m 2 7 14
m 3 4 14
m 1 0 0
b 1
m 2 9 13
p
m 3 1 7
m 3 8 8
m 1 5 10
m 2 12 3
m 2 2 7
m 3 5 2
m 1 11 13
m 1 10 12
m 2 1 9
m 2 9 3
g 2 6 2
m 3 0 13
m 3 8 9
m 1 1 8
m 1 14 12
m 2 13 14
q 2
f 3
f 1
f 2
p
m 3 5 1
m 1 5 3
m 1 9 7
p
m 2 2 6
m 3 12 1
m 3 8 3
b 3
q 3
m 1 8 11
m 1 1 0
m 2 3 0
q 3
m 1 11 7
m 1 10 0
b 1
m 2 16 13
m 2 2 14
m 3 9 1
q 3
p
m 1 14 8
m 1 10 10
m 2 5 6
m 2 15 0
m 3 7 5
m 1 5 14
m 2 3 10
m 3 14 6
m 3 11 4
m 2 14 3
m 3 2 4
m 1 7 5
m 1 4 7
m 2 13 14
m 3 14 4
m 1 11 14
g 1 1 5
m 2 11 13
m 2 12 9
m 3 13 12
m 2 12 0
m 2 5 9
f 2
m 3 7 10
m 3 12 14
m 1 15 3
m 2 14 10
m 2 0 8
m 3 2 1
m 3 10 4
m 1 0 14
m 1 9 2
m 2 14 14
m 3 1 4
m 1 5 2
m 1 1 12
f 1
m 2 2 0
m 2 7 6
b 2
m 3 5 6
m 1 2 6
m 1 13 0
b 2
m 1 12 0
m 1 0 13
m 2 1 0
f 2
m 3 14 8
m 1 2 0
m 2 13 6
b 2
m 3 14 6
f 3
m 1 7 7
m 2 2 0
m 2 9 5
m 3 2 16
m 1 9 14
m 1 14 14
m 2 5 16
m 2 16 9
m 3 9 7
m 1 4 7
b 1
m 2 3 4
m 2 2 13
m 3 0 11
m 3 11 4
m 1 3 11
g 1 0 2
m 2 11 7
b 2
m 3 5 13
m 3 16 10
f 3
g 3 7 4
m 1 7 10
m 1 11 0
m 2 2 11
m 2 0 2
m 3 5 14
m 1 4 11
q 1
m 2 6 8
m 1 4 15
q 1
m 2 11 16
m 2 3 14
m 3 7 14
m 1 15 14
m 2 12 6
m 2 8 10
m 3 6 4
m 3 8 3
m 1 12 5
m 1 6 14
m 2 6 14
m 3 15 11
b 3
m 1 13 0
q 1
m 2 1 8
m 3 9 13
m 3 7 9
q 3
g 3 0 12
m 1 1 11
m 2 4 16
m 2 16 2
m 3 11 13
m 1 9 2
m 2 8 5
m 3 0 7
g 3 11 1
m 1 1 0
m 1 9 4
m 2 1 3
m 2 10 12
m 3 5 14
m 1 15 5
m 1 5 5
m 2 6 4
q 2
m 3 11 10
m 3 13 6
q 3
g 3 6 5
m 1 11 14
m 1 16 3
m 2 3 10
m 2 8 13
m 3 12 15
m 3 0 11
m 1 6 15
m 1 4 3
f 1
g 1 14 4
m 2 0 14
m 2 8 5
p
m 3 8 8
m 3 0 12
m 1 15 5
m 2 3 13
f 2
m 3 6 8
m 3 8 8
m 1 16 14
q 1
m 2 13 7
m 3 12 5
q 3
m 1 2 14
b 1
m 2 11 11
m 2 5 14
f 2
m 3 14 1
m 3 14 8
f 3
m 1 10 2
m 2 3 0
p
m 3 5 2
q 3
m 2 7 12
m 2 7 0
b 2
m 3 7 3
m 3 6 2
m 1 5 13
b 1
q 2
m 3 9 10
m 3 6 4
m 1 5 3
m 1 7 5
m 2 10 15
m 2 15 12
m 3 10 12
q 1
m 2 12 14
m 3 11 7
m 1 11 6
f 1
q 1
m 2 9 9
m 2 1 10
m 3 4 15
m 3 11 3
m 1 4 13
f 1
m 2 2 4
m 3 5 10
m 3 4 8
m 1 6 15
m 1 11 12
m 2 13 3
m 3 2 1
f 3
m 2 1 4
m 3 7 14
m 3 9 1
m 1 11 16
m 1 13 4
m 2 1 13
m 3 8 12
f 3
m 1 5 16
m 1 4 14
q 1
m 2 14 14
m 3 10 15
m 3 9 11
q 3
m 1 0 4
m 2 5 4
m 3 0 4
m 3 16 14
m 1 1 15
m 2 4 7
f 2
g 2 7 13
m 3 7 3
m 1 0 14
f 1
q 1
b 2
m 3 13 14
m 3 12 0
b 3
m 1 10 14
m 1 4 12
m 2 13 13
f 2
m 3 16 8
p
m 1 6 0
f 1
p
m 2 0 4
m 3 2 1
m 1 1 11
f 1
m 2 10 13
m 2 13 10
g 2 14 5
m 3 14 2
m 3 12 8
q 3
m 1 1 4
m 1 14 7
m 2 3 10
m 2 3 5
m 3 5 2
m 1 9 0
m 1 13 5
q 1
m 2 3 6
m 2 1 14
m 3 3 5
m 1 12 12
m 2 5 1
m 2 3 0
m 3 12 8
m 3 10 5
m 1 16 13
b 1
m 2 6 8
m 2 15 5
m 3 4 16
m 1 9 11
m 1 3 7
b 1
q 1
m 2 6 10
m 3 14 8
b 3
m 1 1 1
g 1 0 5
m 2 6 15
m 2 4 14
m 3 11 10
q 3
b 1
m 2 8 2
q 2
m 3 9 10
m 3 15 9
m 1 1 3
p
m 2 11 4
m 2 10 11
q 2
m 3 0 0
m 1 15 9
m 2 7 15
m 2 11 6
f 2
m 3 6 10
m 2 3 1
b 3
m 1 8 5
m 2 1 8
m 3 1 12
m 3 10 4
m 1 5 12
m 2 13 6
m 3 4 7
m 3 6 6
m 1 6 0
m 1 13 11
q 1
m 2 7 15
m 2 2 8
m 3 0 14
m 3 4 6
b 3
f 3
m 1 6 10
m 1 10 9
m 2 1 11
m 2 10 7
q 2
m 3 6 8
m 1 13 14
m 2 1 0
m 3 9 0
b 3
f 3
m 1 3 8
m 3 1 11
m 3 7 9
m 1 13 7
m 2 8 5
m 3 8 5
m 3 8 12
b 3
m 1 6 16
m 1 11 12
m 2 7 11
m 2 13 14
q 2
m 3 6 15
m 1 14 2
m 2 6 16
m 2 13 14
m 3 8 7
m 1 5 1
m 1 8 13
m 2 6 10
m 3 8 9
m 3 5 12
f 3
m 1 15 5
m 2 1 13
f 2
m 3 1 11
m 3 0 8
g 3 11 2
m 1 0 4
m 1 12 2
m 2 1 15
g 2 4 3
m 3 11 14
b 3
q 3
m 1 10 3
m 1 14 9
m 2 0 1
m 2 6 5
f 2
m 3 5 2
g 3 4 12
m 1 9 13
m 2 15 5
m 3 12 7
m 1 5 1
m 2 7 15
m 2 13 10
m 3 5 13
m 3 16 10
m 1 9 3
m 1 11 10
m 2 13 12
m 2 13 12
m 3 2 7
f 3
m 1 13 7
q 1
m 2 2 7
b 2
m 3 3 3
m 3 3 14
g 3 8 9
m 3 8 7
m 3 7 2
b 3
m 1 11 14
m 2 6 0
m 2 2 0
m 3 1 14
m 1 10 12
b 1
q 1
m 2 14 8
m 2 9 8
m 3 13 14
f 3
m 1 0 4
m 1 4 3
b 1
m 2 12 4
m 3 9 7
q 3
m 1 10 13
m 1 7 14
m 2 5 13
m 3 14 8
m 3 1 0
m 1 12 6
m 2 10 2
m 2 8 0
m 3 1 15
m 1 7 15
g 2 12 5
m 3 11 6
b 3
q 3
m 1 12 6
m 1 9 5
b 1
m 2 3 2
m 2 9 4
p
m 3 8 15
m 1 2 10
m 2 15 8
f 2
m 3 3 13
m 3 9 2
m 1 5 14
m 1 14 3
m 2 12 11
m 3 4 7
m 1 11 9
f 1
q 1
m 2 6 15
m 2 14 14
m 3 6 16
m 3 11 5
m 1 14 6
f 1
p
b 2
m 3 2 7
p
m 1 11 12
m 1 5 14
q 1
m 2 1 4
m 3 11 6
m 1 5 1
m 2 11 11
m 3 7 5
m 1 10 15
m 1 6 13
m 2 12 6
m 3 4 12
m 3 8 8
m 1 3 3
m 1 9 0
f 1
m 3 6 16
m 1 15 7
p
m 2 13 15
m 2 11 5
m 3 10 15
m 3 0 9
g 3 12 4
m 1 6 8
m 2 10 12
m 3 15 6
m 1 0 14
m 1 2 10
m 2 11 16
q 2
m 1 13 14
m 1 5 10
m 2 11 16
m 3 10 0
b 3
m 1 1 13
m 1 10 4
m 2 11 6
m 2 3 4
m 3 8 10
m 1 6 0
m 1 7 9
m 2 1 9
m 2 3 1
b 2
m 3 2 11
m 1 3 6
m 2 9 13
g 2 12 16
m 3 11 6
m 3 15 8
m 1 10 15
p
m 2 10 10
m 3 13 14
m 3 4 9
m 1 6 1
m 2 15 0
m 2 4 1
q 2
m 3 3 0
m 3 6 8
m 1 8 12
m 2 6 1
m 2 12 11
m 3 1 8
m 1 1 15
m 1 14 6
m 2 4 15
m 2 15 3
m 3 8 7
m 3 12 0
m 1 5 14
m 1 14 8
m 2 1 15
m 2 7 3
m 3 9 3
m 3 4 7
q 3
m 1 5 14
g 1 4 5
m 3 3 0
m 1 1 15
m 2 2 1
m 2 1 3
g 2 8 4
m 3 2 2
m 3 10 6
m 1 1 11
m 2 4 4
m 3 11 14
m 3 1 0
m 1 15 11
m 2 1 10
m 2 0 0
m 1 4 7
m 1 12 3
f 1
m 2 1 10
m 3 13 12
f 3
m 1 16 9
m 2 13 12
m 3 15 5
q 3
m 1 12 2
m 1 1 1
m 2 4 7
m 2 9 1
m 3 1 10
m 1 13 4
m 2 13 3
m 2 12 14
m 3 10 12
m 1 4 7
m 1 4 2
m 2 8 5
m 2 13 12
m 3 1 8
m 3 2 14
m 1 1 8
m 2 4 16
m 2 6 12
m 3 6 16
m 3 9 3
m 1 5 14
m 1 15 2
b 1
f 1
m 2 9 13
m 2 6 10
m 3 13 14
b 3
f 3
m 1 15 9
m 2 3 10
m 3 0 14
m 1 8 5
m 2 1 13
m 2 11 3
f 2
m 3 4 6
m 1 8 7
m 1 16 11
m 2 1 8
m 2 0 10
f 2
m 3 16 0
m 3 3 10
m 1 1 10
b 1
m 2 14 5
m 2 13 5
m 3 13 8
q 3
p
m 1 6 8
p
m 2 8 10
m 2 0 4
p
m 3 9 6
m 3 11 4
m 1 1 8
m 1 5 7
b 1
m 2 13 15
m 3 5 4
g 1 8 1
m 2 2 11
m 3 1 11
m 3 10 3
m 2 4 16
m 2 4 1
m 3 3 1
m 3 15 11
m 1 8 11
m 1 4 4
m 2 5 16
m 3 15 12
m 3 1 1
f 3
m 1 15 12
m 1 8 9
b 1
m 2 5 16
m 2 2 9
m 3 11 8
m 1 2 11
m 2 3 7
m 2 0 4
m 3 0 4
p
m 1 13 14
m 2 11 6
m 2 10 3
m 1 6 9
m 2 9 4
m 3 14 8
m 1 4 7
m 1 10 11
m 2 8 5
m 3 14 6
m 1 11 6
m 1 8 8
m 2 10 15
m 2 7 6
b 2
m 3 5 3
m 3 11 7
m 1 16 12
b 1
m 2 6 16
m 2 2 6
m 3 7 5
m 3 12 10
m 1 0 4
m 2 8 10
m 2 12 1
b 2
m 2 6 16
m 2 3 13
m 3 13 15
q 3
m 1 15 8
m 1 3 2
m 2 9 13
m 3 3 0
b 3
m 1 5 9
m 2 1 16
m 2 4 7
q 2
m 3 9 6
q 3
m 1 6 0
m 1 14 1
m 2 3 14
m 3 6 16
m 1 8 5
m 2 6 13
m 3 5 13
g 3 9 12

