B 7 6 4 10
m 1 5 3
b 1
m 2 0 0
m 3 1 5
m 4 1 1
m 1 3 2
m 1 2 2
q 1
m 2 1 4
m 3 6 3
m 4 5 0
m 1 1 4
m 2 1 0
m 3 6 2
m 4 3 2
m 1 1 4
m 2 0 3
m 2 4 3
m 3 4 0
m 4 1 0
m 1 0 6
m 1 1 2
m 2 1 3
m 3 1 4
b 3
m 4 2 0
f 4
g 4 2 1
m 1 1 6
m 2 0 3
m 2 5 5
p
m 3 4 1
m 3 3 2
m 4 4 2
m 4 5 5
m 1 5 2
m 2 1 0
m 2 4 4
m 4 4 6
m 4 2 2
m 1 5 0
m 2 2 0
f 2
m 3 4 5
m 4 3 2
m 1 4 6
m 2 5 2
m 2 2 1
b 2
m 3 4 5
m 4 5 0
m 4 4 0
m 1 1 3
m 1 4 3
m 2 2 2
m 3 5 0
m 4 2 0
m 4 4 1
f 4
m 1 5 6
m 1 0 5
q 1
p
m 2 4 2
q 2
m 3 1 3
m 3 5 3
f 4
m 1 4 0
p
m 2 1 2
p
m 3 2 0
m 4 4 5
m 4 3 0
b 4
m 1 3 3
m 1 5 3
m 2 4 6
m 2 5 1
m 3 1 0
m 3 2 4
m 4 5 2
m 1 4 0
q 1
m 2 4 6
m 1 4 6
q 1
m 2 4 5
m 3 0 6
m 4 4 5
q 4
m 1 5 6
m 1 3 0
m 2 4 3
f 2
m 3 4 3
m 3 2 4
m 4 3 2
m 4 2 2
m 2 4 5
m 3 3 2
m 4 5 3
m 1 0 0
p
m 2 3 2
g 2 4 2
m 3 1 6
m 3 6 3
m 4 5 6
m 4 1 2
m 1 1 0
m 2 5 2
b 2
m 3 5 4
g 3 3 3
m 4 5 2
m 4 6 3
m 1 1 3
m 1 4 2
m 2 3 4
m 3 1 0
f 3
m 4 4 0
g 4 3 5
m 1 1 0
m 2 5 1
p
m 3 3 2
m 3 3 1
m 4 1 6

