B 9 7 3 11
m 1 8 5
m 1 5 6
m 2 0 1
m 1 3 1
m 1 7 3
m 2 0 5
m 3 5 2
m 1 5 2
m 2 2 2
m 2 4 5
m 3 2 6
f 3
m 1 0 4
m 1 8 2
m 2 3 5
m 2 1 3
m 3 8 4
m 3 3 4
q 3
m 1 6 8
m 2 1 3
m 2 1 3
p
m 3 2 3
m 3 7 6
m 1 6 6
m 2 0 7
m 2 7 0
p
m 3 7 0
b 3
m 1 3 3
q 1
m 2 4 1
m 2 6 5
m 3 0 3
b 3
m 1 8 5
f 1
m 2 2 7
p
m 3 3 5
m 1 6 6
m 2 3 5
m 3 4 2
m 3 5 6
m 1 3 5
m 2 6 3
m 2 7 4
m 3 6 3
m 1 1 8
m 1 6 0
q 1
m 2 1 5
m 3 2 1
f 1
m 2 5 5
m 3 1 0
m 3 6 6
m 1 2 6
m 1 6 5
g 1 3 1
m 2 2 1
q 3
m 1 4 6
m 1 3 5
q 1
b 2
f 2
m 3 1 1
m 1 1 8
m 1 1 5
m 2 3 0
m 3 6 6
q 3
m 1 8 3
m 1 0 5
f 1
m 2 4 5
m 1 5 2
m 1 0 0
m 2 4 5
m 3 5 7
m 3 1 1
b 3
m 1 1 5
b 1
m 2 3 0
m 3 6 8
m 3 6 1
q 3
m 1 0 4
m 2 4 2
m 2 4 1
m 3 6 1
f 3
m 1 5 2
g 1 2 4
m 2 6 3
m 3 1 5
b 3
m 1 1 5
m 2 6 1
m 3 3 5
m 1 5 2
m 1 2 3
m 2 2 1
m 2 2 1
m 3 5 3
m 3 6 2
m 1 4 4
g 1 5 5
m 2 4 2
m 2 8 6
q 2
m 3 3 4
p
m 1 1 5
m 2 0 2
m 2 6 5
f 2
m 3 4 5
m 1 6 8
m 1 4 0
m 2 6 8
m 2 4 4
f 2
m 3 0 6
b 3
m 1 0 8
m 1 0 4
q 1
p
m 2 3 4
m 2 5 5
b 2
m 3 6 3
m 3 3 1
m 1 1 5
m 1 4 3
f 2
m 3 2 7
m 1 0 8
b 1
g 1 0 7
m 2 0 1
m 2 8 6
m 3 0 2
m 3 4 5
m 1 1 8
m 1 1 4
m 2 2 3
m 2 3 4
g 2 2 5
m 3 4 5
m 3 0 2
b 3
m 1 3 2
b 1
m 2 4 6
f 2
q 2
m 3 8 4
m 3 6 5
m 1 8 0
m 1 6 3
m 2 2 1
m 3 5 1
m 3 3 4
m 1 5 7
b 1
m 2 0 1
m 3 6 8
b 3
m 1 1 8
m 2 6 1
m 3 0 3
b 3
m 1 5 2
m 1 3 0
m 2 5 7
m 1 6 8
b 1
m 2 1 8
m 2 7 1
f 2
m 3 4 5
m 3 5 5
m 1 6 8
m 2 5 2
m 2 5 6
m 3 4 6
m 3 2 0
q 3
m 1 4 2
m 1 2 2
p
m 3 5 0
b 3
m 1 5 6
q 1
m 2 8 4
m 3 2 3
m 1 2 1
m 1 2 6
f 1
m 2 5 0
m 3 4 5
m 3 2 0
m 1 6 8
m 1 2 6
b 1
m 2 0 6
b 2
q 2
m 3 1 0
q 1
m 2 5 2
m 3 4 5
m 3 5 3
m 1 5 7
g 1 1 6
m 2 5 7
m 3 6 3
f 3

