B 4 5 5 1
m 1 4 2
m 2 2 0
m 3 4 2
m 3 2 0
b 3
f 3
m 4 0 3
b 4
m 5 0 3
m 5 3 0
q 5
m 1 0 2
m 1 2 3
m 2 0 0
m 2 2 4
m 3 4 3
m 3 0 4
m 4 1 3
m 4 1 3
m 5 2 3
m 5 1 1
m 1 1 1
m 1 3 2
q 1
m 2 2 0
m 2 0 1
q 2
m 3 0 1
m 4 1 2
m 5 1 4
m 1 2 1
q 1
m 3 2 3
m 3 1 3
m 4 1 3
m 5 0 1
m 1 3 3
m 1 1 4
m 2 0 1
m 2 1 1
m 3 3 3
f 3
m 4 2 3
m 5 0 4
m 5 1 0
f 5
p
m 1 0 0
m 1 1 4
b 1
m 2 2 2
m 2 2 2
m 3 0 4
m 3 3 4
m 4 0 0
b 4
m 5 3 1
m 1 2 0
m 1 3 1
m 2 1 1
m 2 2 4
m 3 1 1
m 3 2 2
g 3 4 0
m 4 0 4
m 5 1 1
m 1 3 3
m 1 1 3
m 2 0 1
m 2 3 0
m 3 3 4
m 4 1 2
m 4 0 1
m 5 4 2

