B 10 5 6 8
m 1 5 0
m 1 7 3
b 1
m 2 9 0
m 3 1 3
m 4 0 8
m 4 2 3
m 5 2 0
m 5 9 3
m 6 4 3
b 6
m 1 2 5
m 1 1 1
p
f 2
m 3 3 8
m 4 0 3
m 5 2 7
m 5 3 4
p
m 6 4 3
p
m 2 3 4
m 2 6 2
m 3 6 3
m 4 4 8
m 4 6 0
q 4
m 5 4 5
m 5 8 1
f 5
m 6 2 8
m 1 1 4
m 1 9 3
m 2 1 6
m 2 6 1
m 3 0 2
m 3 0 1
m 4 2 2
m 5 0 4
b 5
m 6 1 7
m 1 3 3
m 1 2 4
m 2 0 4
m 3 5 4
b 3
b 4
q 4
g 5 4 5
m 6 4 8
f 6
m 1 3 1
m 2 8 4
m 3 8 4
q 3
m 4 1 3
m 5 1 5
m 5 8 1
m 6 8 1
m 6 5 2
m 1 2 4
m 1 7 4
m 3 3 2
m 3 6 3
m 4 0 4
m 5 9 0
m 6 0 7
f 6
m 1 0 4
m 2 1 5
m 2 7 2
m 3 1 9
m 3 3 3
p
m 4 0 4
m 4 5 4
m 5 1 4
m 5 3 2
m 6 0 3
m 1 2 9
m 1 3 0
m 2 1 2
m 3 2 1
b 3
m 4 1 5
m 5 5 0
b 5
m 6 2 9
m 6 2 1
m 1 4 4
m 1 5 3
m 2 2 9
m 2 5 2
m 3 3 2
m 5 3 1
m 6 0 3
m 6 1 2
f 6
m 1 6 4
m 1 6 3
m 2 1 9
b 2
m 4 7 0
p
m 6 0 4
m 6 5 3
m 1 4 0
m 2 2 4
b 2
m 3 0 1
f 3
m 4 5 3
m 4 1 0
g 4 3 9
m 5 1 5
m 5 7 2
m 6 1 4
b 6
f 6
m 1 4 9
m 1 8 0
q 1
m 2 3 0
m 2 6 0
m 3 0 0
m 4 0 3
m 5 5 0
m 6 1 5
m 6 0 2
m 2 2 9
b 2
q 2
m 3 4 9
m 4 1 4
m 4 9 2
m 5 2 8
m 5 6 2
q 5
m 6 8 2
m 1 2 4
m 2 1 4
m 2 9 3
m 3 4 3
m 4 1 7
m 5 3 8
f 5
m 6 4 9
q 6
m 1 3 4
m 1 8 1
b 1
q 1
m 2 1 7
m 2 0 1
m 3 9 1
m 3 2 3
m 5 1 4
m 6 5 0
m 6 0 4
m 1 3 8
m 2 0 1
p
m 3 3 8
m 3 8 1
m 4 1 4

