B 11 5 7 8
m 1 1 0
m 2 2 0
m 3 1 7
m 4 5 2
m 5 4 4
m 6 5 3
m 7 0 0
m 7 5 2
g 1 0 0
m 2 9 2
m 2 10 3
f 2
p
m 4 4 2
m 4 4 0
f 4
m 5 7 1
p
m 6 1 0
f 6
m 7 0 6
m 1 4 3
m 2 5 3
m 3 1 2
m 3 1 3
m 4 7 0
b 4
m 5 6 2
m 6 4 3
m 6 6 2
m 7 2 0
m 7 8 0
m 1 1 9
m 1 10 4
m 2 6 2
m 2 10 0
b 2
m 3 0 9
m 3 7 2
m 4 0 3
m 4 8 4
g 4 0 8
m 5 7 4
m 5 3 2
p
m 6 0 9
m 6 8 4
m 7 1 2
m 7 7 4
m 1 0 5
m 2 1 4
g 2 2 7
m 3 9 0
m 3 8 4
q 3
m 4 10 2
m 5 2 2
m 5 1 1
m 6 0 3
m 7 4 2
f 7
g 7 2 5
m 1 3 8
m 2 0 5
m 2 10 3
m 3 4 5
m 3 5 3
m 4 1 5
m 4 8 2
m 5 4 3
m 5 2 3
m 6 1 3
m 6 0 3
m 7 4 3
m 7 6 0
m 1 2 0
m 1 1 1
q 1
m 2 4 5
m 3 0 5
b 3
f 3
m 4 5 3
m 5 1 0
m 5 3 1
f 5
m 6 8 0
m 7 4 6
f 7
m 1 0 0
m 2 4 0
m 2 4 4
m 3 8 1
m 4 3 7
b 4
m 5 4 0
m 6 4 9
m 7 8 3
b 7
p
m 1 5 4
m 1 6 2
m 2 1 10
b 2
m 3 1 0
m 4 7 1
m 5 1 10
m 6 3 4
m 6 5 2
b 6
f 6
m 7 1 4
m 7 8 2
m 1 5 4
m 2 3 2
m 2 4 0
m 3 1 10
q 3
g 3 3 8
m 4 8 3
b 4
m 5 4 6
q 5
m 6 6 3
m 7 1 6
m 7 0 2
q 7
p
m 1 1 9
m 2 10 4
m 2 4 0
m 3 4 9
m 4 4 6
m 4 5 3
m 5 2 4
m 5 5 3
m 6 4 0
m 6 8 2
m 7 3 3
m 1 1 4
m 2 1 6
m 3 3 9
f 3
m 4 9 2
m 5 4 0
m 7 4 9
m 7 7 0
b 7
g 7 0 7
m 1 1 9
q 1
m 2 4 0
m 2 0 0
b 2
m 3 0 3
p
m 4 0 4
b 4
m 5 3 7
m 6 1 6
b 6
m 7 4 9
m 1 1 9
m 1 8 0
m 2 7 4
m 3 4 2
m 4 0 5
m 4 7 2
m 5 4 4
m 5 10 2
p
m 6 1 10
m 7 0 1
m 1 3 9
m 2 5 2
m 3 1 4
m 4 3 7
b 4
m 5 1 9
m 5 1 0
m 6 2 1
m 7 1 6
b 7
m 1 0 0
m 1 0 3
m 2 4 6
m 3 9 2
m 4 1 10
f 4
q 4
m 5 4 9
g 5 0 1

