B 10 10 6 18
m 1 6 5
f 1
m 2 5 1
m 3 3 7
b 3
m 4 6 9
m 5 1 9
m 5 5 1
q 5
m 6 9 4
m 1 4 2
m 1 6 5
m 2 7 7
m 2 5 5
m 3 3 3
m 3 8 4
b 3
q 3
m 4 6 1
g 4 4 9
m 5 3 8
b 5
g 5 4 9
m 6 3 9
q 6
m 2 5 7
m 2 0 5
m 4 6 4
m 4 9 7
m 5 8 6
m 6 5 9
g 6 2 4
m 1 0 2
m 2 0 7
m 2 3 1
f 2
q 2
m 3 8 5
b 3
f 3
m 4 5 7
m 4 5 8
m 5 6 6
m 5 3 5
m 6 0 9
m 6 0 5
m 1 4 0
m 1 0 8
p
m 2 7 8
m 2 9 6
m 3 7 4
m 3 0 4
m 4 2 2
m 4 0 9
m 5 5 3
m 6 7 1
m 6 6 7
m 1 0 8
q 1
f 2
p
m 3 4 3
m 4 3 7
m 4 2 4
b 4
m 5 6 5
b 5
m 6 6 7
m 2 4 1
m 2 3 2
m 3 6 7
m 3 3 0
f 3
m 4 2 6
b 4
m 5 7 8
m 5 6 1
f 5
m 6 4 3
m 1 3 9
b 1
f 2
m 4 4 3
m 4 2 1
b 4
m 5 1 9
p
m 6 5 2
m 6 0 2
m 1 9 7
b 1
f 1
m 2 4 5
m 3 4 3
m 4 4 2
b 4
m 5 5 9
b 5
m 6 1 9
m 6 3 2
b 6
q 6
m 1 9 4
m 2 3 7
m 3 4 0
m 4 5 2
m 4 5 5
m 5 1 8
m 6 7 4
m 6 6 5
b 6
f 6
m 1 0 5
m 1 5 0
m 2 2 7
m 2 9 7
m 3 9 9
m 3 3 0
m 4 1 8
m 4 3 4
f 4
q 4
m 5 3 2
m 1 8 9
m 1 1 4
m 2 0 6
q 2
m 3 6 3
b 3
m 4 7 8
m 4 8 3
m 5 1 4
b 5
m 6 3 2
m 1 6 5
m 1 3 8
m 3 3 9
m 3 3 2
m 4 9 0
q 6
m 1 6 5
m 2 7 1
p
m 4 6 4
m 5 1 1
m 5 0 2
m 6 7 8
m 6 4 4
f 6
q 6
m 1 3 7
m 1 0 8
m 2 2 8
m 4 6 7
q 4
m 5 5 7
m 5 6 6
f 5
m 6 6 5
m 6 0 8
m 1 9 2
m 2 3 0
m 3 3 7
m 4 0 7
b 4
m 5 5 7
m 6 7 1
m 1 1 0
m 1 0 7
b 1
m 2 7 0
m 3 7 8
m 3 8 3
m 4 2 1
m 4 6 0
m 5 3 7
m 5 3 4
m 6 5 1
m 6 8 7
q 6
m 1 2 6
b 2
q 2
m 3 3 3
m 4 0 4
m 4 4 2
f 6
m 1 9 2
m 2 8 9
f 2
m 3 6 0
m 4 5 9
m 4 6 8
m 6 2 8
m 6 6 6
m 1 5 7
m 2 3 0
b 2
m 3 3 0
m 3 0 0
q 3
m 4 4 6
m 4 1 8
m 5 1 8
m 6 1 0
m 6 3 1
g 6 0 4
m 1 0 8
m 1 7 6
m 2 3 2
m 3 1 8
m 3 3 6
m 4 5 1
m 4 1 7
b 4
m 5 6 7
q 6
m 1 0 2
q 1
m 2 6 5
m 2 4 2
m 3 3 7
g 3 4 3
m 4 2 8
m 5 2 8
m 6 9 7
m 6 1 1
m 1 3 7
m 1 9 2
m 2 1 8
m 2 7 0
m 3 8 4
m 4 2 6
m 4 8 6
m 5 5 1
m 6 0 7
m 1 3 9
m 2 1 0
m 3 6 5
q 3
m 4 8 8
m 4 5 8
f 4
m 5 3 7
g 5 0 1
m 6 3 1
f 6
m 1 2 0
q 1
m 2 8 6
m 3 3 1
m 3 2 3
m 4 1 0
m 5 9 4
m 6 5 6
m 1 4 6
b 1
m 2 5 2
m 2 8 7
q 2
g 2 6 6
m 3 5 2
m 4 7 7
m 4 6 4
m 5 1 8
m 5 4 4
m 1 3 0
b 1
m 2 3 8
m 3 9 9
m 3 9 6
m 4 7 4
m 4 8 5
g 4 6 3
p
m 6 7 4
m 6 2 7
p
m 1 0 5
m 2 9 5
m 3 3 7
m 4 5 8
m 5 1 0
m 5 4 0
m 6 6 1
m 1 2 8
m 2 9 7
m 2 3 6
m 3 0 4
m 3 1 5
m 4 1 4
m 4 4 1
q 4
m 5 8 4
m 5 8 6
b 5
m 6 5 2
m 6 0 4
f 6
m 1 9 4
p
m 2 6 1
m 3 3 1
m 3 2 8
m 4 8 9
m 5 9 4
p
f 6
q 6
m 1 1 0
m 2 2 1
m 2 2 9
m 3 1 9
m 3 7 0
g 4 8 1
m 5 5 2
m 5 7 7
f 5
m 6 2 7
m 1 7 0
f 1
m 2 1 8
m 3 9 7
m 3 5 4
f 3
m 4 2 8
m 4 1 7
m 5 9 4
m 5 2 9
m 6 7 2
b 6
m 1 1 8
m 2 9 4
f 2
g 2 9 8
m 4 2 1
g 4 2 9
m 5 2 8
m 5 7 2
f 6
m 1 2 8
m 2 7 4

