B 19 9 4 36
m 1 11 0
m 2 4 4
m 3 5 2
m 4 17 8
m 1 6 8
m 1 14 1
m 2 6 16
m 3 0 7
m 4 5 1
m 4 5 0
m 1 8 6
m 1 14 3
m 2 8 14
m 3 4 4
m 3 4 0
m 4 7 10
q 4
m 1 17 1
m 2 5 12
m 2 2 6
m 3 8 13
m 4 8 16
m 4 10 5
m 1 6 14
m 1 10 7
m 2 2 11
f 3
q 3
m 4 5 17
m 4 5 3
m 1 8 14
m 2 2 1
m 2 9 8
m 3 13 6
b 3
q 3
m 4 4 10
m 4 4 8
q 1
m 2 18 6
m 3 8 0
q 3
q 4
m 1 5 6
m 1 4 8
f 1
p
m 2 2 17
m 2 5 5
g 2 8 17
m 3 16 2
m 3 1 8
m 4 4 12
f 4
m 1 2 4
m 1 2 1
m 2 2 5
m 3 5 13
m 4 18 6
m 1 0 3
m 2 11 5
m 3 2 7
m 3 16 8
f 3
m 4 4 6
m 4 7 4
m 1 1 5
q 1
m 2 2 17
m 3 8 4
m 3 12 7
b 3
m 4 6 3
m 4 4 0
m 1 17 3
g 1 1 5
m 2 4 3
b 2
m 3 5 17
m 3 11 4
m 4 2 17
m 1 2 3
m 1 9 0
m 2 1 5
m 3 4 5
m 3 10 5
f 3
m 4 0 6
m 4 14 0
m 1 5 6
m 2 5 8
m 3 7 7
f 3
m 4 7 9
m 4 9 8
b 4
f 4
m 1 17 8
m 2 3 3
m 3 0 6
m 3 16 8
f 3
m 1 3 12
m 2 0 15
m 2 17 2
b 2
m 3 5 6
m 4 2 10
m 1 5 12
m 1 6 5
m 2 11 7
m 2 18 4
g 2 0 8
m 3 6 14
b 3
m 4 16 0
m 1 6 1
f 1
m 2 3 12
m 3 5 0
m 4 4 9
m 4 6 0
m 1 12 3
m 2 8 6
m 3 1 1
q 3
m 4 2 11
m 1 7 16
m 2 6 16
f 2
m 3 7 5
m 3 13 1
m 4 1 10
b 4
m 1 5 14
m 2 2 9
m 3 8 14
m 4 4 8
m 1 2 6
m 1 7 8
m 2 1 12
m 2 15 5
f 2
p
m 4 16 2
m 4 3 7
m 1 6 7
g 1 0 16
m 2 9 4
m 3 2 18
b 3
f 4
m 1 8 10
b 1
g 1 4 18
m 2 1 12
m 3 2 6
m 3 5 5
p
m 4 7 9
m 4 14 1
p
f 1
q 1
g 1 0 14
m 2 3 1
m 2 9 8
m 3 3 7
q 4
g 4 0 11
m 1 15 0
m 1 15 7
m 2 4 6
m 2 16 2
m 3 18 7
m 3 6 0
m 4 2 12
m 4 7 2
m 1 9 6
q 1
m 2 6 6
m 3 8 12
m 4 2 0
m 1 8 13
m 1 13 0
b 1
m 2 2 3
m 2 6 8
p
m 3 0 3
m 3 5 0
b 3
m 4 18 5
m 1 1 15
m 1 10 8
m 3 8 12
m 3 8 5
b 3
m 4 17 8
m 4 15 7
m 1 2 12
m 1 1 7
m 2 1 7
m 2 2 4
b 2
q 2
m 3 8 5
q 3
m 4 4 12
m 4 11 3
m 1 2 10
m 2 8 0
m 2 14 5
m 3 2 6
m 4 13 5
m 4 14 3
m 1 2 2
m 2 0 7
m 2 8 0
g 2 5 1
m 3 1 16
m 4 3 16
m 4 9 2
m 1 2 11
q 1
g 1 8 16
m 2 1 15
m 2 9 3
m 3 7 17
m 3 13 3
m 4 16 2
q 4
m 1 3 15
m 1 10 7
m 2 7 5
m 3 4 5
m 4 15 5
m 4 16 7
m 1 4 10
m 1 6 2
m 2 1 5
m 3 13 8
m 3 8 6
m 4 2 0
m 1 5 3
m 1 6 0
m 2 5 0
m 3 14 7
m 4 4 5
m 4 11 5
m 1 1 7
b 1
m 2 2 12
m 3 5 9
m 3 8 0
m 4 4 6
g 4 3 0
m 1 2 1
g 2 8 10
m 3 8 2
m 1 3 15
m 2 7 4
b 2
m 3 3 7
m 4 17 0
m 4 11 3
m 1 1 15
m 2 13 7
m 2 15 1
b 2
m 3 0 10
b 3
p
f 4
q 4
m 1 4 13
m 2 18 1
m 2 16 0
b 2
m 3 2 11
m 4 13 2
m 4 1 7
b 4
q 4
m 1 18 5
m 2 15 7
m 2 8 2
m 3 5 3
m 3 6 4
m 4 2 18
m 1 6 10
m 2 0 1
m 3 13 1
m 4 1 10
m 4 3 0
m 1 4 3
m 2 14 2
q 2
m 3 7 0
m 3 12 4
b 3
q 3
m 4 5 12
m 1 0 0
m 1 7 8
m 2 7 4
m 3 9 7
m 4 8 11
m 4 6 0
m 1 16 6
q 2
m 3 1 9
m 4 1 16
f 4
q 4
m 2 3 16
m 2 4 6
m 3 14 7
m 4 5 3
m 1 8 0
b 1
f 1
m 2 4 8
m 2 4 0
m 3 2 0
m 3 12 0
m 4 5 12
m 1 2 1
m 1 13 6
b 1
m 2 7 5
p
m 3 5 1
m 3 14 3
b 3
q 3
g 3 1 0
m 4 9 4
m 4 12 1
q 4
f 1
m 2 13 6
m 2 15 5
m 3 4 2
m 1 6 15
m 1 2 1
m 2 5 9
m 3 6 12
m 4 17 5
m 1 6 3
m 2 0 3
m 3 1 8
m 4 5 9
b 4
m 1 1 6
m 2 11 7
m 2 0 4
m 3 2 0
m 3 1 6
m 4 8 14
m 4 4 3
m 1 1 4
m 2 5 16
f 2
g 2 1 12
m 3 7 8
b 3
q 3
p
m 4 2 11
f 4
m 2 5 0
m 2 14 5
f 2
m 3 7 5
m 4 16 0
m 4 1 6
m 1 17 0
f 2
m 3 7 4
m 3 11 1
m 4 1 10
m 4 12 3
m 1 5 0
m 2 2 0
p
m 3 13 0
m 3 18 1
m 4 1 4
m 4 16 7
q 4
m 1 4 5
f 1
m 2 15 0
m 2 4 3
f 2
m 3 9 4
m 4 6 0
q 4
m 2 6 7
p
m 3 11 6
m 3 16 6
g 3 0 17
m 4 3 7
q 4
m 1 6 12
m 1 2 6
m 3 18 2
q 3
m 4 14 0
f 4
m 1 8 4
m 1 10 4
m 2 7 6
m 2 12 4
m 3 8 2
m 3 14 4
m 4 2 10
m 4 5 1
m 1 10 7
m 2 9 5
m 3 2 0
m 3 8 5
m 4 3 16
m 1 3 1
m 1 5 5
m 2 7 5
g 2 6 10
p
m 3 4 3
q 3
m 4 1 4
m 1 4 15
m 2 3 7
m 3 4 3
m 3 2 3
m 4 1 7
m 1 3 15
m 2 3 10
m 3 4 5
m 1 3 1
m 2 8 18
m 2 7 2
p
m 3 8 14
m 3 10 7
f 3
m 4 8 15
m 4 13 0
m 1 12 6
m 2 2 12
m 2 8 6
m 3 8 8
b 3
m 4 17 6
g 4 7 11
m 1 0 1
b 1
m 2 10 0
m 3 6 3
f 3
q 4
m 1 3 16
m 1 8 3
m 3 7 8
f 3
g 3 5 13
m 4 0 18
m 4 11 1
m 1 5 6
f 1
q 1
m 4 10 5
m 4 5 3
m 1 8 18
m 1 1 6
g 1 2 16
m 2 0 7
p
m 3 2 0
m 3 8 7
m 4 8 12
m 4 6 2
f 4
m 1 7 5
m 2 2 0
f 2
m 3 6 14
m 4 1 9
m 4 11 7
m 1 3 1
m 1 12 6
m 2 8 1
m 4 14 3
m 1 2 10
m 1 16 6
m 2 1 16
m 2 10 2
m 3 1 10
b 3
g 3 7 13
m 4 8 0
m 1 8 14
m 1 11 2
m 3 5 3
m 3 10 3
m 4 1 7
m 4 1 4
f 4
m 2 8 11
m 2 16 5
m 3 11 1
m 4 0 18
m 4 10 8
m 1 8 11
b 1
m 2 18 0
m 3 2 7
m 4 5 0
m 1 14 8
b 1
m 2 17 2
m 3 16 0
m 3 16 0
g 3 4 0
m 4 3 2
m 2 5 0
m 3 6 14
m 3 11 3
m 4 5 5
m 1 7 4
m 3 3 18
m 3 14 5
m 4 17 7
g 4 7 13
m 1 3 18
m 1 13 4
m 2 4 3
m 3 2 1
m 3 17 8
f 3
m 4 8 18
f 4
m 1 1 7
m 1 13 6
q 1
m 2 1 16
m 3 4 15
f 3
m 4 4 3
m 2 1 4
m 2 18 8
f 2
m 3 5 12
p
m 4 5 8
m 4 6 2
f 4
m 1 3 18
m 1 8 5
f 1
m 2 14 8
m 2 16 6
m 4 8 15
m 2 8 12
m 2 14 3
p
m 3 4 0
m 3 2 7
m 4 5 0
m 4 11 8
m 2 2 12
f 2
q 2

