B 10 7 5 7
m 1 6 6
m 1 0 1
f 1
m 3 3 3
m 4 4 3
m 5 8 4
m 5 5 3
m 1 7 4
m 4 7 6
m 4 1 0
m 5 5 6
m 5 1 1
m 1 2 3
m 1 9 2
q 1
m 2 2 2
m 3 2 6
m 3 8 0
m 4 3 0
m 4 6 4
m 5 8 1
m 1 0 9
m 1 6 4
m 2 4 5
m 3 4 5
m 3 1 6
m 4 9 1
q 4
m 5 2 1
m 1 2 1
m 1 5 5
m 2 8 6
m 2 3 2
m 3 8 2
m 3 8 4
q 3
m 4 6 0
b 4
m 5 9 0
m 1 0 5
m 1 0 4
q 2
m 3 9 1
m 4 5 6
m 4 5 4
m 5 0 1
m 5 9 1
m 1 4 3
m 1 0 0
f 1
m 3 7 5
m 3 7 1
m 4 0 5
m 4 5 5
m 5 7 5
f 5
m 1 6 6
m 1 3 4
f 2
m 3 2 7
m 4 1 6
m 4 2 2
m 5 5 4
m 5 8 6
b 5
m 1 3 5
m 2 2 0
m 3 6 1
m 4 3 1
m 4 8 1
m 5 1 5
m 5 6 4
m 1 0 7
m 2 4 9
m 2 8 6
m 3 3 6
b 3
m 4 0 4
m 4 3 3
f 4
m 5 5 8
m 1 3 8
m 1 4 1
m 2 5 0
m 2 9 2
f 2
p
m 3 3 1
m 4 4 1
b 4
m 5 3 1
m 5 9 0
m 1 3 1
q 1
m 2 6 4
m 3 2 7
m 3 9 4
m 4 3 9
m 4 2 4
q 4
m 5 6 0
m 5 3 3
q 5
m 1 3 0
m 1 8 3
m 2 0 4
m 3 5 2
m 3 8 3
b 3
m 4 3 1
f 4
m 5 2 5
m 5 1 5
g 5 1 7
m 1 1 4
m 1 1 6
f 1
g 1 6 3
m 2 3 1
m 2 2 4
g 2 2 8
m 3 6 0
m 3 2 5
m 4 1 5
m 5 3 7
p
m 1 2 0
q 1
m 2 2 5
m 2 9 6
m 3 8 5
b 3
m 4 6 4
m 5 3 1
m 5 1 6
m 1 1 5
m 1 9 2
q 1
m 2 4 3
m 3 5 9
m 3 7 6
m 4 9 4
m 5 3 1
m 1 9 2
m 1 5 3
m 2 5 9
m 2 2 4
m 3 7 3
m 4 3 6
m 5 0 3
m 1 4 4
m 2 5 6
m 2 1 3
m 3 2 6
m 4 0 4
q 4
m 5 6 4
m 1 2 7
b 2
f 2
m 3 2 0
g 3 6 4
m 5 2 4
m 5 1 0
m 1 5 6
m 1 8 4
m 2 3 6
f 2
m 3 5 4
m 3 5 3
p
m 4 0 7
m 5 8 4
m 5 6 2
p
m 2 2 7
f 3
m 4 2 4
m 4 5 0
m 1 8 3
m 2 3 0
f 2
m 3 3 4
m 3 0 1
q 5
g 1 6 5
m 2 2 7
m 3 7 5
m 4 6 4
m 4 4 6
m 5 0 1
m 5 7 3
b 5
m 1 6 0
m 1 4 1
g 1 2 3
m 2 0 0
m 3 4 4
m 3 4 5
m 4 3 0
q 4
g 4 0 2
m 1 2 0
m 1 8 1
q 1
m 2 0 7
m 3 0 2
q 3
m 4 2 1
m 5 2 1
m 1 5 3
q 1
m 2 5 2
m 2 9 3
m 3 9 5
m 3 1 4
m 4 6 2
f 4
g 4 5 5
p
m 5 5 3
p
m 1 2 4
m 1 4 5
f 1
m 2 1 5
m 3 5 2
m 3 3 3
m 4 2 7
m 5 2 0
m 1 6 4
m 1 9 0
p
m 2 4 5
m 3 1 5
m 4 9 5
m 5 2 0
m 5 4 5

