B 8 10 3 15
m 1 6 3
m 2 6 7
p
f 3
p
m 1 8 3
m 1 5 7
m 2 7 7
m 3 2 0
m 1 2 1
m 1 6 4
b 1
m 2 5 4
m 3 2 3
m 3 5 1
q 3
p
m 1 2 3
m 2 9 3
m 3 9 6
m 3 3 6
m 1 9 7
m 3 8 1
m 1 2 3
m 2 5 5
m 3 5 4
m 1 4 1
f 1
m 2 2 3
m 1 0 0
m 1 2 1
p
m 2 9 3
m 3 2 3
m 1 3 5
f 2
m 3 5 2
m 3 1 6
m 1 0 5
m 1 5 9
m 2 3 8
m 3 9 3
m 3 1 1
q 3
m 1 9 3
m 1 7 4
m 2 0 4
m 2 5 6
m 3 9 2
m 3 5 3
m 1 3 7
m 1 2 6
m 2 2 8
m 2 5 0
p
m 3 4 9
m 3 7 5
m 1 6 1
b 1
m 2 0 4
m 2 1 5
m 3 7 1
m 1 2 5
m 2 6 0
m 2 1 6
b 2
m 3 8 7
m 1 3 4
m 1 7 8
q 1
m 2 7 5
b 2
m 1 3 6
q 1
m 2 2 0
f 2
m 3 6 0
m 3 0 9
m 1 2 4
m 2 0 7
m 2 7 5
p
m 3 3 0
m 3 4 1
g 3 7 5
m 1 3 3
m 2 8 4
m 3 8 4
m 3 2 0
m 1 6 6
m 1 1 4
g 1 3 2
m 2 8 6
m 3 9 1
m 3 2 2
m 1 8 0
m 1 4 4
f 1
m 2 9 7
m 2 1 1
b 2
m 3 6 4
m 1 3 7
m 2 6 7
m 2 2 1
g 2 9 0
m 3 2 4
m 3 0 6
m 1 3 5
b 1
f 1
p
m 2 9 2
m 3 4 6
m 3 5 7
m 1 2 9
m 1 4 1
p
m 2 3 3
m 2 4 4
g 2 6 0
m 3 9 6
m 1 7 6
q 1
p
m 2 0 1
m 2 0 3
m 3 6 0
m 1 2 6
q 1
m 2 3 2
f 2
m 3 6 5
b 3
m 1 0 9
m 2 9 3
m 2 2 9
q 2
m 3 2 1
m 3 4 4
q 3
m 1 6 7
f 1
m 2 9 7
m 2 4 6
m 3 2 9
m 3 6 3
m 1 2 7
b 1
q 1
m 2 2 4
m 3 2 8
m 1 9 1
m 1 2 5
m 3 2 0
g 3 4 0
m 1 3 1
m 1 2 1
m 2 2 6
q 2
m 3 5 3
m 1 5 4
m 2 7 2
g 2 8 7
m 3 8 4
m 3 1 4
m 1 8 0
m 1 5 1
m 2 7 1
m 3 2 4
m 3 2 9
q 3
m 1 0 1
m 2 8 5
m 2 7 1
m 3 1 0
m 1 5 7
m 1 0 9
m 2 9 3
b 2
m 3 2 6
m 1 0 7
m 2 3 9
m 2 1 6
m 3 3 1
m 3 0 3
b 3
m 1 5 6
m 2 3 7
m 2 6 8
q 2
m 3 2 2
g 3 1 0
m 1 2 6
q 1
m 2 7 1
m 2 3 3
m 3 5 4
m 1 9 7
m 1 4 6
m 2 2 0
m 2 0 6
m 3 8 0
m 3 6 4
m 1 2 0
m 1 1 5
f 1
m 2 8 0
b 2
m 1 8 0
m 2 8 1
m 3 7 8
q 3
p
m 1 2 5
m 2 0 7
b 2
m 3 0 4
m 3 2 5
b 3
m 1 5 4
m 2 2 3
b 2
m 3 2 1
m 1 9 7
q 1
m 2 2 0
m 3 5 4
m 1 7 1
m 1 2 7
b 1
m 2 2 4
m 3 9 1
m 3 0 1
m 1 1 1
m 2 8 1
m 2 5 8
b 2
m 3 9 1
f 3
m 1 0 7
m 2 6 1
m 2 4 5
m 3 7 1
m 1 2 4
m 1 0 4
m 2 2 1
f 2
q 2
g 2 7 2
m 3 8 1
m 3 3 3
f 3
m 1 2 6
m 2 3 4
m 3 0 8
f 3
m 1 6 3
q 1
m 2 0 4
m 3 0 9
m 3 3 2
m 1 3 4
m 1 7 9
g 1 5 1
m 2 2 1
m 3 3 1
m 1 2 6
m 1 6 4
m 2 9 6
m 2 7 5
q 2
m 3 4 6
q 3
m 1 7 4
m 2 6 1
f 2
g 2 1 7
m 3 0 7
m 1 9 1
m 1 4 4
b 1
q 1
g 1 8 5
m 2 7 1
m 2 2 8
b 2
m 3 7 4
m 3 2 3
m 1 2 4
m 1 2 1

