B 10 13 9 11
m 1 5 4
m 2 9 2
m 2 2 7
m 3 5 0
m 3 6 3
b 3
m 4 3 5
m 5 8 1
m 5 4 1
b 6
q 6
m 7 5 1
m 7 7 11
q 7
m 8 9 1
m 9 6 0
m 9 3 2
m 1 12 8
m 2 2 7
m 3 2 4
m 4 1 2
f 4
m 5 1 2
q 5
m 6 8 2
m 6 6 6
m 7 3 2
m 7 5 0
m 8 6 4
m 9 8 10
m 1 1 2
b 1
m 2 4 8
m 3 4 9
m 4 9 3
q 4
b 5
m 6 7 0
m 6 8 0
q 6
m 7 5 1
m 8 10 3
m 8 7 11
m 9 0 6
m 9 9 5
m 1 3 11
m 1 2 7
m 2 3 0
m 2 1 8
m 3 4 1
m 4 3 5
m 4 5 9
b 4
m 5 6 7
m 5 4 3
m 6 10 2
m 6 3 6
b 6
m 7 11 4
m 7 1 4
q 7
m 8 8 9
g 8 1 4
m 9 1 0
m 9 9 8
m 1 1 3
q 1
m 2 10 6
m 2 6 3
m 3 6 3
m 4 2 0
m 4 5 5
b 4
m 5 8 5
m 6 11 6
m 7 3 10
m 7 9 11
m 8 0 4
m 8 5 4
m 9 12 3
m 1 2 5
m 1 1 10
q 1
m 2 4 7
m 3 7 9
m 3 2 10
m 4 2 0
m 4 5 4
m 5 3 1
m 6 8 5
g 6 11 3
m 7 6 11
p
m 8 4 12
m 9 4 7
m 9 5 3
m 1 7 7
m 2 9 9
m 2 9 11
m 3 6 9
m 4 2 3
m 5 12 3
q 5
m 6 7 8
m 7 1 0
m 7 6 1
m 8 7 5
m 9 5 10
m 9 2 12
m 1 10 0
q 1
m 2 0 6
m 3 8 5
m 4 11 0
m 4 0 8
b 4
m 5 8 5
m 6 4 8
m 7 3 0
m 7 6 2
m 8 2 5
m 9 9 0
m 9 6 6
m 1 3 7
m 2 2 9
f 2
q 2
m 3 5 1
q 3
m 4 10 4
m 4 7 1
g 4 7 3
m 5 8 2
m 5 4 2
m 6 1 1
m 6 8 2
b 6
m 7 5 6
m 8 10 4
m 8 0 11
f 8
m 1 0 4
m 1 8 2
m 3 7 2
m 3 7 0
m 4 10 7
m 5 3 11
m 6 6 7
m 7 4 4
m 8 5 4
m 8 3 4
m 9 9 3
m 1 6 3
m 3 1 5
m 4 5 6
m 4 8 8
m 5 11 2
f 5
m 6 5 3
m 6 6 11
f 6
m 7 5 0
m 8 8 7
m 8 6 1
b 8
m 9 12 6
m 9 6 10
g 9 1 1
m 2 10 9
m 2 6 3
m 3 1 3
b 3
q 3
m 4 7 5
m 4 9 11
p
m 5 4 6
m 6 3 3
m 6 9 3
f 6
m 7 8 5
m 8 4 7
m 8 0 6
m 9 9 1
m 1 6 8
m 2 12 5
m 2 1 8
m 4 5 4
m 5 3 3
m 6 7 2
m 7 4 5
m 8 3 0
m 8 2 9
q 8
m 9 6 8
m 9 0 12
m 1 6 8
m 1 5 7
m 2 6 1
b 2
m 3 10 4
m 3 8 1
m 4 7 12
m 4 5 11
m 5 10 7
m 6 0 0
q 7
m 8 12 8
m 8 2 0
f 8
m 9 11 8
m 9 9 2
p
m 3 12 0
m 3 5 10
m 4 0 9
m 5 8 3
m 6 8 1
q 6
m 7 7 0
f 7
m 8 8 4
m 8 9 9
g 8 7 2
m 9 10 4
p
m 1 2 0
m 1 9 11
f 1
m 2 11 4
m 2 6 12
m 3 10 4
b 3
m 4 0 4
m 5 10 9
m 5 9 10
m 6 5 12
q 6
m 7 3 7
m 7 7 4
m 8 12 0
m 9 12 1
b 9
f 9
m 1 1 9
b 1
m 2 12 0
m 4 6 2
m 4 0 5
q 4
m 5 11 2
m 5 8 2
m 6 12 1
g 6 1 1
m 7 11 8
m 8 12 9
m 8 3 8
g 8 5 2
m 9 7 0
m 1 6 1
m 1 1 11
q 1
m 2 10 7
m 3 0 1
m 4 11 4
m 4 8 6
m 5 12 8
m 5 6 8
m 6 9 3
m 6 5 8
m 7 9 3
m 7 1 0
m 8 8 12
f 8
m 9 8 2
m 9 1 4
m 1 12 0
p
m 2 5 0
m 2 9 1
m 3 2 0
m 3 1 4
q 3
m 4 4 3
m 5 12 8
m 5 8 12
g 5 3 5
m 6 7 4
m 7 6 12
m 7 8 9
m 8 12 9
m 8 6 4
b 8
m 9 12 9
m 9 5 7
b 9
m 1 10 0
m 1 3 5
b 1
m 2 7 0
m 2 8 1
m 3 6 7
m 3 1 7
m 4 9 8
m 4 8 11
b 4
m 6 6 8
m 6 6 2
m 7 0 3
m 7 4 1
m 8 6 8
m 8 3 4
b 8
p
m 9 2 2
m 1 4 9
m 1 6 11
f 2
m 4 12 9
m 4 4 7
g 4 4 4
m 5 11 5
g 5 3 9
m 6 3 7
m 7 11 4
m 7 9 10
q 7
m 8 12 9
m 9 6 9
m 9 5 12
b 9
q 9
m 1 10 0
m 1 6 11
q 1
m 2 1 2
m 2 5 2
f 2
m 3 8 0
m 4 2 5
b 4
m 5 6 9
m 6 4 9
m 7 0 4
m 8 10 0
m 8 5 7
m 9 6 7
m 9 5 10
m 1 8 3
m 2 6 7
m 2 2 10
m 3 3 1
f 3
g 3 9 6
m 4 6 7
m 4 4 11
q 4
m 5 6 2
m 5 1 3
m 6 1 2
m 7 10 0
m 7 8 12
m 8 5 9
b 8
p
m 9 5 2
m 1 2 0
m 1 6 12
m 2 4 3
m 4 8 2
f 5
b 7
g 7 0 0
m 8 1 2
m 8 8 5
m 9 11 2
m 9 6 6
m 1 3 11
m 2 6 9
m 3 3 7
m 3 5 11
f 3
b 4
m 6 0 4
m 6 1 6
m 7 12 3
m 7 8 1
m 8 7 9
m 8 7 9
m 9 12 0
m 9 3 1
b 9
m 1 6 9
m 1 3 4
m 2 4 9
m 2 4 4
b 2
m 3 12 3
f 3
q 3
m 4 10 0
m 6 12 3
m 7 10 0
m 7 3 5
g 7 12 4
m 8 0 4
g 9 12 1
m 1 1 2
f 1
m 2 6 7
m 2 4 8
b 2
m 3 4 9
m 5 10 4
m 5 0 11
b 5
m 6 1 9
m 6 3 10
b 7
f 7
m 8 10 7
m 9 4 8
m 9 0 9
f 9
m 1 12 1
m 1 5 0
m 2 5 6
m 2 9 1
m 3 6 7
m 3 0 3
q 3
m 4 9 9
q 4
g 4 8 9
m 5 12 3
f 5
m 6 4 1
m 6 6 10
m 7 6 8
m 8 7 0
p
g 9 1 4
m 1 5 0
m 1 0 0
m 2 7 0
f 2
m 3 9 3
m 3 8 7
m 4 11 2
m 4 9 9
m 5 10 7
m 6 2 0
q 6
m 7 10 0
m 8 12 9
m 8 8 7

