B 7 4 6 4
m 1 2 1
m 1 3 3
m 2 1 2
m 3 0 0
m 3 1 0
m 4 2 3
q 4
m 5 2 0
m 5 1 0
m 6 1 2
b 6
m 1 2 5
b 1
m 2 2 2
f 2
m 3 3 4
m 3 6 0
b 3
m 4 1 5
m 4 5 2
g 4 1 2
m 6 1 0
m 1 0 2
m 2 0 3
q 3
m 4 4 1
m 4 2 1
m 5 0 4
m 5 1 0
m 6 1 3
b 6
m 1 1 6
m 2 3 1
m 3 3 4
m 4 0 1
m 4 3 3
b 4
m 5 4 1
m 6 2 3
m 6 2 0
m 1 0 3
m 1 4 3
m 2 1 0
b 2
m 3 1 1
m 5 0 3
m 6 0 4
m 1 3 6
m 1 1 1
q 1
m 2 1 5
m 3 1 6
m 4 2 3
m 4 3 3
m 5 1 5
m 5 5 2
m 6 1 5
m 6 3 1
m 1 0 2
m 2 1 6
m 3 0 1
m 3 2 3
m 4 3 6
m 5 0 3
q 5
g 5 3 2
m 6 1 3
m 1 2 2
m 2 2 4
m 3 3 2
q 3
m 4 3 6
m 4 6 3
b 4
f 5
g 5 3 2
p
m 6 0 4
m 1 3 1
m 2 1 5
g 2 2 1
m 3 1 1
m 4 1 5
m 4 4 3
m 6 3 5
q 6
m 1 0 3
m 1 3 0
f 1
m 2 3 5
m 2 1 1
q 2

