B 10 5 2 28
m 1 5 0
b 1
m 2 2 1
m 1 6 2
g 1 1 2
m 2 2 3
m 1 4 2
m 1 8 2
m 2 0 1
f 2
m 1 6 0
m 1 6 4
m 2 4 8
m 2 7 0
q 2
g 2 0 5
m 1 6 0
m 1 9 1
f 2
m 1 4 4
m 2 4 9
m 2 5 2
q 2
m 1 3 1
m 1 1 0
m 2 0 9
m 2 6 3
b 1
f 1
q 1
m 2 8 2
m 1 3 3
f 1
m 2 1 1
m 1 7 3
m 2 0 2
m 1 1 7
q 1
m 2 4 3
m 2 9 3
p
m 1 2 9
m 2 4 8
m 2 7 1
m 1 0 2
m 2 4 7
m 2 9 4
m 1 0 2
m 1 7 1
m 2 0 2
m 2 5 1
m 1 2 9
g 1 3 2
m 2 0 3
m 2 8 2
g 2 3 7
m 1 2 1
m 1 0 2
m 2 2 2
m 2 4 0
f 2
g 2 0 5
g 2 0 1
m 1 4 3
m 1 5 2
q 1
m 2 0 0
m 1 4 1
m 1 2 4
m 2 8 2
b 2
m 1 0 2
m 1 8 0
m 2 3 1
m 1 2 1
m 1 2 0
p
m 2 2 1
b 2
m 1 0 9
m 1 5 2
m 2 0 9
q 2
m 1 2 0
m 2 3 1
m 2 6 0
b 1
m 2 9 3
m 1 4 3
m 2 2 1
m 2 8 3
g 2 2 5
m 1 0 3
f 1
m 2 4 8
f 2
m 1 1 6
p
m 1 0 3
m 1 0 4
m 2 1 2
m 2 8 3
m 1 8 3
m 2 4 3
m 2 0 2
m 1 8 4
m 1 0 0
m 2 4 3
m 1 6 4
b 1
m 2 1 6
q 1
m 2 2 1
b 2
m 2 1 6
m 1 0 3
p
m 2 2 9
m 2 9 4
m 1 4 3
m 1 1 2
m 2 0 3
m 2 1 3
m 1 1 8
m 1 3 0
q 1
m 2 4 5
p
m 1 1 6
b 1
m 2 2 0
m 2 8 3
m 1 4 3
m 1 6 0
m 2 2 2
m 2 4 3
m 1 5 3
m 1 8 0
m 2 0 9
m 2 8 4
m 1 4 5
m 2 2 9
m 2 0 2
m 1 8 0
m 1 8 3
q 1
m 2 7 0
m 2 7 1
q 2
g 2 4 6
m 1 2 7
m 1 6 4
m 2 2 7
m 2 0 3
m 1 4 3
m 2 6 1
f 2
m 1 2 7
b 1
m 2 0 2
m 2 8 0
m 1 7 4
m 2 2 9
m 2 3 3
m 1 1 8
m 2 7 2
m 1 1 8
m 1 8 4
m 2 2 3
g 2 0 1
m 1 4 3
m 2 0 3
m 2 4 2
f 2
m 1 0 9
m 2 2 3

