B 6 6 3 16
m 2 3 2
m 2 3 0
m 3 5 4
m 1 3 1
m 1 1 1
m 2 5 4
m 3 3 1
m 3 3 2
b 3
m 1 0 2
q 1
m 2 1 2
m 2 3 4
f 2
m 3 1 0
m 3 2 0
m 2 0 4
m 2 1 1
m 3 3 1
m 3 3 5
m 1 4 0
m 1 0 2
f 1
m 2 5 1
m 2 4 0
p
m 3 5 1
m 3 2 0
p
m 1 2 2
m 1 1 0
m 2 1 3
q 2
m 3 5 5
m 1 0 3
m 2 5 0
m 3 5 1
q 3
p
m 1 3 5
m 1 2 4
m 2 2 1
g 2 0 4
m 3 3 2
m 3 5 4
b 3
m 1 2 4
m 1 5 1
m 2 5 0
m 3 2 2
p
q 1
m 3 0 4
m 1 5 2
m 1 1 3
m 2 3 3
m 3 5 4
f 3
m 2 0 0
m 3 5 1
m 1 5 2
m 2 4 1
m 2 1 0
q 2
m 3 2 0
m 3 4 0
m 1 2 5
m 1 3 4
m 2 2 4
m 3 2 4
m 3 0 0
b 3
m 1 3 2
p
m 2 0 3
f 2
m 3 5 0
m 1 1 0
m 1 4 1
m 2 5 5
q 2
m 3 4 1
b 3
m 1 1 0
m 2 2 4
m 1 3 2
m 2 3 1
m 2 4 5
q 2
m 3 5 0
m 3 3 3
q 3
g 3 1 2
m 2 3 5
m 3 4 4
m 3 2 0
m 1 1 0
m 2 2 4
m 3 3 3
m 1 2 4
g 1 0 1
m 2 2 1
m 2 3 2
m 3 5 5
m 1 5 0
m 1 5 0
m 2 1 3
m 2 4 0
q 2
m 3 3 5
m 3 3 1
m 1 1 1
g 1 3 4
m 2 4 2
m 2 0 5
m 3 5 1
m 1 4 5
b 1
f 1
m 2 5 1
m 2 0 1
m 3 0 0

