B 6 4 4 7
m 1 3 2
m 2 2 4
m 2 4 0
m 3 2 1
m 3 0 0
m 4 4 1
m 1 3 0
m 2 5 1
m 2 3 3
b 2
m 4 0 1
m 1 3 1
m 1 0 1
m 2 3 4
m 3 2 2
m 3 2 2
m 4 2 0
m 4 4 2
m 1 1 2
f 1
m 2 0 3
f 2
m 3 2 5
m 4 0 0
m 1 3 3
f 1
m 2 3 2
m 2 4 3
m 3 0 1
m 4 3 5
q 4
m 1 0 1
f 1
m 2 3 1
m 3 2 5
m 4 1 1
m 4 4 0
m 1 0 5
f 1
m 2 3 1
q 2
m 3 3 1
m 3 3 0
m 4 3 2
m 4 4 2
f 4
q 4
m 1 2 5
p
b 2
m 3 3 5
m 4 2 0
m 4 3 0
m 1 3 2
m 1 4 0
p
m 2 4 2
q 2
m 3 3 5
m 4 0 1
m 4 3 0
m 1 0 1
f 1
m 2 3 5
m 3 1 0
m 3 1 2
m 4 0 0
m 4 4 1
q 4
m 2 3 1
m 3 2 0
m 4 3 1
m 1 5 2
m 1 4 2
m 2 3 1
m 2 4 3
p
m 3 2 1
q 3
m 4 2 0

