B 9 7 4 9
m 1 2 2
m 2 1 7
m 2 3 5
m 3 0 8
m 3 7 6
f 3
m 4 7 1
m 4 8 4
m 1 4 5
m 2 3 8
m 2 6 3
m 3 2 8
m 3 3 6
f 3
m 1 0 5
m 2 5 5
m 2 6 0
m 3 1 0
m 3 0 2
b 3
p
m 4 3 0
m 4 0 6
m 1 2 5
m 1 6 3
m 2 5 6
m 2 6 1
b 2
f 2
m 3 6 1
m 4 7 1
g 4 5 0
m 1 6 2
m 2 6 6
m 2 1 5
m 3 5 3
m 4 3 4
m 1 2 1
g 1 0 1
m 2 2 5
m 2 4 3
m 3 0 7
f 3
m 4 0 3
m 4 1 2
m 1 4 4
m 2 0 2
m 2 0 6
f 2
m 3 1 8
m 3 4 3
m 4 0 0
m 4 5 1
g 4 5 1
m 1 3 2
m 1 8 0
m 2 4 2
m 3 8 0
m 4 6 4
m 4 7 2
g 4 2 0
q 1
m 2 3 1
m 2 5 3
b 2
m 3 5 5
m 4 0 4
m 1 4 6
m 2 3 3
m 2 6 0
b 2
q 2
g 2 0 0
m 3 3 7
m 3 5 4
q 3
m 4 5 7
m 1 1 8
m 2 6 1
b 2
f 2
m 3 0 5
m 4 8 1
m 1 5 7
m 1 8 4
m 2 0 2
m 2 3 3
m 3 4 1
m 3 7 5
m 4 4 6
m 4 5 4
m 1 4 2
b 1
m 2 3 2
m 3 2 2
m 4 3 2
m 4 0 3
m 1 2 8
m 1 2 3
b 1
m 2 5 6
q 2
m 3 6 1
m 1 8 4
m 1 1 6
q 1
m 2 2 3
m 3 3 1
m 4 6 8
m 1 4 6
m 1 8 0
m 2 4 2
m 3 0 6
m 3 1 0
g 3 2 6
m 4 7 0
g 4 3 6
p
m 1 0 4
m 1 0 1
m 2 6 8
m 2 4 5
p
m 3 5 6
m 3 4 5
m 4 5 1
f 4
m 1 3 1
m 2 6 8
m 2 6 1
q 2
m 3 4 1
m 4 0 4
b 4
m 1 4 7
m 1 4 4
b 1
m 2 2 8
m 3 1 3
m 3 5 3
m 4 0 4
m 1 3 8
f 1
m 2 2 8
m 3 1 1
m 3 0 3
b 3
m 4 3 8
f 4
q 4
f 1
m 2 2 5
m 2 2 6
m 3 3 7
m 3 4 0
m 4 2 1
m 1 4 6
m 2 2 8
p
m 3 0 2
m 3 8 6
m 4 4 1
m 4 6 6
m 1 5 6
m 2 7 1
f 2
q 2
m 3 8 5
m 3 5 5
m 4 0 2
m 4 8 2
m 1 7 1
m 2 4 6
m 3 4 6
m 3 5 3
m 4 5 6
m 4 7 5
b 4
p
m 2 3 0
q 2
m 3 1 6
q 3
g 3 5 5
m 4 5 0
p
m 1 0 6
m 1 4 1
b 1
f 1
m 3 4 2
p
m 4 7 2
m 1 2 5
b 1
m 2 0 2
m 2 2 5
m 3 4 2
m 3 4 6
m 4 4 4
m 4 3 6
m 1 7 1
m 1 2 0
g 1 0 0
m 2 4 2
m 2 6 3
m 3 4 2
m 3 2 0
m 4 8 4
m 4 3 3
g 4 6 0
m 1 0 4
m 1 7 3
m 2 7 1
m 3 5 6
m 3 7 2
q 3
m 4 2 5
m 1 4 2
m 1 4 6
g 1 5 7
m 2 3 8
m 3 8 1
m 4 4 1
m 1 4 6
m 1 5 3
m 2 4 6
m 2 3 6
m 3 3 8
m 3 8 2
b 3
m 4 3 8
q 4
m 1 0 4
m 1 2 6
m 2 1 4
m 2 5 1
q 2

