B 8 4 6 4
m 1 0 5
m 1 0 1
q 1
q 2
m 3 0 3
m 3 6 0
b 3
m 5 7 3
m 6 2 7
m 1 5 1
m 1 2 3
f 1
m 2 0 3
m 2 0 0
g 2 3 7
m 3 2 1
m 3 3 0
m 4 1 0
f 4
q 4
m 5 1 0
m 6 1 1
m 1 2 3
m 2 2 6
m 3 2 2
f 3
g 3 0 0
m 4 3 3
m 6 3 4
m 6 6 3
f 6
m 1 2 5
m 2 0 4
m 2 6 3
m 3 0 4
m 4 2 0
m 4 4 3
m 5 0 1
m 6 3 1
m 6 6 2
m 1 7 3
m 2 2 0
b 2
m 3 2 4
m 3 0 2
m 4 3 1
m 5 2 3
m 5 1 2
m 6 7 0
f 6
m 1 1 6
m 1 7 1
q 1
m 2 4 0
m 2 5 1
q 2
m 3 2 1
m 3 1 0
m 5 0 5
p
m 6 1 4
p
m 1 3 0
m 2 3 1
m 2 5 0
m 3 1 6
m 3 6 3
m 4 2 5
m 5 3 1
m 5 7 0
m 6 3 1
m 6 4 0
m 1 1 6
m 1 5 2
g 1 2 6
m 2 1 6
b 2
p
m 3 1 3
m 4 7 0
m 5 1 6
m 5 0 1
b 5
f 5
m 6 2 3
q 6
m 2 2 3
m 2 4 2
m 3 3 3
m 4 1 4
m 4 3 0
m 5 1 6
b 6
m 1 1 4
m 2 5 0
m 3 1 6
m 3 0 3
m 4 1 1
m 4 2 2
p
m 6 3 5
m 6 4 1
m 1 6 1
m 2 2 7
m 2 5 3
b 2
m 3 4 2
m 4 2 7

