B 6 14 6 8
m 1 1 8
m 1 0 13
b 1
f 1
m 2 3 0
g 2 13 0
m 3 2 11
m 3 0 0
m 4 1 6
m 4 4 3
m 5 7 4
m 5 1 3
g 5 0 3
m 6 5 11
m 1 1 11
m 1 5 7
m 2 11 4
m 2 0 2
m 4 4 3
m 5 1 2
m 5 3 3
p
m 6 10 3
m 2 5 2
q 2
m 3 2 6
m 3 4 12
m 4 7 3
p
m 5 5 7
m 6 9 5
m 6 4 6
m 1 0 0
m 3 2 4
m 3 4 5
m 4 10 5
f 4
q 4
m 5 5 0
m 5 5 10
f 5
m 6 1 2
m 1 1 1
m 1 4 7
q 1
m 2 9 4
m 2 5 12
m 3 10 0
q 3
m 4 6 5
m 4 1 2
m 5 1 4
p
m 6 2 8
b 1
m 2 6 5
p
m 3 8 3
m 4 0 2
b 4
p
m 5 3 5
m 1 12 3
m 1 5 12
q 1
m 2 1 3
m 2 4 12
m 3 8 4
m 3 4 4
m 4 1 5
b 4
m 5 8 3
f 5
m 6 7 2
m 6 3 2
m 1 9 5
f 1
m 2 4 8
g 2 11 2
m 3 3 12
m 3 3 1
q 3
m 4 6 0
m 5 10 1
m 5 4 11
q 5
m 6 6 0
m 6 0 13
m 1 4 8
m 2 10 3
m 2 3 8
m 3 10 3
m 4 5 10
m 5 12 1
m 6 3 0
m 6 3 1
p
m 1 0 1
m 1 2 8
b 1
m 2 7 2
m 3 8 0
m 3 1 0
m 5 5 11
m 5 4 1
m 6 4 0
m 6 3 11
m 1 8 5
m 2 0 2
m 3 9 2
b 3
m 4 0 4
m 4 0 2
m 5 2 4
m 5 1 10
m 6 4 13
m 1 5 0
f 1
g 1 4 0
m 2 5 7
m 2 2 7
m 3 5 5
m 3 1 0
m 4 3 1
m 6 12 2
m 6 5 3
f 6
m 1 7 3
m 2 1 1
m 2 5 8
q 2
m 3 7 3
m 3 4 8
q 3
m 4 9 1
b 4
f 4
p
m 5 4 3
m 5 2 4
m 6 9 0
m 6 5 12
m 1 4 9
m 2 8 0
f 2
m 3 2 0
m 3 1 2
b 3
f 3
m 4 10 4
m 5 9 3
b 5
m 6 2 4
m 6 5 7
m 1 1 2
m 1 2 1
m 2 4 3
m 2 5 2
m 3 7 0
m 3 1 12
f 3
m 4 2 4
m 4 1 4
m 5 0 9
m 6 4 5
m 1 8 0
f 1
m 3 3 2
m 4 3 10
m 5 3 10
m 6 13 3
m 6 4 5
g 6 13 0
m 1 4 3
m 2 12 2
m 2 5 2
m 3 3 6
g 3 0 4
m 5 3 2
m 6 4 9
b 6
m 1 2 2
m 2 7 0
m 2 3 4
m 4 9 0
m 4 5 2
m 5 12 2
m 5 1 13
m 6 7 0
m 1 13 1
m 1 3 4
m 2 1 5
m 2 1 5
m 3 9 3
m 4 9 3
m 4 3 9
b 4
m 5 11 0
m 5 0 8
m 6 3 0
b 6
m 1 1 1
m 2 3 0
m 3 10 4
f 3
m 4 7 3
m 4 0 12
m 5 7 1
m 5 3 10
m 6 9 5
q 6
m 1 9 0
q 1
m 3 7 1
b 3
f 3
m 4 9 5
m 5 1 4
m 5 2 12
m 6 2 4
m 1 2 8
m 2 3 0
m 2 4 5
m 3 13 2
m 3 3 9
m 4 13 2
q 4
p
m 5 7 0
m 6 7 3
m 6 0 11
g 6 0 0
m 1 10 0
m 1 5 4
m 2 6 5
m 3 12 2
m 5 5 2
m 5 1 3
m 6 9 5
m 1 13 5
m 2 9 0
m 2 4 6
q 2
p
m 3 13 5
m 4 1 6
b 4
m 5 9 2
m 6 5 9
f 6
m 1 13 1
m 2 0 12
m 2 2 7
m 3 7 1
m 4 2 9
m 5 8 0
m 6 7 3
b 6
m 1 4 2
m 1 1 4
m 2 3 8
m 3 13 2
m 4 9 1
m 4 3 2
m 5 3 0
b 6
m 1 5 4
m 3 4 13
m 3 5 3
m 4 13 1
m 4 2 9
m 5 13 3
m 5 2 6
p
m 6 7 1
m 1 0 12
m 1 2 9
m 2 9 5
m 2 5 12
p
m 3 13 3
m 3 0 0
m 4 0 13
m 4 4 5
b 4
m 5 7 0
m 5 0 13
m 6 7 3

