B 7 7 4 11
m 1 6 6
m 2 6 5
m 2 4 0
m 3 0 2
q 3
m 4 1 6
m 1 1 0
m 1 0 0
m 2 2 1
m 3 5 3
m 3 0 3
m 4 4 1
m 4 4 4
f 4
f 1
q 1
m 2 3 6
m 3 5 0
m 3 6 0
m 4 6 2
m 4 6 1
m 1 2 2
m 2 5 3
m 3 5 2
m 3 1 1
g 3 4 4
m 4 0 2
b 4
f 4
p
m 1 4 5
m 2 3 4
m 3 5 5
m 3 6 5
m 4 5 6
m 1 2 6
m 1 2 4
f 1
m 2 3 0
f 2
f 3
m 4 4 0
m 1 3 4
m 2 5 4
m 3 1 2
m 4 5 0
m 1 5 3
m 1 6 3
f 1
m 2 5 2
m 3 1 0
f 3
m 4 0 4
m 4 2 4
f 4
q 4
m 1 4 1
m 2 5 0
m 2 6 1
m 3 3 0
q 3
m 4 3 2
p
m 1 0 2
m 2 2 6
b 2
m 3 3 3
m 4 1 3
m 4 3 0
m 1 5 2
m 2 4 5
m 3 0 3
m 4 5 0
m 4 5 4
m 1 3 2
m 1 5 2
m 2 3 2
b 2
g 2 3 6
m 3 4 1
m 4 1 5
m 1 5 0
q 1
m 2 1 3
m 2 4 2
m 3 6 4
m 4 5 3
m 4 4 0
m 1 6 2
m 1 3 1
m 2 3 2
b 2
f 2
m 3 3 4
m 4 3 5
b 4
b 1
m 2 3 1
m 2 6 0
m 3 3 3
m 3 0 2
b 3
m 4 6 4
m 4 5 6
q 1
p
m 2 6 4
m 3 4 5
m 3 1 5
q 3
m 4 4 1
m 4 3 2
m 1 1 0
m 1 1 1
m 3 6 0
m 1 4 1
m 1 1 4
m 2 4 3
m 3 0 2
m 3 3 4
m 4 0 2
m 4 4 6
g 4 6 3
p
m 1 4 1
m 2 6 5
m 2 5 5
b 2
m 3 1 5
m 4 2 6
m 4 1 6
m 1 0 5
m 1 4 4
m 2 3 2
m 2 3 2
g 3 3 6
m 4 4 3
b 4
p
m 1 3 2
m 1 6 2
b 1
g 1 0 3
p
m 2 3 2
m 2 4 2
m 4 4 4
m 4 6 2
m 1 0 2
m 1 6 2
m 2 1 0
q 2
g 2 6 5
m 3 0 2
b 3
g 3 4 5
m 4 5 2
m 1 5 2
m 1 0 0
m 2 3 6
m 3 1 0
m 3 3 2
p
m 4 3 2
m 4 3 4
m 1 1 0
m 1 3 1
m 2 1 0
m 3 6 0
b 3
m 4 1 0
m 4 0 5
m 1 0 2
b 1
m 2 5 2
m 2 3 0

