B 6 7 3 5
m 1 2 4
m 1 1 6
m 2 6 5
m 2 3 0
m 3 0 4
m 1 5 5
f 1
m 2 2 2
m 3 6 3
m 1 4 4
m 1 1 4
m 2 0 3
q 2
m 3 0 2
g 3 2 2
m 1 1 2
m 1 1 2
b 1
m 2 6 4
m 2 3 6
m 3 1 1
m 1 3 4
m 1 1 3
b 1
m 2 5 0
m 2 1 6
f 2
m 3 2 5
m 1 1 5
b 1
m 2 0 0
m 3 5 4
b 3
m 1 0 4
m 1 3 2
q 1
m 2 6 2
m 2 2 5
b 2
g 2 1 1
p
m 3 3 3
m 1 5 3
m 1 2 2
m 2 1 4
m 2 3 4
m 3 6 5
p
m 2 1 1
g 2 0 0
m 3 2 4
m 1 5 0
q 1
m 2 3 5
m 3 6 5
m 3 4 3
m 1 3 2
q 2
m 3 1 4
m 3 1 4
b 3
q 3
m 1 4 1
m 1 2 3
m 2 1 2
m 2 4 0
m 3 2 5
m 3 3 4
f 3
q 3
m 1 4 5
m 2 5 4
m 1 2 4
m 1 3 3
m 2 5 0
m 2 1 2
m 1 0 1
m 1 4 4
m 2 2 4
m 3 2 5
m 1 6 2
m 1 3 2
m 2 1 2
m 2 1 2
m 3 1 1
m 1 5 3
m 2 4 3
m 3 5 0
m 3 4 1
q 3
m 1 6 2
m 1 5 5
g 1 1 1
m 2 0 5
m 3 1 6
m 3 5 0
m 1 2 4
m 1 3 6
m 2 1 5
m 2 0 5
q 2
m 3 2 4
m 3 3 5
m 1 3 1
m 2 1 2
m 2 5 6
m 3 2 3
m 1 2 6
m 1 0 4
m 2 1 2
m 3 0 2
m 3 1 3
q 3
m 1 5 2
m 2 3 4
m 2 5 4
m 3 4 0
b 3
m 1 2 1
q 1
p
m 2 5 0
m 3 0 1
m 2 3 4
m 2 4 0
b 2
m 3 3 4
m 1 1 5
m 1 1 0
m 2 3 5
g 2 1 2
m 3 4 0
b 3
q 3
m 1 6 0
m 2 3 4
m 2 0 4
m 3 1 5
b 3
m 1 5 2
m 1 2 5
m 2 6 0
m 3 6 0
m 3 0 4
b 1
m 2 0 2
g 2 4 0
m 3 3 5
m 3 0 0

