B 5 4 3 8
m 1 4 3
m 1 1 0
m 2 0 3
m 2 0 0
m 3 2 1
f 3
m 1 0 3
m 2 0 3
b 2
f 2
m 3 2 0
m 3 3 0
m 1 4 1
p
m 2 3 2
m 1 3 3
m 1 1 3
b 1
m 2 3 2
b 2
m 3 1 3
m 3 1 3
m 1 1 3
m 1 0 0
m 2 0 4
m 3 2 1
m 3 4 1
b 3
m 1 0 4
m 1 3 0
f 1
m 2 1 3
m 3 2 1
f 3
m 1 3 2
m 1 1 3
m 2 4 2
m 2 3 3
m 3 4 2
q 3
m 1 1 0
f 1
m 2 1 0
m 2 2 0
g 2 0 2
m 3 2 2
m 1 1 0
m 2 0 4
m 2 0 3
m 3 3 2
m 3 4 1
m 1 1 0
m 1 3 2
q 1
m 2 0 4
m 2 2 2
m 3 3 0
b 3
b 1
m 2 2 1
m 2 2 0
m 3 1 3
m 1 1 0
m 1 4 2
b 1
p
m 2 2 1
f 2
m 3 2 0
m 1 4 3
b 1
q 1
m 2 1 2
m 3 2 2
m 1 1 3

