B 10 9 5 22
m 1 4 1
b 1
m 2 5 8
f 2
m 3 3 1
m 3 2 7
m 4 5 0
f 4
m 5 8 6
m 5 4 2
q 5
m 1 0 8
m 2 7 1
b 2
m 4 4 5
m 4 5 6
m 1 5 8
m 1 7 4
m 2 2 0
m 2 9 6
b 2
f 2
m 3 1 6
m 3 9 4
m 4 2 5
f 4
m 5 4 8
b 5
m 1 1 1
m 1 9 6
g 1 6 9
m 2 3 6
m 2 4 3
b 2
q 2
m 3 7 7
m 3 0 7
m 4 8 1
m 4 0 1
f 4
m 5 2 5
m 1 8 2
m 1 3 2
p
m 2 6 2
m 3 5 6
m 3 8 2
m 4 2 9
m 4 0 4
f 4
q 4
m 5 0 3
m 5 5 2
m 1 6 6
m 1 7 5
m 2 1 5
p
m 3 2 8
m 3 6 8
m 4 3 7
m 5 4 6
b 5
m 1 3 1
m 1 5 2
m 2 8 8
b 2
m 3 0 1
m 3 9 8
f 3
m 4 0 4
f 4
m 5 4 6
m 5 9 8
m 1 2 9
m 1 6 7
m 2 4 3
m 2 1 4
q 2
m 3 5 5
m 3 1 3
m 4 4 3
m 5 9 7
f 5
m 1 6 2
b 1
m 2 3 6
f 2
m 3 7 6
f 3
m 4 0 4
p
m 5 6 7
m 2 3 2
m 3 3 6
m 3 5 8
g 3 8 5
m 4 5 5
q 5
m 1 4 2
m 2 2 0
m 2 1 1
b 2
m 3 8 3
m 4 4 2
m 4 3 7
m 5 3 2
m 1 1 2
m 1 9 8
m 2 1 9
m 2 1 1
b 2
m 3 0 4
b 3
m 4 0 8
m 4 5 1
g 4 7 6
m 5 3 3
m 5 0 1
b 5
q 1
g 1 8 4
m 2 2 7
q 3
m 4 8 7
m 4 1 0
b 4
m 5 3 3
q 5
m 1 0 4
m 1 6 4
f 1
m 2 3 2
m 2 7 5
b 2
m 3 6 0
m 4 8 3
f 4
m 5 3 2
p
m 1 2 2
f 1
m 2 3 6
m 2 1 8
m 3 7 5
m 3 2 7
m 4 7 6
m 5 6 3
m 1 5 3
m 2 9 1
m 2 2 3
m 3 2 9
m 3 7 5
f 3
m 4 7 3
m 5 5 3
f 5
p
m 1 4 8
m 1 7 6
m 2 7 6
m 2 6 5
q 2
m 3 7 5
m 3 7 8
m 4 4 2
m 5 0 3
m 5 7 4
m 1 7 5
m 1 0 8
m 2 5 6
m 2 4 4
m 3 5 6
m 3 1 7
m 5 0 8
m 1 0 9
m 2 6 7
p
b 3
m 4 8 4
m 5 2 7
q 5
m 1 8 2
m 2 4 2
m 3 8 3
m 4 6 5
m 4 7 5
m 5 3 4
m 1 7 4
m 1 6 5
m 2 0 0
m 2 5 7
p
m 3 0 4
m 3 7 3
m 4 2 1
f 4
m 1 0 7
m 1 4 3
m 2 4 5
b 2
m 3 5 0
m 3 2 3
g 3 3 7
m 4 7 4
m 4 8 1
m 5 0 9
m 5 3 5
m 1 5 8
m 1 3 5
m 2 5 9
m 2 4 4
m 3 1 8
m 3 7 8
m 4 0 7
m 5 9 1
g 5 7 0
m 1 2 7
q 1
m 2 0 7
m 2 7 5
m 3 2 7
m 3 9 0
m 4 4 6
p
m 5 4 6
q 5
m 1 4 2
m 2 1 6
m 3 5 0
m 4 6 2
m 5 2 7
m 5 9 6
m 1 0 3
p
m 2 0 8
m 2 5 6
m 3 8 3
m 3 3 8
m 4 2 7
m 4 3 7
m 5 4 2
b 5
p
m 1 1 5
m 1 7 6
m 2 8 3
m 4 0 7
b 4
m 5 1 4
m 3 0 8
m 4 8 7
m 1 7 1
m 2 2 6
m 3 4 8
m 4 0 4
f 5
m 1 2 9
m 1 3 2
m 2 8 3
m 3 2 9
p
m 4 3 9
m 5 0 7
m 5 8 7
m 1 0 7
m 1 3 6
m 2 2 0
m 3 5 8
m 4 3 9
m 4 0 4
m 5 0 5
p
m 1 9 0
m 1 5 7
m 2 7 4
m 2 8 0
m 3 1 8
m 3 4 8
m 4 2 7
m 4 0 0
m 5 0 4
q 5
m 1 2 9
m 1 8 7
g 1 3 1
m 2 4 2
q 2
m 3 4 2
m 4 4 5
m 4 3 6
m 5 1 6
m 5 0 0
m 1 0 2
m 1 2 6
g 1 6 4
m 2 5 9
m 2 4 1
m 3 2 9
m 3 8 8
m 4 1 6
m 5 2 9
m 1 8 6
m 2 5 9
m 2 9 0
b 2
g 2 7 7
m 3 9 7
m 4 2 5
m 5 9 3
m 1 6 0
m 2 6 0
m 2 7 6
m 3 1 0
m 3 5 7
q 3
m 4 4 7
m 4 5 2
m 5 4 5

