B 5 10 2 12
m 1 8 3
m 2 3 5
m 1 3 2
f 1
m 2 5 0
m 2 1 1
m 1 7 0
m 1 2 8
m 2 1 2
m 2 1 5
f 2
m 1 8 3
m 1 4 0
f 1
m 2 3 6
m 2 2 9
b 2
p
m 1 8 4
m 1 4 2
m 1 4 1
b 1
g 1 9 2
m 2 3 1
m 1 2 2
b 1
m 2 4 1
m 2 3 2
m 1 7 1
g 1 1 1
m 2 8 0
m 1 4 1
m 1 3 1
m 2 4 2
q 2
m 1 8 3
m 2 7 4
b 2
m 1 0 0
m 1 3 0
q 1
g 1 2 1
m 2 0 6
q 2
p
m 1 4 8
g 1 5 3
m 2 4 5
m 2 0 3
m 1 1 0
m 2 3 2
m 2 3 5
b 2
f 1
m 2 3 4
m 2 4 0
b 2
m 1 3 8
m 2 3 6
m 1 4 0
b 1
m 2 1 0
m 2 1 4
b 2
m 1 6 2
m 1 0 0
m 2 4 0
f 2
m 1 6 2
m 1 4 9
p
m 2 9 3
m 2 4 2
m 1 6 4
f 1
g 1 6 3
m 2 8 1
f 2
m 1 6 2
m 1 4 9
b 1
m 2 2 0
m 2 3 5
b 2
m 1 6 1
m 1 0 4
m 2 3 1
m 2 1 6
f 2
g 2 1 1
m 1 2 0
m 1 4 3
m 2 4 2
m 1 1 2
b 2
f 2
p
m 1 7 3
m 1 3 4
m 2 2 0
m 2 3 3
m 1 1 0
m 2 3 2
m 1 6 4
f 1
m 2 1 4
b 2
m 1 3 6
m 1 4 3
m 2 2 1
m 2 1 5
q 2
m 1 2 1
m 1 4 1
m 2 3 9
m 2 3 2
m 1 9 0
m 1 2 7
m 2 2 0
m 1 4 4
m 2 3 3
m 1 3 3
f 1
m 2 2 9
m 2 1 5
q 2
m 1 0 3
m 2 7 4
m 1 9 1
m 1 2 0
f 1
g 1 4 1
p
m 2 2 0
m 2 2 2
m 1 2 4
b 1
m 2 1 0
m 2 1 2
m 1 1 0
q 1
m 2 7 1
m 2 3 7
m 1 2 8
m 2 1 9
m 1 5 2
m 1 2 1
g 1 6 2
m 2 4 5
m 1 7 1
m 2 3 2
m 2 0 7
b 2
q 2
m 1 2 3
m 1 1 5
q 1
m 2 3 4
m 2 3 5
m 1 1 0
m 1 4 9
m 2 2 6
f 2
m 1 4 5
m 2 8 0
m 1 9 0
m 1 0 1
g 1 6 3
b 2
g 2 3 2
m 1 8 0
m 2 3 6
b 2
f 2
m 1 5 2
m 1 1 0
m 2 7 4
m 2 3 0
m 1 9 0
m 1 2 1
m 2 7 1
m 2 1 4
m 1 2 9
g 1 3 3
m 2 7 1
m 1 1 4
m 2 8 1

