B 5 4 4 4
m 1 4 3
g 1 1 0
m 2 0 0
f 2
m 3 4 1
m 4 1 0
f 4
m 1 0 2
m 2 2 1
m 3 2 2
m 3 3 2
m 4 0 2
m 4 4 1
f 4
m 1 0 4
m 1 0 0
m 2 1 3
m 2 2 1
m 3 1 2
m 4 3 0
m 4 0 2
m 1 1 0
m 1 1 3
f 1
q 1
m 2 3 3
b 2
q 2
p
m 3 0 4
m 4 1 3
m 4 3 3
m 1 0 4
m 2 4 0
m 2 3 1
q 2
m 3 0 2
m 3 4 1
m 4 3 0
m 4 1 2
m 1 1 0
f 1
m 2 4 2
m 3 1 1
m 3 4 2
m 4 2 2
m 4 2 1
m 1 3 0
m 1 4 0
p
m 2 3 0
p
m 3 3 0
m 3 3 3
m 4 0 0
m 1 1 2
m 2 0 2
q 2
m 3 0 2
m 3 0 2
m 4 3 0
m 4 3 2
m 1 1 0
m 1 1 1
q 1
m 2 1 0
m 2 4 2
b 2
f 2
m 3 3 0
m 3 0 0
b 3
m 4 0 2
m 4 2 3
m 1 3 0
m 2 0 2
m 3 1 0
m 4 3 0
f 4

