B 10 10 3 34
m 1 7 0
m 1 3 2
m 2 8 3
m 2 9 9
q 2
m 3 7 3
f 1
m 2 8 2
b 2
q 2
m 3 6 3
m 1 4 1
m 1 7 4
b 1
m 1 6 5
g 1 2 8
q 2
g 2 1 4
m 3 7 0
b 3
m 1 3 8
f 2
m 3 7 6
m 3 8 3
m 1 1 7
f 1
m 2 8 1
m 2 8 5
m 3 9 7
m 3 0 9
m 1 9 6
m 1 4 2
m 2 3 0
m 3 6 3
b 3
m 1 1 2
m 2 5 7
m 1 9 5
m 1 0 3
m 2 0 8
m 2 9 6
m 3 1 5
b 3
m 1 5 3
m 1 3 1
f 1
m 2 1 5
m 3 0 6
m 1 3 3
m 1 8 6
b 1
m 2 6 5
m 3 3 6
m 1 9 6
m 1 0 3
m 2 0 5
m 2 4 2
m 1 5 2
f 1
q 1
m 2 8 2
m 2 7 9
m 3 6 4
m 3 6 7
m 1 6 9
m 1 3 5
m 2 7 2
m 2 1 0
m 3 2 9
m 3 7 6
m 1 7 0
m 1 6 7
b 1
m 2 0 2
b 2
m 3 0 0
m 3 9 8
b 3
m 1 9 0
q 1
m 2 1 2
m 2 5 2
m 3 2 6
f 3
m 1 5 2
m 2 1 6
q 2
m 3 2 0
b 3
m 1 0 0
b 3
m 1 8 7
m 1 9 7
g 1 9 9
m 3 9 3
m 1 0 0
b 1
f 1
m 2 4 0
m 3 9 1
m 1 1 1
m 2 6 5
m 2 6 6
m 3 6 5
m 1 7 3
m 2 8 4
m 3 8 2
m 1 4 1
b 1
q 1
m 2 9 1
m 3 0 8
f 3
m 1 1 7
m 2 1 5
q 2
m 3 3 1
q 3
m 1 1 5
m 2 7 8
g 2 2 3
m 3 8 1
m 3 0 2
m 1 1 1
m 2 7 7
b 2
m 3 6 5
m 3 3 4
m 1 9 8
m 1 7 1
b 1
m 2 8 6
m 2 4 9
f 3
m 1 8 4
f 1
m 2 8 2
m 2 8 0
m 3 5 2
m 1 8 2
m 2 2 9
m 2 6 0
m 3 6 4
m 3 3 7
m 1 4 4
m 1 9 2
q 2
m 3 9 3
m 3 8 9
m 1 8 8
f 1
p
m 2 9 5
m 2 2 0
m 3 7 2
m 1 0 5
m 1 9 9
m 2 9 5
m 2 8 6
m 3 8 6
m 3 4 3
m 1 3 2
m 2 6 4
m 3 4 1
m 3 4 3
m 1 5 5
m 2 2 2
m 2 1 5
m 3 1 5
m 3 3 9
q 3
m 1 1 2
m 1 9 8
m 2 6 4
g 3 9 6
m 1 5 1
m 2 1 0
f 2
m 3 8 5
m 1 8 1
m 2 4 5
b 2
m 3 3 7
m 3 0 7
f 1
m 2 1 0
m 3 9 5
m 1 6 4
f 1
m 2 7 2
m 2 6 2
m 3 4 9
m 1 9 5
m 2 9 5
m 3 1 6
m 3 5 1
q 3
p
m 1 5 7
m 1 7 5
m 2 8 1
q 2
m 3 1 2
m 3 4 4
m 1 6 5
m 1 9 6
m 2 4 1
m 2 4 0
q 2
m 3 5 2
m 1 9 1
m 2 7 2
m 2 7 4
m 1 0 2
f 1
m 2 7 4
m 2 2 6
m 3 1 6
f 3
m 1 6 5
m 1 9 1
b 1
m 2 5 2
m 3 3 7
m 3 1 2
m 1 8 4
m 1 0 5
g 1 7 3
m 2 7 2
m 3 3 6
m 1 1 0
m 2 0 2
m 2 1 5
m 3 7 2
m 1 6 5
m 1 4 4
q 1
m 2 3 1
m 3 1 2
m 1 8 1
f 1
m 2 6 3
f 2
m 3 5 9
f 3
m 1 8 1
m 1 3 8
m 2 3 1
m 2 6 6
m 3 3 1
m 1 7 2
m 2 7 2
m 3 1 4
b 3
m 2 6 5
m 2 5 9
m 3 1 9
q 3
m 1 8 2
m 1 1 9
b 1
m 2 0 7
m 2 4 2
b 2
m 3 4 2
q 3
m 1 4 2
m 1 1 0
m 2 8 1
m 3 8 6
m 3 1 6
m 1 1 8
m 1 6 8
q 1
m 2 6 5
f 2
m 3 1 0
f 1
m 2 1 6
g 2 9 3
m 3 3 9
f 3
m 1 4 5
m 1 3 4
q 1
b 2
f 2
m 3 7 4
m 3 9 4
m 1 1 6
m 1 3 8
m 2 5 2
m 2 6 6
m 3 7 2
m 3 4 6
g 3 2 5
m 1 1 2
b 1
m 2 0 0
m 3 3 2
m 3 7 4
m 1 8 4
m 2 0 6
m 3 1 2
b 3
m 1 6 6
m 2 4 4
f 2
q 2
m 3 4 4
m 1 2 2
m 1 7 7
m 2 7 4
m 2 2 8
q 2
m 3 1 6
m 3 4 5
m 1 6 0
m 2 0 2
m 3 4 2
m 1 7 2
m 1 0 2
m 2 1 2
m 2 5 0
m 3 9 1
m 1 1 2
m 2 8 4
m 3 3 2
m 3 6 7
m 1 4 0
m 2 7 4
q 2
m 3 7 2
m 3 9 1
q 3
m 1 8 5
m 1 0 7
p
m 2 7 2
m 2 9 6

