B 4 13 4 10
m 1 3 2
m 1 1 3
m 2 2 8
f 2
m 3 0 12
m 3 2 11
m 4 1 1
m 4 2 6
m 1 4 1
f 1
m 2 3 0
m 2 1 12
b 2
f 4
m 1 0 2
m 2 0 2
m 2 0 6
m 3 1 3
b 3
g 3 6 2
m 4 2 4
m 4 2 7
p
m 1 10 3
m 2 0 0
m 2 0 1
m 3 2 1
f 3
m 4 8 0
m 4 3 3
p
m 1 12 2
m 1 0 2
f 1
m 2 12 3
m 3 9 3
m 3 2 10
m 4 9 1
m 4 0 3
m 1 12 2
b 1
m 2 12 2
f 2
m 3 4 0
m 3 3 6
m 4 5 1
m 1 0 12
m 2 6 1
m 3 1 3
m 4 3 12
m 1 5 1
m 2 7 3
m 3 2 1
b 3
m 4 7 3
m 4 3 9
p
m 1 9 2
m 1 3 11
b 2
m 3 7 0
b 3
m 4 3 7
m 4 3 4
m 1 3 4
m 1 2 2
q 1
m 2 8 1
m 3 1 9
g 3 2 3
m 1 4 0
m 1 2 1
b 1
m 2 1 4
m 2 3 12
m 3 9 2
m 3 0 11
m 4 2 2
m 4 1 8
m 1 3 11
b 1
m 2 1 7
m 3 7 0
m 3 3 6
m 4 0 2
m 4 3 8
m 1 1 0
m 1 1 11
m 2 1 3
m 3 3 12
m 1 10 3
m 2 6 1
m 3 6 1
q 3
m 4 1 3
m 4 0 0
m 1 1 2
m 2 0 11
m 2 1 3
m 3 8 0
m 4 3 10
m 4 0 0
m 1 9 2
m 2 7 0
m 2 2 9
m 3 2 6
m 4 3 9
m 1 10 1
b 1
f 1
m 2 3 10
f 2
p
m 3 4 0
m 4 0 1
m 1 0 12
b 1
q 1
m 2 5 0
f 2
p
m 3 3 2
m 4 1 1
m 1 10 1
m 2 0 4
m 3 0 2
f 3
m 4 5 2
m 4 1 11
m 1 9 0
m 1 3 2
m 2 6 1
m 3 2 11
m 3 0 10
m 4 1 6
m 1 2 6
f 1
m 2 5 1
b 2
q 2
m 3 5 3
m 3 0 4
b 3
m 4 5 3
m 4 0 6
f 4
q 4
m 1 5 0
m 2 3 6
m 3 8 0
m 4 12 2
m 4 1 8
p
m 1 3 2
m 1 0 10
m 2 0 2
m 3 1 3
m 4 5 2
m 4 0 7
m 1 2 11
m 2 8 0
m 2 3 11
m 3 1 7
m 4 5 3
m 4 1 12
m 1 5 0
p
m 2 5 2
m 2 0 9
q 2
m 3 5 1
m 3 3 5
m 4 0 2
m 4 3 1
m 1 2 11
m 2 5 2
b 2
m 3 3 2
m 3 1 5
m 4 5 2
m 4 0 2

