B 4 10 6 5
m 1 5 1
m 2 8 0
m 3 2 7
f 3
m 4 7 3
m 5 2 3
m 5 0 1
m 6 3 4
m 6 1 0
m 1 0 0
m 1 1 0
m 2 2 8
m 2 3 2
g 2 7 2
m 3 7 1
m 5 3 0
g 5 0 0
p
m 6 4 1
m 1 6 1
f 1
g 1 3 2
m 2 5 2
f 2
m 3 4 1
m 3 1 9
b 3
m 4 6 2
g 4 0 1
m 5 2 8
m 6 9 2
m 6 0 9
m 1 2 2
m 2 0 2
m 2 1 3
m 3 3 9
m 4 1 1
m 4 3 9
m 5 8 0
g 5 2 2
m 6 1 1
m 6 0 1
g 6 1 0
m 1 2 3
m 1 3 0
g 1 7 2
p
m 2 0 2
m 2 2 2
m 3 3 0
m 4 6 1
m 5 6 3
b 5
f 5
m 6 1 7
m 6 2 1
m 1 3 6
q 1
g 1 9 1
g 2 4 3
m 3 3 6
m 4 2 1
m 4 2 6
m 5 8 3
m 6 3 4
m 6 1 9
m 1 5 0
m 1 1 5
m 2 3 8
m 2 1 2
b 2
g 2 0 0
b 3
m 4 7 0
g 5 6 2
m 1 6 0
m 1 2 7
f 1
g 2 1 0
m 3 1 3
m 3 1 0
g 4 9 1
m 6 9 2
m 1 8 0
m 2 8 1
m 2 0 8
m 4 0 6
m 4 2 1
b 4
f 4
m 6 2 4
m 1 1 3
m 3 1 4
m 3 1 4
m 4 3 8
m 5 2 2
m 5 1 1
m 6 5 0
m 6 0 9
f 6
q 6
m 1 6 1
m 2 8 1
m 2 3 3
m 3 1 3
m 4 6 1
b 4
m 5 0 2
m 6 0 2
m 1 2 8
m 1 0 0
m 2 3 8
f 2
m 3 3 9
p
m 4 3 2
m 4 2 6
m 5 7 0
m 6 9 2
m 1 4 0
m 2 0 5
f 3
m 4 5 2
m 5 3 0
q 5
m 6 9 2
m 6 0 8
m 1 8 1
m 1 1 3
f 1
m 2 5 0
m 2 1 6

