B 12 6 4 18
m 1 5 8
m 1 7 1
m 2 5 4
m 2 3 3
m 3 4 11
m 4 4 1
m 1 1 5
m 1 1 0
f 1
m 2 1 2
m 2 4 4
f 3
q 3
m 4 7 2
m 1 6 3
m 2 0 9
m 2 4 5
m 3 1 3
b 3
m 4 1 8
m 4 7 2
m 1 1 2
m 1 3 2
m 2 11 0
b 2
m 3 4 8
m 4 1 10
m 4 5 1
q 4
m 1 4 10
m 2 4 9
m 2 11 4
m 3 4 9
m 4 9 5
m 1 4 3
b 1
f 1
m 2 2 2
m 2 4 4
p
m 3 0 2
m 4 0 6
m 4 7 2
m 1 5 0
m 1 4 5
m 2 5 11
m 3 3 7
m 3 0 2
m 4 2 8
m 4 0 2
m 1 1 1
m 1 4 3
m 2 5 10
m 2 3 5
m 3 4 0
g 3 5 3
m 4 4 2
m 4 7 4
f 4
g 4 1 1
m 1 0 2
m 1 8 1
b 1
m 2 4 0
m 2 0 0
b 2
m 3 5 7
b 3
m 4 0 2
m 4 3 4
q 4
m 1 5 2
m 2 0 3
m 3 3 5
m 3 8 2
m 4 5 10
m 1 7 0
m 1 11 1
m 2 4 1
m 2 6 1
m 3 3 8
m 4 4 6
m 4 9 2
m 1 0 6
m 2 0 9
p
m 3 5 2
m 3 11 3
m 4 3 5
m 4 4 5
m 1 5 0
m 1 7 5
b 1
f 1
m 2 1 10
m 2 9 3
m 3 1 2
m 3 5 1
m 4 0 2
m 4 0 0
m 1 2 11
m 1 6 2
m 2 0 6
m 2 7 2
m 3 0 8
m 3 5 3
m 4 6 0
b 4
m 1 11 0
m 2 4 1
m 2 1 3
m 3 5 5
m 3 6 4
m 4 0 3
m 4 3 0
m 1 4 10
m 2 2 10
b 2
q 2
m 3 5 0
m 3 6 2
m 4 1 0
m 4 7 1
m 1 0 2
m 1 2 4
m 2 10 2
f 2
m 3 5 10
m 4 0 4
m 4 9 1
p
m 2 3 5
m 4 4 10
b 4
m 1 0 9
m 1 4 4
b 1
m 2 0 8
m 2 11 0
q 2
m 3 1 0
q 3
m 4 4 9
m 1 1 0
m 1 9 0
m 2 1 2
m 3 3 8
m 4 4 8
m 4 4 4
m 1 4 8
g 2 5 5
m 3 1 0
m 1 5 6
m 1 8 4
b 1
m 2 4 4
m 2 6 5
m 3 7 1
m 3 3 2
m 4 5 3
p
m 1 1 0
m 1 0 1
m 2 5 8
m 2 1 5
m 3 2 0
m 3 11 3
m 4 1 2
m 1 5 0
m 2 10 3
m 2 5 5
m 3 3 7
b 3
m 4 4 1
m 1 5 2
m 2 3 7
m 2 5 4
m 3 5 2
f 4
m 1 8 1
b 1
m 2 0 8
p
m 3 2 0
m 4 4 9
f 4
m 1 4 10
m 1 8 3
m 2 4 1
m 3 2 11
m 3 6 0
p
m 4 1 2
m 4 8 5
b 4
m 1 5 11
q 1
m 2 0 5
f 2
m 3 0 10
m 4 0 8
m 1 1 2
b 1
m 2 1 10
m 4 1 10
m 4 9 0
f 4
m 1 1 2
m 1 11 0
m 2 3 1
q 2
m 3 4 1
m 1 5 2
m 1 9 2
m 2 0 10
f 2
m 3 0 10
m 3 4 4
m 4 9 2
m 1 4 2
m 2 1 2
m 3 0 8
m 3 10 1
m 4 2 11
m 1 4 1
m 1 6 4
g 1 2 0
p
m 2 3 2
b 2
m 3 5 11
m 3 5 1
m 4 5 11
m 4 0 4
b 4
p
m 1 4 1
m 1 6 0
m 2 11 4
b 2
m 3 5 11
f 3
m 4 4 3
m 2 3 7
b 2
f 2
m 3 8 3
m 3 2 5
q 3
m 4 5 11
m 1 4 1
m 1 2 0
m 2 5 2
m 2 5 3
m 3 8 5
m 4 3 2
f 4

