B 5 6 6 4
m 1 4 1
m 1 2 2
m 2 1 0
m 3 4 3
b 3
f 3
m 4 0 2
m 4 1 3
q 4
g 4 1 4
m 5 2 4
m 5 0 4
m 6 4 0
m 1 2 1
m 2 0 2
f 2
m 3 5 4
m 3 3 3
m 4 4 4
q 4
p
m 5 3 0
m 6 4 5
m 1 0 0
m 1 4 4
m 2 1 0
m 2 0 3
f 2
m 3 3 1
b 3
q 3
m 4 2 3
q 4
m 5 4 4
m 5 3 1
m 6 5 3
b 6
m 1 2 0
m 1 1 3
m 2 4 3
g 2 4 2
m 4 5 1
m 5 5 0
m 5 2 5
g 5 1 3
m 6 5 3
m 1 5 1
m 1 0 0
f 1
m 2 2 1
m 2 0 0
m 3 0 2
p
m 4 1 0
m 5 2 1
m 6 5 3
m 1 0 2
m 3 2 2
m 3 3 2
p
m 4 1 0
m 4 2 5
m 5 2 1
m 5 2 5
p
m 1 0 5
g 1 5 2
m 2 2 5
g 2 3 3
m 3 1 1
m 3 2 5
m 4 4 3
m 4 0 1
m 5 4 3
g 5 0 4
m 6 1 2
m 6 2 2
b 6
m 1 0 2
m 1 3 3
g 1 4 0
m 2 2 3
b 2
m 3 4 3
m 3 0 3
f 3
m 4 4 3
m 5 5 1
m 6 1 4
m 6 3 0
g 6 3 3
m 1 1 2
m 3 1 1
b 3
m 4 5 3
m 4 3 4
b 4
m 5 0 1
f 5
m 6 5 3
m 6 0 0
q 6
m 1 4 2
p
m 2 5 1
m 2 4 5
m 3 5 3
m 4 2 2
m 5 2 2
m 5 4 4
m 6 5 3
m 6 3 0

