B 4 7 2 3
m 1 6 0
m 1 2 0
m 2 3 3
b 2
m 1 0 6
m 2 1 3
m 2 2 1
m 1 2 2
m 1 2 6
f 1
m 2 0 3
m 1 1 3
m 2 3 5
q 1
m 1 0 3
m 1 0 5
m 2 0 3
p
m 1 2 4
m 1 2 6
m 2 1 2
m 1 2 3
m 1 1 5
m 2 4 1
m 1 1 3
m 2 2 3
m 2 3 1
b 2
m 1 6 2
m 1 3 4
m 2 3 1
m 1 4 3
m 2 4 1
m 1 6 2
m 2 4 3
m 1 4 0
m 1 2 5
b 1
m 2 1 1
m 2 3 1
f 2
m 1 6 1
m 1 2 1
m 2 1 0
m 1 2 6
m 1 3 5
m 2 0 3
m 2 1 6
m 1 2 5
m 1 2 0
m 2 2 0
m 2 3 1
m 1 4 0
m 2 3 3
m 1 4 3
m 2 2 0
m 2 2 3
m 2 2 0
m 2 1 6
f 2
m 1 4 1
f 1
m 2 0 3
m 2 3 3
m 1 0 0
m 1 2 6
m 2 6 3
m 2 3 3
m 1 1 0
m 2 4 0
m 2 0 1
m 1 4 0
m 1 1 2
f 1
m 2 1 2
m 1 3 5
m 1 2 3
m 2 4 0
m 2 2 0
q 2
m 1 0 0
m 2 0 0
m 2 0 4
g 2 5 2
m 1 4 1
m 1 1 5
b 1
m 2 2 3
m 1 0 3
m 1 0 2
m 2 2 6
m 1 3 2
m 2 6 3
m 2 1 1
b 2

