B 8 6 5 4
m 1 2 2
m 2 6 1
m 3 1 3
m 3 6 5
m 4 4 4
m 4 3 5
b 4
m 5 4 5
b 5
g 5 1 6
m 1 2 3
q 1
m 2 4 2
m 2 0 3
m 3 1 3
m 4 3 1
m 5 3 3
m 1 4 2
m 1 7 1
g 1 3 3
m 2 4 0
m 2 1 5
m 3 4 2
m 3 3 3
m 4 0 1
m 4 0 4
m 5 2 7
m 5 7 2
m 1 4 1
m 1 2 2
m 2 1 5
m 3 2 1
b 3
m 4 4 1
m 5 6 2
m 1 2 3
m 2 5 7
m 2 7 0
b 2
m 3 0 5
m 3 1 4
m 4 4 6
m 1 4 2
m 2 4 0
p
m 3 7 1
p
m 4 1 2
b 5
p
m 1 2 1
m 1 4 3
m 2 3 6
m 2 2 0
m 3 1 4
m 4 1 1
m 4 5 2
m 5 4 2
m 1 2 2
m 3 2 3
m 3 5 1
m 4 0 1
m 4 6 4
m 5 2 5
m 5 5 5
m 1 0 5
m 1 4 0
m 2 5 1
m 2 0 2
m 3 5 1
m 3 2 4
f 4
q 4
g 4 5 5
m 5 0 0
f 5
m 2 2 3
m 2 2 2
p
m 3 0 7
m 4 0 1
m 5 1 0
m 1 2 4
m 2 2 3
m 2 1 4
b 2
m 3 4 5
m 4 0 2
m 5 3 5
g 5 1 1
m 1 2 3
q 1
m 2 0 2
m 3 4 3
m 3 3 1
p
m 4 3 7
m 4 5 2
m 5 7 2
m 5 6 4
m 1 2 1
f 1
q 1
m 2 3 0
m 3 4 5
f 3
q 3
m 4 0 7
m 5 0 6
m 5 4 4
m 1 2 5
m 2 6 3
b 2
m 3 4 5
m 4 3 4
m 5 3 6
p
m 1 4 5
m 1 0 2
m 2 4 5
m 2 4 3
m 3 4 5
m 3 1 0
m 4 0 2
m 4 7 0
m 5 0 0
m 1 3 6
m 1 2 2
m 2 0 6
m 2 7 1
m 3 3 6
m 3 7 0
q 4
m 5 3 6
m 5 3 4
m 1 2 1
m 1 0 3
m 2 4 5
m 3 4 1
m 4 3 5
q 4
g 4 4 1
m 5 5 1
m 5 5 3
m 1 6 4
m 2 3 6
m 3 0 5
m 4 2 5
m 4 5 0
m 5 3 2
m 5 0 2
f 5
m 1 4 5
m 2 5 7
m 2 6 5
m 3 5 4
f 3
m 4 2 0
m 4 5 5
m 5 1 5
b 5
m 1 4 3
m 1 7 4

