B 8 6 3 15
m 2 5 7
m 2 6 5
p
m 3 4 4
m 1 0 4
m 2 1 5
m 3 2 3
m 3 1 0
q 3
p
m 1 7 4
q 1
m 2 3 6
b 2
m 3 1 4
q 3
m 1 3 6
g 2 5 7
m 3 2 3
m 3 3 2
m 1 1 1
m 1 5 2
m 2 3 5
m 3 3 0
m 3 1 5
m 1 4 2
m 2 5 7
b 2
m 3 4 3
m 3 1 2
b 3
g 3 5 1
m 1 4 2
m 1 3 4
m 2 7 4
m 3 3 5
m 1 1 4
f 1
m 2 4 4
m 2 0 5
m 3 2 7
m 1 3 1
m 1 3 0
m 2 5 0
m 2 6 1
m 3 2 7
b 3
m 1 1 0
m 2 4 2
m 2 4 3
m 3 2 7
b 3
q 3
m 1 3 1
f 1
m 2 7 2
m 3 3 4
m 3 2 5
q 3
m 1 3 0
g 1 2 7
m 2 3 3
m 3 1 5
m 1 0 7
m 1 2 3
b 1
m 2 5 4
f 2
f 3
m 1 7 4
f 1
m 2 3 6
m 3 0 0
m 3 4 5
m 1 3 7
m 1 2 4
b 1
f 1
m 2 1 7
m 2 4 0
m 3 5 0
m 1 5 5
m 2 5 7
m 2 3 4
f 2
q 2
m 3 1 5
m 3 6 1
m 1 2 3
m 1 5 0
m 2 1 7
m 3 3 1
p
m 1 0 6
m 1 6 3
f 1
b 2
q 2
m 3 1 4
q 3
m 1 3 1
m 1 7 3
b 1
m 2 2 2
m 1 2 0
g 1 5 4
p
m 2 6 5
m 1 1 5
m 2 2 5
m 1 1 7
m 1 2 0
b 1
f 2
m 3 2 0
m 1 7 5
m 1 4 0
b 1
f 1
m 2 0 7
m 2 5 0
m 3 1 7
m 3 2 2
m 1 1 4
m 2 0 6
p
f 3
m 1 1 7
m 1 4 4
m 2 1 4
m 2 4 1
m 3 5 1
q 3
m 1 0 0
m 1 6 3
q 1
g 1 5 6
m 2 0 5
m 2 3 5
m 3 3 1
m 3 1 5
m 1 1 0
m 1 0 3
m 2 7 5
m 3 1 0
m 3 4 2
m 1 0 6
m 2 0 2
m 3 0 6
m 3 1 5
b 3
m 1 2 6
m 1 2 4
m 2 3 1
m 3 3 5
m 3 2 2
m 1 1 7
m 2 0 7
f 2
m 3 2 6
m 3 4 0
m 2 3 5
m 2 3 4
m 1 5 0
m 2 4 4
m 3 7 2
b 3
p

