B 8 5 4 3
m 1 2 1
f 1
m 2 3 2
m 2 6 4
g 2 1 2
m 3 0 5
m 3 3 3
q 3
m 4 6 0
m 4 2 4
m 1 1 6
b 1
f 1
m 2 1 1
m 3 3 0
m 4 2 7
m 1 1 3
m 1 5 3
m 3 2 1
m 3 0 1
m 4 0 1
m 1 1 2
f 1
p
m 2 1 7
m 2 7 1
m 3 4 1
m 4 1 3
m 4 2 2
m 1 0 1
m 3 3 4
m 3 6 0
m 4 2 4
q 4
m 2 0 4
m 2 5 3
b 3
b 4
m 1 2 0
p
m 2 3 7
q 2
m 4 4 7
f 4
m 1 7 4
p
m 4 2 0
m 4 7 0
m 1 0 4
m 1 4 1
m 2 4 0
q 2
m 3 7 4
m 4 0 5
b 4
q 4
m 1 4 1
m 2 3 2
m 4 4 1
m 1 1 3
m 2 2 4
m 3 4 7
m 3 6 4
m 4 4 4
f 4
m 1 0 1
q 1
m 2 4 5
m 3 5 0
b 3
m 4 5 0
m 1 0 1
m 1 3 1
m 2 5 2
f 2
m 3 1 7
m 4 4 1
m 4 4 0
q 4
m 1 3 0
m 2 5 0
m 2 2 2
f 2
m 3 1 0
f 3
m 4 2 5
m 1 2 6
m 1 6 3
m 2 1 5
m 2 7 3
m 3 6 3
m 3 5 2
m 4 1 3
b 4
m 1 1 4
m 1 7 0
m 2 0 0
m 2 6 4
p
m 3 1 0
m 4 3 7
m 1 1 6
m 2 2 0
m 2 3 3
b 2
m 3 7 1
q 3
m 4 5 4
m 1 1 0
q 2
m 4 1 4
b 4
m 1 2 6
m 2 2 7
m 2 6 1
f 2
m 3 1 4
m 4 2 4
m 1 2 4
m 1 0 2
g 1 0 5
m 2 3 0
m 2 1 2
m 3 4 4
m 3 5 2
m 4 7 1
p

