B 9 4 3 7
m 1 6 2
m 2 0 1
m 2 7 2
m 3 0 3
m 3 3 0
q 3
m 1 3 8
m 1 7 2
b 1
m 2 0 8
b 3
m 1 7 1
q 1
m 2 2 5
m 3 1 8
m 3 5 1
b 3
f 3
m 1 5 1
m 2 5 0
m 2 4 2
p
m 3 8 3
m 3 3 1
m 1 0 2
m 2 0 2
m 2 8 3
m 3 2 0
m 1 1 1
m 1 7 0
q 1
m 2 2 3
m 2 6 3
m 3 2 3
m 2 2 3
m 2 2 2
b 2
m 3 3 3
m 1 4 1
m 2 0 4
f 2
m 3 0 4
m 3 7 0
b 3
m 1 1 8
m 1 5 2
q 1
m 2 5 2
m 2 1 1
m 3 1 6
m 3 7 0
m 1 1 3
m 2 2 3
m 2 2 2
m 3 1 8
g 3 1 1
m 1 1 2
g 1 1 0
m 2 8 2
m 3 2 3
m 3 2 1
f 3
f 1
q 2
m 3 4 3
b 3
f 3
m 1 0 4
b 1
m 2 1 6
q 2
m 3 0 8
m 3 8 0
m 1 1 6
m 1 0 2
m 2 2 3
m 2 1 0
m 3 0 0
m 1 5 3
m 2 0 4
m 2 2 3
m 3 1 0
m 1 0 6
m 1 3 0
m 2 1 8
p
m 3 5 3
f 1
m 2 8 1
m 3 1 6
m 1 3 7
m 2 1 6
m 2 6 1
m 1 1 6
m 1 0 1
m 3 2 1
m 1 3 7
m 1 1 0
q 1
m 2 3 7
b 2
m 3 3 7
m 3 8 3
b 3
m 1 3 1
q 1
m 2 0 6
m 2 7 2
q 3
g 3 3 7
m 1 2 3
m 2 0 6
m 2 4 0
p
m 3 3 7
m 3 6 2
f 3
m 1 3 7
m 2 0 1
m 2 5 3
b 2
m 3 0 6
m 3 6 1
m 1 3 7
m 1 1 3

