B 7 9 5 13
m 1 2 6
m 1 5 1
m 2 7 1
m 3 7 1
m 3 2 6
q 3
m 4 5 2
m 5 7 5
m 5 1 4
m 1 0 1
m 1 0 2
m 2 2 1
m 2 3 2
m 3 8 0
m 4 5 2
m 5 4 3
m 1 0 0
m 2 0 6
q 2
g 3 1 2
m 4 2 8
g 4 3 4
m 5 1 1
b 5
m 1 6 3
m 1 6 2
m 2 3 4
m 3 6 3
m 3 4 5
f 3
m 4 7 6
m 5 8 1
m 5 3 2
m 1 8 3
m 1 5 1
m 2 6 6
m 3 8 0
m 4 0 5
m 4 0 0
m 5 0 4
m 1 0 3
m 1 1 6
q 1
m 2 8 0
m 2 3 2
m 3 5 0
m 3 3 1
b 3
m 4 8 3
p
m 5 4 4
m 1 7 1
m 1 0 1
q 1
m 2 6 5
m 2 4 3
m 3 2 6
m 3 5 0
m 4 5 2
b 4
m 5 2 4
m 5 4 0
m 1 0 1
m 2 7 1
m 3 0 1
m 3 3 3
m 4 3 2
q 4
m 5 3 5
f 5
m 1 1 5
m 1 6 3
m 2 1 6
m 2 5 5
m 3 7 2
m 3 2 7
m 4 2 1
m 5 5 2
m 5 3 4
m 1 0 6
m 2 0 2
m 3 4 6
m 5 1 7
m 1 1 3
m 2 4 6
m 3 7 0
m 3 0 1
m 4 7 0
m 4 4 4
m 5 8 6
m 5 4 8
b 5
m 1 2 4
m 2 4 6
m 2 0 7
m 3 6 3
m 4 1 6
m 4 5 5
f 4
m 5 3 5
m 5 4 5
m 1 3 8
b 1
m 2 8 1
m 2 5 1
m 3 7 3
m 5 8 0
m 5 4 3
m 1 6 5
m 1 5 5
m 2 2 3
m 3 3 4
b 3
q 3
g 3 1 1
m 4 1 4
m 4 0 3
f 4
m 5 8 0
m 5 2 6
m 1 5 0
b 1
m 2 5 7
m 3 6 5
m 4 7 3
m 4 0 5
m 5 0 3
m 5 2 7
m 1 7 6
m 2 0 6
q 2
m 3 8 0
m 3 0 8
m 4 4 5
q 4
m 5 8 6
m 5 1 7
f 5
m 1 2 4
m 1 1 3
m 2 4 5
m 3 0 2
m 5 1 4
m 1 7 3
m 1 4 0
m 2 5 2
m 2 6 3
m 3 0 3
m 4 1 6
m 4 3 2
f 4
m 5 6 3
m 5 1 5
f 5
q 5
m 1 1 6
m 2 1 6
m 2 1 2
m 3 8 1
m 4 5 8
m 4 0 6
f 4
q 4
m 5 0 2
m 5 1 6
m 1 0 3
m 2 7 4
q 2
m 4 0 1
m 5 5 5
m 1 0 3
m 2 4 5
m 3 8 1
m 4 0 2
m 5 3 5
m 1 6 3
m 1 0 6
g 1 8 4
m 2 7 4
m 2 3 6
m 3 8 6
m 4 0 2
m 4 2 0
m 5 4 6
m 5 3 7
f 5
m 1 3 0
m 3 5 0
m 4 4 5
m 5 1 6
m 5 0 1
f 5
m 1 7 4
m 1 2 1
q 1
m 2 8 1
f 2
m 3 4 6
m 3 1 7
q 3
m 4 2 1
m 5 1 6
m 5 3 3
q 5
m 1 8 1
f 2
m 3 0 1
m 3 1 0
m 4 4 5
m 5 4 5
b 5
m 1 7 6

