B 6 6 5 3
m 1 2 4
m 1 5 0
m 2 4 5
b 2
m 3 3 5
b 3
f 3
m 4 5 4
m 5 0 0
q 5
m 1 1 3
m 1 2 1
q 1
m 2 1 0
m 3 4 3
m 4 1 2
m 5 2 5
p
m 1 1 1
m 2 3 3
m 3 0 3
m 3 4 1
b 3
m 4 2 4
g 4 3 4
m 5 1 2
b 5
m 2 1 0
m 3 3 5
m 3 4 4
m 5 2 4
m 1 1 1
m 1 5 1
m 2 4 1
m 3 2 0
m 4 2 3
m 4 1 2
m 5 1 2
m 1 4 0
p
m 2 1 1
m 3 0 3
m 4 4 0
m 4 2 0
m 5 2 3
m 1 4 3
m 2 5 0
b 2
q 2
m 3 2 3
m 3 4 5
m 4 2 5
m 5 2 4
m 1 5 2
m 2 4 3
f 2
m 4 4 3
q 5
m 1 1 4
m 1 1 0
m 2 0 2
b 2
m 4 1 3
m 4 4 3
m 5 1 2
m 1 3 5
m 1 1 1
m 2 2 0
f 2
q 2
m 3 5 1
m 4 2 4
m 4 4 5
f 4
q 4
m 5 0 5
m 1 2 0
m 2 0 2
m 2 5 1
m 3 1 4
m 4 3 5
m 4 4 3
b 4
q 4
m 5 4 5
m 5 5 2
m 1 0 2
m 1 3 0
f 1
q 1
m 2 4 3
m 2 5 3
m 3 1 2
m 3 3 5
m 4 0 4
q 4
m 5 1 0
b 5
m 1 4 0
m 1 1 1
f 1
m 2 2 3
m 3 4 2
m 4 1 2
m 4 2 4
m 5 3 5
m 5 2 4
q 5
m 1 1 4
m 1 1 2
q 2
m 3 0 2
f 3
m 5 1 3
b 5
f 1
m 2 1 0
m 2 2 2

