B 7 14 6 14
m 1 6 12
m 1 6 2
m 2 2 2
m 3 6 10
m 3 0 0
m 4 13 1
m 4 4 13
m 5 5 0
f 5
m 6 7 6
g 6 0 5
m 1 11 5
m 2 13 0
q 2
m 3 11 5
m 4 2 3
m 4 3 13
m 5 7 3
m 5 2 4
f 5
m 1 0 1
m 1 3 6
f 1
m 4 10 4
f 4
p
m 6 4 13
m 6 6 7
q 6
g 6 0 0
m 1 1 3
m 2 4 1
m 4 1 1
m 4 0 7
m 5 11 1
m 5 0 13
m 6 11 0
m 1 12 2
m 1 3 2
m 2 10 2
m 2 1 9
m 4 4 9
m 5 12 3
m 5 1 6
m 6 11 3
m 6 4 12
b 6
p
m 1 2 9
m 2 0 4
m 2 2 9
m 3 4 1
q 3
m 4 9 3
m 4 4 0
m 5 1 0
m 5 0 12
p
m 6 1 0
m 1 9 5
m 1 3 11
m 2 8 5
m 2 5 0
q 2
m 3 3 3
m 3 0 0
m 4 1 3
m 4 4 13
p
m 5 4 1
m 6 1 9
m 1 2 6
m 2 3 6
m 3 4 4
m 3 0 3
m 4 9 0
m 4 6 0
m 5 3 1
m 5 3 10
b 5
f 6
g 6 13 0
m 1 2 0
m 2 4 1
m 2 5 7
m 3 10 0
m 3 4 7
m 4 11 2
m 4 4 6
f 4
m 5 13 6
m 5 5 10
m 6 6 2
m 6 6 11
q 6
m 1 0 6
f 1
p
m 2 0 8
f 3
m 4 3 5
m 4 6 5
m 5 5 2
m 5 1 9
q 5
m 6 6 5
m 6 4 13
m 1 4 7
m 1 1 13
m 2 8 4
m 3 1 6
m 3 0 1
m 4 1 13
m 4 5 12
m 5 5 5
m 6 0 9
b 6
p
m 2 11 5
m 2 1 12
m 3 9 5
m 4 3 1
q 4
m 5 4 3
m 5 4 10
m 6 6 6
m 1 6 9
p
m 2 10 2
b 2
m 3 2 1
m 4 5 6
m 5 13 5
m 5 2 12
m 6 2 0
m 1 3 5
b 1
m 2 5 2
m 2 3 11
m 3 3 6
m 4 7 3
m 5 9 3
m 6 2 1
m 1 7 1
b 1
p
m 2 5 7
f 2
m 3 7 2
m 3 1 8
f 3
m 4 7 2
m 4 6 3
m 5 8 3
m 5 0 4
m 6 0 4
g 6 0 2
m 2 4 3
m 2 1 11
f 2
m 3 11 2
q 3
m 4 4 13
f 4
m 5 3 5
m 6 12 3
m 1 4 6
m 1 5 9
m 2 4 13
m 2 2 13
m 3 8 5
m 4 7 2
m 4 1 0
m 5 2 4
m 6 8 4
m 6 3 1
m 1 10 1
m 1 0 1
q 1
p
m 2 0 3
m 2 2 9
m 3 2 0
m 3 3 7
m 4 4 9
g 4 6 6
m 5 0 11
m 6 13 5
m 6 3 13
m 1 7 1
m 1 2 13
m 2 7 1
m 2 0 7
b 2
m 3 11 4
m 3 3 11
m 4 6 0
m 4 3 5
m 5 8 3
m 6 13 5
q 6
p
m 1 0 3
m 1 5 1
m 2 0 11
m 2 4 7
g 2 9 0
m 3 12 3
m 3 5 2
f 3
m 4 3 3
m 4 3 8
b 4
m 5 4 3
m 5 4 2
m 6 10 1
m 6 0 5
m 1 2 0
m 1 1 8
p
m 2 8 4
m 3 8 6
m 3 1 8
m 5 2 7
m 6 8 6
q 6
m 1 5 1
m 1 3 0
q 1
m 2 1 4
m 3 8 5
m 3 5 13
m 4 4 6
m 4 5 10
m 5 8 6
m 5 1 10
m 6 8 5
m 1 2 0
m 1 1 8
m 2 2 1
m 2 4 0
m 3 2 13
m 3 3 4
m 4 2 3
m 4 0 12
m 5 8 2
m 5 0 13
b 5
m 6 3 5
q 6
m 1 3 5
m 1 4 2
m 2 0 5
q 2
g 2 4 3
m 3 5 9
m 4 1 1
m 4 2 6
q 4
m 5 5 10
b 5
m 6 3 0
m 6 6 5
m 1 8 6
q 1
m 2 5 2
m 3 2 8
m 4 3 3
m 5 1 5
m 6 2 0
m 1 8 6
m 1 1 5
m 2 4 9
m 3 3 5
m 3 0 3
m 4 10 2
m 4 1 10
m 5 5 12
b 5
f 5
m 6 1 5
m 1 8 6
m 1 0 10
m 2 2 11
m 3 4 5
m 3 3 11
b 3
q 3
m 4 4 6
m 5 5 7
m 5 3 5
m 6 4 6
m 6 2 10
m 2 8 6
m 2 5 10
m 3 12 3
m 4 6 11
m 5 4 5
m 5 0 0
m 6 13 6
m 1 12 3
m 1 1 4
m 2 2 0
m 2 6 3
m 3 1 6
m 4 12 3
m 4 2 5
m 5 8 6
m 5 3 5
f 5
m 6 3 5
m 1 8 5
q 1
m 2 2 1
m 2 0 0
b 2
m 3 8 4
m 3 4 12
m 4 4 6
m 4 1 10
m 5 0 2
m 6 9 3
m 1 8 4
m 2 8 4
m 2 0 7
m 3 1 8
m 4 1 6
b 4
m 5 3 5
m 5 2 13
b 5
f 5
m 6 4 7
m 6 4 12
m 1 1 11
m 1 1 4
m 2 1 6
m 2 1 9
m 3 11 4
m 3 5 4
m 4 11 4
m 4 4 2
f 4
m 5 8 6
m 5 5 8
f 5
m 6 13 6
m 6 6 9
m 1 3 5
m 1 6 3
m 2 8 4
m 2 1 11

