B 5 10 5 4
m 1 4 2
m 2 5 4
m 2 2 2
b 2
q 2
p
m 3 8 1
m 3 1 9
m 4 9 2
m 5 1 4
p
m 1 0 4
m 1 3 3
b 1
m 3 5 2
q 3
g 4 4 1
m 1 0 2
m 1 0 3
m 2 2 1
m 2 3 8
f 2
m 3 0 2
m 3 4 1
m 4 1 8
m 4 1 6
m 5 1 1
m 1 3 9
m 2 0 3
m 2 2 2
m 3 9 0
m 4 7 2
m 5 2 3
m 1 6 0
m 1 4 8
m 2 4 7
g 2 3 2
m 3 0 7
f 3
m 4 0 0
p
m 5 0 7
m 1 1 5
m 2 1 8
m 3 4 2
m 4 8 2
m 5 5 3
p
m 1 8 0
m 1 2 5
m 2 0 1
b 2
m 3 9 0
b 3
m 4 1 8
m 4 0 0
f 4
m 5 4 4
m 1 8 2
m 1 4 9
m 2 0 1
m 3 0 1
m 3 1 5
m 4 2 7
m 4 1 5
m 5 0 1
m 5 1 3
q 5
m 2 3 1
m 2 4 5
m 3 0 5
m 4 1 0
m 5 4 4
m 5 0 0
f 5
m 1 6 4
m 2 9 2
b 2
m 3 2 3
g 3 3 3
m 4 7 1
m 1 8 4
m 2 4 2
m 2 2 2
m 3 4 4
m 4 4 3
m 5 1 6
m 1 0 4
m 1 3 9
m 2 7 3
m 3 5 3
m 4 2 2
m 4 2 4
m 5 3 9
f 5
m 1 4 2
m 2 0 1
m 2 2 6
m 3 2 3
m 4 6 3
m 5 8 0
m 1 6 4
m 2 0 4
m 3 2 8
m 4 5 2
m 4 4 3
q 4
m 5 0 2
m 1 4 3
m 1 0 9
q 1
m 2 1 7
m 2 3 5
m 3 8 0
m 3 1 0
q 3
p
m 4 3 6
m 4 2 1
m 5 0 7
p
m 2 0 2
m 3 0 3
m 4 2 1
m 4 2 1
m 5 3 1
m 2 2 5
m 2 4 8
p
m 3 6 2
m 3 4 4
m 4 0 5
b 4
m 1 9 2
m 2 0 8
m 2 0 6
p
m 3 4 2
m 4 5 3
m 5 0 9
m 5 2 2
m 1 4 9
b 1
m 3 4 2
q 3
m 4 2 7
m 5 2 1
b 5
m 1 0 3
m 2 9 2
m 2 0 1
f 2
m 3 5 2
m 3 3 4
f 3
m 4 7 1
m 4 1 6
m 5 4 6

