B 6 9 5 11
m 1 0 8
f 1
m 2 6 1
b 2
m 3 5 3
m 3 5 7
f 3
m 4 2 5
m 4 5 1
f 4
m 5 0 4
m 5 4 3
m 1 8 4
q 1
m 2 2 1
g 2 8 0
m 3 4 8
m 4 2 0
m 4 5 8
b 4
m 5 0 7
m 5 4 4
m 1 1 1
m 1 0 4
q 1
p
m 2 8 2
m 3 4 3
m 3 5 6
b 3
q 3
m 4 6 1
m 4 3 7
m 5 1 0
f 1
m 2 3 2
m 2 5 5
g 2 8 5
m 3 1 3
m 3 3 2
m 4 1 4
m 4 4 3
q 4
m 5 0 5
m 1 8 3
m 1 3 6
p
m 2 3 7
m 3 3 5
m 3 1 6
m 4 6 0
m 4 1 0
m 5 2 0
b 5
m 1 2 1
m 1 0 2
m 2 7 4
m 2 2 5
m 3 4 3
m 4 3 3
m 4 4 0
g 4 7 5
m 5 1 7
m 5 5 5
m 1 5 1
m 3 8 2
m 4 8 1
m 4 2 4
g 4 5 0
m 5 0 3
m 5 4 5
m 1 8 1
p
p
m 3 1 0
m 4 1 7
m 4 3 7
q 5
m 1 1 3
b 1
m 2 5 0
f 3
m 4 0 0
m 5 4 3
m 5 1 0
q 5
m 1 5 3
m 2 1 0
m 3 6 2
m 3 1 4
m 4 1 2
m 5 5 2
g 5 5 5
m 1 5 6
g 1 8 3
m 2 2 0
q 2
m 3 1 6
m 3 3 2
m 4 4 1
b 4
m 5 8 3
m 1 2 7
m 1 4 4
m 2 4 5
m 3 0 6
m 3 0 2
p
m 4 5 1
m 5 1 3
m 5 3 8
m 1 1 3
m 2 2 2
m 3 0 3
m 4 1 0
m 4 2 8
m 5 8 1
m 1 0 3
m 1 1 7
m 2 5 1
m 3 2 4
m 3 5 8
m 5 5 7
m 5 1 2
m 1 6 4
b 1
m 2 5 6
q 2
m 3 6 2
m 3 1 2
m 5 1 0
m 5 5 8
m 1 0 3
m 2 6 4
m 2 1 6
m 3 5 4
m 4 2 4
m 4 4 3
f 4
m 5 0 6
m 1 1 0
m 2 6 2
m 3 1 3
m 4 8 1
m 5 3 2
b 5
m 1 6 4
f 1
q 1
m 2 8 1
m 2 5 1
m 3 4 5
m 3 2 4
m 4 4 3
m 5 1 0
m 5 5 8
m 1 5 1
m 2 6 2
m 2 3 2
m 3 0 2
m 4 0 0
m 5 6 4
m 5 4 0
m 1 1 3
m 1 5 4
m 2 2 2
m 3 0 3
m 4 1 3
m 4 3 2
q 5
m 1 3 2
m 1 1 3
m 2 2 6
m 2 2 0
m 3 2 2
m 4 1 3
m 5 5 0
m 5 0 7
m 1 3 2
m 2 6 4
m 3 4 2
m 3 0 1

