B 6 9 5 9
m 1 2 2
m 1 2 4
m 2 1 2
m 2 5 8
m 3 3 0
m 3 5 8
m 4 5 8
p
m 5 4 4
m 5 5 0
m 1 5 8
m 1 2 7
m 2 4 8
m 2 1 6
m 3 8 2
q 3
m 4 1 3
p
m 5 7 0
m 5 5 7
m 1 1 4
m 2 1 5
m 2 1 8
f 2
m 3 3 2
m 3 2 7
f 3
q 3
m 4 2 0
m 4 5 3
b 4
q 4
m 5 5 3
f 5
m 1 2 4
b 1
m 2 2 4
b 2
f 2
m 3 4 3
m 3 3 4
m 4 5 5
b 4
q 4
m 5 1 3
m 1 6 3
m 1 0 3
m 2 5 2
m 2 4 8
p
m 3 3 2
m 4 7 0
q 4
m 5 0 6
m 1 4 0
m 3 5 0
m 3 5 8
m 4 3 0
m 5 1 1
m 1 2 1
m 2 2 4
m 2 0 7
m 3 1 4
m 3 4 1
f 3
m 4 5 0
m 4 2 7
m 5 1 8
m 5 2 0
m 1 5 4
m 1 1 0
m 2 4 7
m 3 3 8
b 3
m 4 7 3
m 4 0 5
f 5
q 1
m 2 3 3
m 3 1 8
m 3 0 5
m 4 5 6
m 4 1 7
m 5 5 6
m 5 5 6
m 1 1 3
m 1 3 7
q 1
m 2 4 0
m 2 2 8
p
m 3 6 2
q 3
m 4 3 1
m 4 4 6
m 5 8 0
m 1 2 4
m 2 2 6
m 2 3 3
m 3 1 0
m 3 0 6
m 5 4 8
m 5 2 8
m 1 1 0
m 1 3 5
m 2 0 4
m 3 5 2
m 4 1 0
m 5 4 7
m 5 5 1
g 5 2 3
m 1 8 0
m 1 4 5
f 2
m 3 1 0
m 4 0 2
b 4
m 5 3 2
m 5 5 8
q 5
m 1 4 2
m 1 0 8
m 2 1 0
m 2 4 5
m 3 5 2
m 3 3 2
q 3
m 4 3 7
m 5 5 2
m 5 5 4
f 5
m 1 5 8
m 2 5 0
m 3 6 3
m 3 0 8
m 4 3 2
m 4 3 5
b 4
m 5 6 3
m 5 5 5
m 1 1 0
f 1
m 2 1 0
m 2 0 6
m 3 3 5
m 3 3 5
m 4 4 5
m 5 2 6
m 5 2 3
m 1 0 0
m 2 1 3
m 2 1 3
q 3
m 4 5 2
m 5 6 3
m 5 0 0
m 1 5 7
m 1 1 3
b 1
m 2 3 7
b 2
f 2
m 3 5 2
m 5 6 3
m 5 0 5
m 1 1 0
m 2 5 2
m 2 1 1
m 3 5 2
m 4 1 0
m 4 5 6
m 5 5 2
m 1 5 2
m 1 1 3
m 2 5 1
f 2
m 3 6 3
m 4 4 8
m 1 6 3
m 2 2 4
f 2
m 3 6 3
m 3 0 7
f 3
m 4 6 3
m 4 2 7
b 4
m 5 6 3
m 1 1 6
b 1
m 2 6 3
q 2
m 3 6 3

