B 6 4 5 3
m 1 1 3
m 2 0 2
m 2 4 3
q 2
m 3 4 3
m 4 5 0
f 4
m 5 2 5
m 1 0 2
m 2 3 0
m 3 3 3
m 3 4 3
m 4 0 0
q 4
m 5 5 2
m 1 1 2
m 1 2 0
q 1
p
m 2 2 3
m 2 4 0
m 3 4 0
m 3 2 3
m 4 2 3
b 4
m 5 0 3
m 5 4 0
b 5
m 1 4 3
b 1
m 2 1 5
m 2 2 3
m 3 0 1
m 3 5 1
f 3
g 3 2 0
m 4 1 3
m 1 3 1
m 1 2 0
f 1
m 2 0 1
m 3 2 2
m 4 1 1
m 4 1 1
m 5 2 3
b 5
m 1 2 4
m 1 1 1
m 3 4 3
m 3 1 3
m 4 1 2
m 4 3 0
f 4
q 4
m 5 1 1
q 5
m 1 4 1
m 2 5 0
f 2
m 3 4 0
m 4 0 1
f 4
p
m 5 3 5
m 1 1 2
m 3 2 4
m 3 3 1
m 4 2 3
m 5 1 2
m 5 0 3
m 1 3 5
m 2 1 1
m 3 2 4
m 4 1 2
m 5 3 1
m 2 0 1

