B 4 5 4 5
m 1 2 3
m 2 0 3
m 2 1 2
m 3 0 1
q 3
m 4 0 4
m 4 3 2
q 4
p
m 1 1 1
m 2 4 2
m 2 2 4
f 2
m 3 0 3
m 4 3 1
m 4 3 4
m 1 3 3
m 1 0 0
m 2 0 1
m 3 1 3
m 3 2 3
m 4 0 3
m 4 1 4
m 1 2 2
m 1 1 0
m 2 1 2
m 3 0 3
m 3 2 0
m 4 1 2
p
m 1 2 0
m 1 1 2
m 2 1 2
g 2 4 1
m 3 0 2
m 4 1 2
m 4 1 0
m 1 0 3
f 1
m 2 0 3
m 3 0 3
p
m 4 2 4
f 4
q 4
m 1 1 2
p
m 2 1 2
m 4 0 3
m 4 0 3
m 1 1 2
m 1 3 3
m 2 0 3
m 3 1 2
m 3 2 1
g 3 2 3
p
m 4 0 3
m 4 1 2
m 1 3 4
m 1 3 3
m 3 0 3
m 3 0 3
m 1 1 0
m 1 3 2
m 2 1 0
m 3 0 3
m 4 2 1

