B 5 6 3 5
m 1 0 0
m 2 2 3
m 2 1 5
m 3 2 2
m 3 0 5
q 3
m 2 1 4
m 2 4 3
f 3
m 1 2 1
f 2
p
m 3 1 4
m 1 0 2
m 2 0 0
m 2 1 5
m 3 1 4
m 3 4 3
q 3
m 1 0 2
m 1 1 3
q 2
m 3 1 3
m 3 3 5
m 1 0 2
m 2 3 1
m 3 2 5
m 1 4 3
m 1 1 0
m 2 0 3
m 2 1 2
b 2
m 3 5 4
m 1 1 2
m 1 3 0
m 2 4 2
m 2 1 2
b 2
m 3 4 4
m 3 1 0
g 3 1 2
m 1 1 4
m 2 1 0
b 2
m 3 3 3
m 1 0 2
m 2 5 4
m 3 0 5
m 3 2 1
m 1 4 3
m 2 1 2
m 3 0 4
q 3
m 1 0 4
m 1 1 1
m 2 4 2
p
m 3 4 3
m 3 2 2
m 1 5 4
m 1 3 3
p
m 3 4 3
m 3 2 2
m 1 3 0
m 1 3 3
m 2 5 4
f 3
m 1 0 4
m 2 1 1
m 3 2 5
m 1 0 4
m 2 4 3
m 2 3 1
f 2
g 2 0 1
m 1 0 2
m 2 4 1
m 2 1 1
g 2 3 1
m 1 4 2
m 1 1 3
m 2 2 3
m 2 2 2
m 3 0 2
m 3 0 3
m 1 2 5
m 2 4 2
f 2
p
m 3 0 5
g 3 3 1
m 1 1 0
m 1 4 5
m 2 3 0
m 3 4 4
m 3 1 1

