B 20 9 5 19
m 1 8 4
m 1 18 1
m 2 3 19
f 2
p
m 3 15 1
m 4 11 3
m 4 16 8
q 4
m 5 6 16
m 5 14 8
m 1 14 1
b 1
m 2 15 8
m 3 6 2
b 3
m 4 7 2
m 5 6 16
b 5
f 5
m 1 6 19
m 1 4 7
m 2 0 13
m 3 19 6
m 3 7 5
f 3
m 4 3 1
p
m 5 5 0
m 5 3 6
m 1 7 2
m 2 0 13
m 2 7 5
m 3 2 19
m 3 18 5
m 4 8 8
m 4 2 3
p
m 5 5 8
m 5 1 3
f 5
m 1 4 17
m 1 2 4
p
m 2 11 5
m 2 19 8
m 3 6 5
m 3 16 8
q 3
m 4 7 7
m 5 0 18
m 1 10 1
f 1
m 2 8 9
m 3 13 4
m 5 0 18
m 1 16 3
m 1 8 7
m 2 8 1
m 2 11 2
m 3 9 6
m 4 5 4
m 5 6 17
m 5 18 1
p
m 2 13 3
m 3 17 8
m 4 2 14
f 4
m 5 6 3
m 2 3 7
q 2
m 3 3 15
m 3 14 6
m 4 6 8
m 5 4 17
m 1 1 16
m 1 8 7
m 2 1 1
m 3 4 14
m 4 16 7
m 5 19 1
m 2 0 2
m 2 9 0
m 3 14 6
m 3 13 6
m 4 11 8
m 4 19 2
m 5 17 1
m 1 4 3
f 1
m 2 0 12
q 2
m 3 6 4
m 3 10 2
m 4 3 19
m 4 10 8
f 4
m 5 4 4
m 1 2 8
m 2 2 3
m 3 4 17
b 3
m 4 14 0
m 5 10 2
f 5
p
m 1 2 18
m 2 0 7
m 2 1 8
m 3 1 4
b 3
m 4 2 8
m 4 11 4
q 4
m 5 1 3
f 5
m 1 14 2
m 2 2 9
m 2 10 4
m 3 4 3
m 3 9 4
m 4 0 2
m 5 3 5
m 5 12 0
q 5
m 1 0 10
f 1
m 2 4 16
m 2 15 1
m 3 2 12
m 4 6 3
m 4 6 1
m 5 0 10
m 1 4 1
b 1
m 2 6 16
m 2 3 8
m 3 15 1
m 4 0 15
q 4
p
m 1 16 6
m 1 8 1
f 1
m 2 0 0
m 2 10 7
m 3 2 4
m 3 4 7
m 4 7 5
m 5 5 12
m 5 4 2
b 5
m 1 6 4
m 1 1 2
b 1
m 2 0 11
m 2 0 6
m 3 5 14
m 3 7 2
m 4 5 17
m 4 16 5
f 4
m 5 1 12
m 2 2 7
m 3 13 2
m 4 5 17
m 4 0 1
m 5 1 11
m 1 6 2
m 1 11 3
m 2 6 1
m 2 12 6
m 3 2 5
m 3 1 6
b 3
m 4 10 0
m 5 13 1
m 5 3 6
m 1 18 6
m 2 7 7
m 3 7 9
m 3 19 2
m 4 7 9
m 4 4 1
m 5 5 13
m 5 1 4
m 1 7 18
m 1 13 3
m 2 0 7
m 3 17 2
m 4 1 7
m 4 7 2
g 4 5 18
m 5 3 18
m 5 1 5
m 1 2 3
m 2 14 1
m 2 8 4
m 3 1 7
m 3 6 6
m 4 1 9
f 4
m 5 2 16
q 5
m 1 7 2
m 2 6 5
m 3 0 6
m 3 10 2
b 3
m 4 4 18
m 4 8 4
q 4
f 5
m 1 5 0
f 1
m 2 0 2
f 2
m 3 2 18
b 3
g 3 4 11
m 4 8 9
m 4 9 2
q 4
p
m 1 15 7
f 1
m 2 3 7
m 2 0 4
p
m 3 0 18
m 3 13 1
m 4 4 18
m 5 10 6
m 1 3 8
m 1 3 5
m 3 3 3
m 3 17 5
m 4 4 7
m 4 15 2
b 4
m 5 17 7
p
m 1 6 5
m 1 0 6
m 2 6 7
m 2 4 4
m 3 5 15
m 3 7 6
m 4 10 8
f 4
m 5 5 14
q 5
m 1 1 9
g 1 7 16
m 2 3 3
m 3 0 11
m 3 10 5
m 4 0 2
m 5 3 18
m 5 7 5
m 1 8 12
m 2 19 1
m 2 8 0
m 3 11 8
q 3
m 5 7 12
m 1 4 18
b 1
m 4 0 6
m 5 7 18
m 5 9 7
m 1 3 15
m 1 10 5
m 2 14 4
m 4 4 15
g 4 6 10
m 5 7 2
m 5 15 1
m 1 4 12
m 1 4 4
m 2 0 1
m 3 4 17
m 3 17 3
b 3
p
m 4 8 0
m 4 4 4
q 4
m 5 7 4
m 5 19 6
b 5
f 5
m 1 2 12
f 1
m 2 1 5
m 3 6 8
b 3
m 4 4 17
m 5 12 6
m 1 1 5
m 1 14 3
m 2 2 3
m 3 18 6
f 3
g 3 3 11
m 4 2 5
m 4 3 5
m 5 3 18
m 1 3 12
m 1 10 3
q 1
m 2 3 15
m 3 6 8
m 4 16 0
m 4 2 7
b 4
m 5 18 0
m 1 0 2
m 1 12 2
m 2 8 18
m 2 5 7
p
m 3 5 4
m 3 18 6
m 4 15 8
m 5 3 15
m 5 6 6
f 5
m 1 8 9
m 1 19 1
m 2 5 0
m 2 16 6
f 2
m 3 10 7
m 4 4 19
m 5 6 15
m 5 14 0
m 1 2 16
m 2 15 3
m 2 19 1
m 3 3 4
b 3
f 3
m 4 6 11
m 1 6 8
f 1
m 2 5 12
m 3 19 4
m 3 5 4
m 4 1 11
m 5 2 8
m 5 4 6
f 5
m 1 4 18
q 1
p
m 2 2 18
g 2 0 18
m 3 11 1
m 3 12 5
q 3
g 3 5 11
m 4 4 15
m 4 9 1
m 5 3 12
m 5 14 2
m 1 6 11
m 1 4 3
p
m 2 6 17
m 2 0 0
m 3 1 7
m 3 13 3
m 4 19 1
m 4 10 7
g 4 3 3
m 5 0 13
m 1 1 11
m 1 0 2
m 2 7 0
m 2 11 0
b 2
m 3 6 8
p
m 4 5 14
m 4 3 2
q 5
m 1 0 19
m 1 4 3
m 2 7 5
m 3 14 5
b 3
m 1 4 16
q 1
m 2 7 18
m 2 3 3
q 2
m 3 8 6
m 4 17 3
f 4
m 5 0 6
m 1 4 17
g 2 7 4
m 3 4 17
g 3 5 16
p
m 4 5 13
m 4 9 8
m 1 2 5
m 1 8 8
m 2 6 15
m 2 2 4
m 3 5 9
m 4 18 7
m 5 4 18
m 1 17 5
m 1 2 7
m 2 2 5
m 3 0 2
m 3 18 0
m 4 4 12
m 4 7 7
f 4
m 5 17 2
m 5 19 1
p
m 1 6 2
b 1
m 2 4 12
m 3 6 17
m 3 12 2
m 4 1 11
m 5 3 7
m 5 4 2
m 1 11 3
m 2 1 11
m 2 19 2
m 4 16 0
m 5 8 0
m 5 8 1
b 5
m 1 14 1
m 1 8 8
f 1
m 2 0 13
m 2 9 3
m 3 16 8
q 3
m 4 5 0
m 5 5 4
m 5 6 8
m 1 16 6
q 1
m 2 3 1
g 2 4 8
m 3 18 0
m 3 16 6
m 4 17 4
m 4 5 5
m 5 6 5
m 1 1 12
m 1 4 4
m 2 15 2
f 2
m 3 2 5
f 3
p
m 4 8 1
q 4
m 5 3 12
m 1 5 9
m 2 0 11
f 2
m 3 18 3
m 4 1 5
g 4 6 10
m 5 5 19
m 5 12 4
m 1 3 3
m 3 12 7
m 4 8 4
q 4
m 5 2 8
m 5 8 4
m 1 8 4
m 2 3 12
b 2
q 2
m 3 6 2
p
m 4 0 3
m 5 16 5
m 5 0 5
m 1 14 5
m 1 12 8
m 3 6 15
m 4 15 1
b 4
m 1 7 14
m 2 7 19
m 2 19 5
m 4 4 8
m 4 14 0
m 5 11 7
m 1 1 8
m 2 1 2
m 2 4 5
m 3 9 3
f 3
m 4 3 5
b 4
m 5 4 7
m 5 6 4
m 1 8 5
g 1 2 10
p
m 2 7 11
m 2 3 8
g 2 2 14
m 3 18 6
m 3 3 1
m 4 6 11
m 4 18 3
b 4
m 5 13 2
m 1 2 5
q 1
m 2 0 15
m 2 17 2
g 2 8 11
m 3 5 1
m 4 6 5
m 4 18 1
m 5 6 5
m 5 9 3
q 5
m 1 10 7
m 2 5 13
b 2
m 3 1 5
m 4 0 6
m 4 0 5
m 5 1 16
m 1 0 11
m 1 10 1
m 2 0 5
m 3 13 2
m 5 5 13
m 5 5 3
m 1 4 15
b 1
m 2 3 12
q 2
m 3 2 2
m 4 3 4
m 4 15 3
m 5 6 5
m 1 7 13
m 1 10 4
m 2 3 12
m 3 5 2
p
m 4 5 15
m 4 9 4
m 5 6 17
m 5 6 0
m 1 7 13
m 1 16 0
q 1
m 3 9 6
m 3 14 6
q 3
m 4 3 19
m 4 15 0
g 4 2 17
m 5 8 13
m 5 5 8
m 1 8 0
m 2 7 13
m 2 10 5
m 3 7 8
m 4 3 7
b 4
f 4
m 5 3 19
m 5 11 0
m 1 5 4
m 1 14 6
b 1
f 1
m 2 5 12
m 2 3 6
m 3 4 18
m 3 13 8
m 4 0 2
m 4 18 7
m 5 2 2
m 5 15 7
f 5
m 1 0 19
m 2 2 7
f 2
m 3 6 7
m 3 16 2
m 4 2 18
q 4
m 5 8 18
m 1 12 2
p
q 2
m 3 6 17
m 4 8 6
f 4
m 5 1 7
m 5 9 0
m 1 14 8
q 1
m 2 0 17
m 3 0 7
m 4 5 8
m 5 1 16

