B 7 4 6 3
m 1 6 1
m 2 0 3
m 2 1 2
q 2
m 3 2 0
m 4 1 5
m 5 2 2
m 6 2 3
m 6 1 3
m 1 2 2
m 2 3 6
m 3 1 0
m 3 1 2
m 4 3 6
m 5 3 5
m 5 4 2
m 6 3 0
m 1 1 2
m 1 3 1
b 1
m 2 2 3
m 3 2 5
m 4 4 3
m 4 5 0
p
m 5 1 0
m 5 6 3
m 6 2 0
g 6 1 6
m 1 1 1
m 2 5 2
m 3 0 4
m 3 3 3
m 4 6 0
g 4 2 1
m 5 1 0
m 5 6 0
m 6 0 4
f 6
m 1 0 4
m 1 1 2
m 2 4 1
m 2 3 0
b 2
f 2
q 3
m 4 3 5
m 4 3 2
p
m 5 6 0
f 5
m 6 3 2
b 6
m 2 3 2
m 2 4 3
m 3 4 0
m 4 0 0
m 5 2 6
m 6 5 3
m 1 3 2
m 1 1 3
m 2 0 0
m 2 1 2
g 2 2 4
m 3 1 4
m 4 2 6
m 5 1 5
f 5
q 6
m 1 6 3
f 2
m 4 2 0
m 5 1 4
m 1 0 2
m 1 1 1
m 2 1 5
m 3 4 0
m 3 1 3
g 3 3 6
p
m 4 2 0
q 4
m 5 0 3
m 6 0 0
m 1 1 0
b 1
m 2 1 5
m 2 2 1
b 2
q 2

