B 9 5 5 8
m 1 1 4
m 2 2 7
m 2 2 1
m 3 5 3
m 3 1 3
m 5 4 4
m 1 3 6
m 2 0 2
m 3 6 3
m 4 3 7
m 1 0 1
m 3 0 1
m 3 1 1
b 4
q 4
m 5 3 3
m 5 7 2
m 1 0 4
m 2 0 2
m 3 0 7
m 4 3 7
m 4 2 4
m 5 3 2
m 5 8 3
m 1 7 0
m 1 5 2
g 1 3 5
m 2 2 6
m 2 2 0
m 3 0 8
m 4 0 4
m 4 5 3
m 5 0 8
m 5 7 1
q 5
p
m 2 2 1
m 2 6 0
m 3 0 0
m 4 3 0
m 5 0 4
m 5 0 4
b 5
m 1 7 4
f 1
m 2 1 5
m 2 8 1
q 3
m 4 8 2
m 5 2 6
m 1 4 1
m 1 1 4
q 1
m 2 0 2
m 2 8 4
m 3 2 4
m 3 6 2
m 4 3 2
m 5 2 2
f 5
m 1 0 4
m 2 3 2
b 2
m 3 0 8
m 3 6 4
b 3
m 4 3 2
m 5 7 3
f 5
m 1 3 2
m 1 4 2
m 2 0 5
m 2 8 3
m 3 1 6
m 4 2 4
m 5 8 3
m 5 3 0
b 5
m 1 3 0
m 1 3 1
m 2 3 0
m 3 3 4
m 4 0 5
m 4 3 2
p
m 5 2 1
m 5 1 2
m 1 4 5
m 1 4 1
f 1
m 2 4 0
m 2 5 4
b 2
f 2
p
m 3 1 6
g 3 1 3
m 4 5 3
m 4 2 1
f 4
g 4 2 5
m 5 0 5
f 5
q 5
m 1 7 2
m 1 0 2
m 2 1 5
m 2 8 2
q 2
m 3 3 4
m 3 7 4
f 3
m 4 3 2
m 5 0 5
m 5 6 0
m 1 3 0
m 1 0 4
g 1 3 8
m 2 1 6
m 2 7 3
m 3 3 2
m 4 0 8
m 5 3 0
g 5 3 1
m 1 0 1
f 1
m 2 6 1
m 3 8 0
m 4 1 2
m 5 8 4
q 5
m 1 3 2
m 2 1 2
m 3 0 5
m 4 0 3
m 5 1 3
m 5 0 2
f 5
m 1 1 1
m 2 3 2
m 2 3 2
m 3 2 4
m 4 1 5
m 4 8 1
q 5
g 5 1 0
m 1 3 2
m 2 3 4
m 2 8 4
m 3 1 5
q 3
m 4 3 4
m 5 1 3
m 5 6 4

