B 10 10 4 10
m 1 1 4
m 1 6 7
m 2 1 2
m 3 4 8
m 3 8 2
m 4 7 6
m 1 4 7
m 1 1 8
q 1
m 2 6 0
m 2 1 3
f 2
m 3 8 3
m 4 5 7
m 4 3 8
m 1 7 3
m 1 5 2
m 2 6 0
q 2
m 3 6 5
m 3 0 7
m 4 1 6
b 4
m 1 0 9
m 1 7 5
m 2 1 8
m 3 0 8
m 4 2 1
p
m 1 1 6
m 1 3 1
b 1
m 2 3 4
m 2 9 3
m 3 3 0
b 3
m 4 4 5
b 4
m 1 1 3
m 2 1 8
m 2 5 3
m 3 5 5
m 3 7 6
m 4 4 2
m 1 6 4
m 1 9 8
g 1 6 1
m 2 2 2
f 2
g 2 3 5
m 3 8 2
m 3 3 9
m 4 1 7
m 4 3 0
m 1 5 3
m 2 3 6
m 2 3 3
m 3 0 8
m 3 0 9
b 3
f 3
m 4 0 9
m 4 7 3
p
m 1 8 3
m 2 2 9
m 3 6 5
m 3 2 8
m 4 6 4
m 1 5 9
m 2 4 7
m 3 7 4
q 3
m 1 1 3
f 1
q 1
m 2 2 5
m 2 0 9
b 2
f 2
m 3 3 4
m 4 6 1
m 4 8 5
m 1 9 6
f 1
m 2 9 7
m 2 8 2
m 3 0 1
m 3 8 7
f 3
m 4 9 1
m 4 2 1
q 4
m 1 1 8
m 2 5 3
m 2 0 9
m 3 6 8
m 3 7 4
m 4 0 2
m 4 5 2
m 1 5 0
m 1 7 7
f 1
m 2 3 9
m 3 9 8
q 4
m 1 0 9
q 2
m 4 7 7
m 1 5 9
b 1
g 1 8 0
m 2 5 0
m 2 9 9
m 3 8 6
m 4 1 8
m 4 7 2
m 1 9 6
m 1 5 6
f 2
m 3 2 7
m 4 0 9
m 1 2 6
m 1 4 5
m 2 8 1
m 3 0 0
m 3 0 3
f 3
m 4 4 3
m 4 8 8
m 1 8 3
f 2
m 3 8 1
m 4 6 0
m 4 7 8
q 4
m 1 4 2
m 1 3 5
m 2 3 3
f 2
m 3 0 2
m 3 7 7
m 4 1 1
m 4 2 9
m 1 6 5
m 1 2 4
b 1
m 2 5 1
m 2 4 8
m 3 4 4
m 4 0 4
m 1 5 3
m 2 2 5
m 2 2 9
g 3 2 4
m 4 8 9
q 4
g 4 8 0
m 1 9 6
b 1
m 2 6 4
m 3 2 7
m 3 0 3
m 4 2 1
m 4 7 7
b 4
f 4
p
m 1 6 5
m 1 8 9
b 2
f 2
m 3 9 1
m 3 2 7
m 4 9 4
m 1 2 7
q 1
m 2 6 0
m 2 5 7
b 2
q 2
m 3 4 0
m 4 9 7
q 4
m 1 8 9
m 1 1 9
m 2 4 9
m 2 6 8
f 2
m 3 5 1
b 3
m 4 6 9
m 4 9 6
m 1 6 0
m 2 9 4
m 2 4 2
m 3 7 3
m 3 3 0
m 4 6 5
m 1 1 7
m 1 5 6
m 2 4 8
m 3 4 0
m 4 5 2
m 4 9 9
m 1 3 3
m 1 4 5
f 1
m 3 7 3
q 3
m 1 9 7
m 2 7 3
m 2 6 0
m 3 3 2
m 3 0 0
m 4 7 3
q 4
m 1 9 6
m 1 1 3
m 2 6 6
m 3 1 9
m 1 6 6
m 1 1 3
b 1
m 2 7 1
f 2
g 3 1 9
m 4 9 6
q 4
m 1 8 9
b 1
f 1
m 2 1 4
m 2 6 1
m 3 9 5
b 3
m 4 0 9
m 4 7 1
m 2 3 2
m 3 3 6
m 3 4 8
m 4 1 1
f 4
m 1 8 8
m 2 4 5
m 3 1 4
m 3 0 5
m 4 6 2
m 4 7 2
m 1 0 1
q 1
m 2 6 2
m 2 6 3
f 2
m 3 0 9
m 3 1 7
q 3
m 4 6 0
m 4 7 3
m 1 9 7
m 1 3 8
m 2 0 7
m 2 4 1
q 2
g 2 1 6
m 3 9 6
m 3 1 7
f 3
m 4 0 6
m 4 5 8
m 1 8 6
m 1 1 2
m 2 7 3
m 3 2 7
m 3 6 4
q 4
m 1 0 8
m 1 4 7
m 2 9 7
m 2 7 6
b 2
f 2
m 3 0 9
m 3 0 4
m 4 0 7
m 1 8 6
m 1 9 1
m 2 5 3
m 2 6 7
m 3 5 9
m 3 8 5
f 4
m 1 0 8
m 1 3 9
m 2 8 8
m 2 4 7
m 3 0 7
m 4 6 2
f 4
m 1 4 4
m 1 7 9
b 1
m 2 0 5
m 2 1 2
m 3 9 6
m 4 8 6
m 1 7 1
b 3
m 4 6 2
f 4
m 1 0 7
m 2 5 5
m 3 4 8
m 3 9 5
m 4 4 8
m 4 8 4
m 1 6 2
m 1 0 6
q 1
m 2 0 8
q 2
b 3
m 4 7 5
m 4 6 3
m 1 7 8
m 1 6 5
m 2 5 3
m 2 7 6
m 3 5 1
m 4 6 4
m 4 2 6
q 4
m 1 4 1
m 2 9 6
m 2 8 5
m 3 2 9
m 3 5 5
p
m 4 3 9
m 4 7 0
m 1 8 6
m 2 8 9
m 3 9 6
g 3 5 7
m 4 5 0
m 1 9 5
m 2 8 6
m 2 2 3
m 3 5 3
m 4 1 3
m 1 1 2
m 1 4 7
g 1 2 1
m 2 8 9
m 2 0 8
m 3 4 4
m 3 1 5
g 4 1 2
p

