B 19 5 7 12
m 1 0 11
m 2 3 3
m 2 3 1
q 2
m 3 1 13
m 4 2 13
m 5 12 0
m 6 3 3
m 7 2 1
p
m 1 4 12
m 1 7 1
m 2 4 15
m 2 2 4
g 2 1 2
m 3 8 0
m 3 2 2
m 4 1 9
f 4
m 5 16 4
m 6 2 16
m 6 6 3
b 6
m 7 4 3
m 1 2 8
m 2 2 17
m 2 3 0
m 3 1 10
m 3 1 3
m 4 1 16
m 4 18 3
b 4
q 4
m 5 2 13
m 5 18 2
f 5
m 6 12 1
m 6 13 4
m 7 14 1
m 7 1 2
m 1 7 4
m 1 14 3
b 1
m 2 1 16
m 2 13 1
b 2
m 3 3 8
m 4 2 8
m 4 3 4
b 4
m 5 4 18
m 5 2 3
m 6 7 1
m 7 4 11
p
m 1 1 1
m 1 17 1
f 1
p
m 2 10 2
m 2 8 2
g 2 2 1
m 4 0 2
m 4 3 1
m 5 1 0
m 7 10 1
m 1 2 0
m 1 8 3
m 2 0 11
m 2 7 2
m 3 1 2
m 3 10 4
m 4 0 9
m 4 3 4
g 4 3 3
m 5 0 5
m 5 7 3
m 6 3 5
m 7 2 16
q 7
f 1
m 2 11 2
m 3 6 3
p
m 4 4 14
f 4
m 5 0 3
m 5 2 1
m 6 0 7
m 6 12 0
p
m 7 2 12
f 7
m 1 3 13
m 2 4 14
m 2 13 4
m 3 0 17
q 3
m 4 4 6
m 5 15 0
m 5 8 4
q 5
m 6 11 3
m 7 6 0
m 1 9 2
m 1 18 4
b 1
m 2 4 17
m 2 11 2
b 2
m 3 12 0
b 3
m 4 4 0
b 4
f 4
f 5
m 6 10 3
m 6 10 4
m 7 14 4
m 7 12 4
f 7
m 1 8 2
m 2 1 11
b 2
p
m 3 0 5
m 4 1 9
m 4 17 0
q 4
m 5 4 1
f 6
m 7 2 15
m 7 1 2
b 7
m 1 16 3
m 1 8 4
m 2 3 9
m 2 14 3
m 3 1 8
m 4 4 17
f 4
m 5 2 17
m 6 1 16
m 6 3 0
m 7 2 16
m 1 9 2
m 1 3 3
m 2 0 7
m 2 4 1
m 3 2 13
q 3
m 4 3 9
m 4 15 4
q 4
m 5 2 2
f 5
m 6 2 2
m 6 17 3
m 7 9 0
b 7
m 1 3 2
b 1
m 2 2 4
m 2 11 0
g 2 2 2
m 3 5 2
b 3
m 4 0 10
m 5 1 18
b 5
q 5
m 6 12 4
m 6 0 2
m 1 1 11
m 1 17 1
f 1
m 2 4 6
m 2 1 1
f 2
m 3 1 8
m 3 3 1
g 3 0 9
m 4 9 3
m 4 9 3
p
m 5 7 1
m 5 6 3
m 6 2 6
m 6 0 4
m 7 14 4
m 7 8 0
p
m 1 2 6
b 1
m 3 1 6
m 3 14 1
m 4 3 12
m 4 6 4
b 4
m 5 11 3
q 6
m 7 16 4
m 1 1 16
b 1
m 2 2 13
m 2 14 1
m 3 3 12
m 4 2 13
m 4 6 3
m 5 0 18
m 5 0 3
q 5
m 6 6 3
m 7 2 14
m 7 16 0
m 1 1 16
m 2 1 9
m 2 14 4
m 3 2 14
m 3 0 3
m 4 0 18
f 4
m 5 13 4
q 5
m 6 2 6
m 7 1 6
f 7
m 1 2 13
f 1
m 2 9 0
m 2 13 0
p
m 3 2 12
m 4 10 2
m 5 1 0
m 6 8 4
m 6 15 3
m 7 2 4
m 1 3 5
m 1 13 4
f 1
m 2 12 1
m 3 2 13
m 3 12 4
m 5 3 5
m 5 8 0
m 6 2 15
m 6 7 3
m 7 2 13
q 7
m 1 3 12
m 2 4 9
m 2 0 0
m 3 0 14
b 3
q 3
m 4 1 5
m 4 1 1
m 5 0 7
m 6 2 13
m 7 0 10
m 7 6 3
m 1 15 4
m 2 4 11
b 2
m 3 0 5
m 3 11 1
m 4 4 11
m 5 3 12
m 7 4 11
m 1 1 16
m 1 0 1
m 2 1 8
m 2 13 3
b 3
f 3
m 4 4 4
m 4 10 4
m 5 1 9
m 6 1 5
b 6
f 6
m 7 0 10
m 7 3 4
q 7
m 1 2 12
m 1 9 2
m 2 4 11
m 3 18 0
q 3
m 4 2 1
m 5 6 4
m 5 5 0
m 6 4 9
m 6 16 3
f 6
f 7
m 1 4 9
m 1 3 0
m 2 1 18
m 2 8 2
m 3 13 0
m 3 0 4
m 4 1 8
m 4 6 0
m 5 2 12
m 5 16 4
m 6 10 3
m 7 0 3
m 7 9 3
m 1 2 16
m 2 11 2
m 2 8 3
b 2
m 3 0 3
m 4 4 17
m 4 8 1
m 5 2 14
m 5 3 4
b 5
m 6 4 5
m 7 7 4
m 7 5 2
m 1 2 13
m 2 4 11
m 2 3 1
m 3 4 11
m 4 2 17
m 4 8 3
m 5 2 12
m 6 3 12
m 7 0 14
f 7
m 1 2 4
m 1 10 1
m 2 1 6
m 2 18 1
m 3 4 11
b 3
m 4 2 16
m 4 16 1
p
m 5 15 2
m 5 13 2
m 6 0 14
m 6 15 1
p
m 7 3 5
m 7 5 4
m 1 8 0
m 1 16 3
b 1

