B 8 10 6 13
m 1 0 8
m 2 3 5
m 2 7 4
m 3 8 7
q 4
g 4 4 7
m 6 3 2
m 1 6 7
m 2 5 8
f 2
q 2
m 3 8 1
m 3 2 9
m 4 4 0
q 4
m 5 7 0
m 5 1 9
p
m 6 6 3
m 6 6 3
b 6
m 1 6 7
m 2 9 7
m 3 1 4
m 3 4 0
p
m 4 7 2
q 4
m 5 9 7
q 5
m 6 1 3
m 6 6 8
m 1 6 8
m 2 6 6
m 2 1 1
m 3 3 3
m 4 3 5
m 4 4 9
m 5 1 7
m 5 1 5
m 6 7 0
q 6
m 1 4 3
m 2 2 1
m 2 4 6
q 2
m 3 3 8
m 3 2 6
f 3
m 4 4 3
m 5 3 8
m 6 1 7
m 6 3 5
q 6
m 1 2 9
m 2 5 2
m 2 3 0
m 3 0 1
f 3
m 4 4 8
m 4 5 9
m 5 8 7
b 5
m 6 1 0
m 1 3 9
m 1 0 8
q 1
m 2 6 5
m 3 0 6
m 3 1 6
b 3
m 4 4 6
m 4 0 7
q 4
m 5 2 2
m 5 0 5
q 5
m 6 9 6
m 6 7 4
m 1 1 7
f 1
m 2 3 0
m 3 2 4
m 4 3 0
g 4 6 0
m 5 7 9
m 6 7 3
m 1 9 0
m 1 3 3
m 2 8 2
q 3
m 4 5 4
g 4 8 6
m 5 5 7
f 5
q 5
g 5 6 0
m 6 6 7
m 6 0 6
m 1 7 2
m 1 7 9
m 2 8 2
m 2 7 8
m 3 1 6
m 3 4 4
m 4 2 0
m 5 5 5
q 5
m 1 6 7
q 1
m 2 0 1
m 2 6 5
m 3 5 4
b 4
m 5 6 6
m 5 2 4
m 6 9 6
f 6
p
m 2 5 0
m 2 1 7
m 3 5 3
m 3 5 7
q 3
m 4 0 8
m 4 2 0
p
m 5 5 2
q 5
g 5 2 3
g 6 3 4
q 1
m 2 8 2
m 3 7 3
m 3 1 0
m 4 8 2
m 5 7 3
m 5 7 1
b 5
m 6 3 0
m 6 3 4
f 6
m 1 5 7
m 2 9 0
m 3 5 7
m 3 5 0
m 4 6 5
m 4 5 0
f 4
m 5 1 8
m 5 7 0
b 5
m 6 2 6
m 6 6 2
m 1 0 0
m 2 1 7
m 3 5 7
m 4 7 2
m 5 7 7
m 6 0 7
m 1 5 9
m 2 3 2
m 2 4 6
m 3 2 9
m 3 4 9
m 4 4 0
m 5 1 7
m 5 0 5
q 5
g 5 9 3
m 6 7 2
m 6 3 4
m 1 4 0
m 1 2 3
p
m 2 9 6
f 2
m 4 5 8
m 5 5 2
b 5
m 1 3 6
m 2 9 0
m 2 4 9
q 2
m 3 1 2
m 3 1 2
m 4 1 4
m 4 1 2
m 5 2 4
m 5 0 5
q 5
m 6 4 0
b 6
m 1 4 0
m 3 4 6
m 3 1 0
m 4 4 8
m 5 6 8
m 6 6 6
m 1 8 2
m 1 2 0
b 1
m 2 2 2
g 2 2 1
m 3 7 3
m 4 5 2
m 4 2 5
b 4
m 5 1 3
m 5 1 8
m 6 6 5
m 6 1 5
m 2 1 3
m 2 2 9
m 3 2 4
m 4 2 8
m 4 6 7
m 5 6 5
m 5 7 7
f 5
m 6 6 7
f 6
p
m 1 6 8
m 1 7 5
g 1 4 3
m 2 2 7
m 3 9 6
m 4 0 6
m 5 6 7
m 6 7 3
m 6 0 3
m 1 1 6
m 2 4 0
m 3 6 5
q 3
m 4 2 7
m 4 3 5
m 5 2 8
q 5
m 6 5 5
m 6 6 2
q 6
m 1 0 6
b 1
m 2 4 6
g 3 0 1
m 4 7 4
m 6 6 7
m 1 1 4
m 2 3 5
m 2 4 4
m 4 7 4
m 4 6 8
m 5 7 3
m 5 5 4
g 5 3 2
m 1 2 0
m 1 0 2
b 1
m 2 2 4
m 3 7 4
b 3
m 4 6 5
m 5 9 6
m 6 9 6
m 1 4 4
m 1 2 6
m 2 2 4
m 2 5 3
m 3 9 6
m 3 4 7
m 4 1 0
m 4 5 0

