B 9 6 5 4
m 1 8 2
m 2 1 2
m 3 4 8
m 3 0 0
m 5 4 3
m 5 3 0
b 5
m 2 1 3
m 3 3 8
m 3 7 0
m 4 1 1
m 5 3 5
m 5 3 4
m 1 5 0
m 1 1 4
m 2 4 2
m 3 4 4
p
m 4 1 5
m 4 4 2
m 5 2 5
m 5 3 0
g 5 4 1
m 1 7 5
b 1
m 2 0 8
m 2 8 1
m 3 4 5
m 3 2 1
m 4 4 2
m 4 0 4
f 4
m 5 4 1
m 1 6 3
m 1 3 4
b 1
m 2 3 2
m 3 0 2
m 3 0 3
m 4 2 4
m 4 8 2
g 4 4 4
m 5 3 3
m 1 2 7
m 2 3 7
q 2
p
m 3 1 7
m 3 1 3
f 3
m 4 3 2
m 5 3 0
m 5 8 1
b 5
m 1 3 6
m 1 1 3
m 2 2 7
m 2 5 4
m 3 3 6
m 3 2 0
m 4 2 7
g 4 5 7
m 5 2 5
f 5
m 1 2 2
m 2 3 5
m 3 4 8
m 3 5 5
m 4 3 6
m 5 2 7
m 5 4 5
m 1 1 6
b 1
m 2 2 0
b 2
m 3 1 6
b 3
m 4 0 5
m 5 1 7
m 1 4 3
m 1 4 5
m 2 2 7
m 2 2 1
m 3 1 7
b 3
q 3
m 4 5 8
m 5 5 3
m 5 0 3
m 1 3 0
m 1 0 2
f 1
m 2 1 6
m 3 1 0
m 3 4 3
m 5 8 2
m 5 6 4
m 1 2 4
m 1 6 1
m 2 5 4
m 2 7 3
f 2
m 3 2 2
q 3
m 4 3 8
q 4
m 5 1 3
m 5 6 4
b 5
m 1 4 1
m 2 2 6
m 2 6 1
q 2
m 3 5 6
m 4 1 4
m 4 6 2
m 5 6 1
m 5 1 0
b 5
m 1 5 6
m 1 8 5
q 2
m 3 1 5
m 3 3 1
m 4 7 2
m 5 1 5
q 5
m 1 2 5
m 1 2 0
f 1
m 2 1 6
m 2 2 2
m 3 3 6
b 3
q 3
m 4 2 0
m 4 7 1
m 5 1 0
m 1 1 4
m 2 0 6
m 2 2 5
p
m 3 1 0
q 3
m 5 3 6
b 5
m 1 7 2
m 2 4 7
m 2 5 2
q 2
m 3 4 8
q 3
m 4 2 0
m 5 2 5
p
m 1 1 5
m 1 0 5
b 1
m 2 1 5
m 2 7 3
b 2
m 3 5 6
m 4 3 1
m 5 4 6
m 1 3 7
m 1 5 1
m 2 4 7
m 3 6 0
m 3 7 3
m 4 4 8
m 4 0 3
q 4
m 5 0 0
m 5 1 2
m 1 0 4
m 1 4 3
q 1
m 2 0 2
m 3 6 2
m 4 3 2
m 4 5 5
m 5 3 2
m 5 4 5
m 1 4 7
m 2 1 0
m 2 1 2
m 3 4 6
m 3 4 0
m 4 5 6
m 4 6 2
f 5
m 1 4 5
m 2 1 6
m 2 8 3
q 2
m 3 8 1
m 3 3 2
q 3

