B 6 9 6 9
b 1
m 2 0 4
m 3 6 2
m 4 5 2
m 4 3 5
m 5 1 0
q 5
m 6 4 2
m 6 2 8
m 1 5 2
m 2 3 4
b 2
m 3 2 2
m 4 4 6
m 5 2 1
m 5 2 5
m 6 8 5
m 6 1 5
m 1 3 5
m 2 8 1
m 3 3 4
g 3 5 3
m 4 8 1
m 5 3 1
m 6 0 5
b 6
f 6
m 1 7 4
m 2 2 0
m 2 3 0
m 3 3 5
m 4 1 0
m 4 2 1
m 5 3 1
m 5 1 1
m 6 6 3
m 6 2 4
m 1 7 4
q 2
m 3 7 4
m 3 2 2
m 4 5 4
m 4 4 8
m 5 8 3
m 5 4 1
m 6 1 5
m 6 5 4
q 6
m 1 0 0
b 1
q 1
m 2 8 1
m 2 5 2
m 3 2 1
m 3 1 1
m 4 7 0
m 5 7 1
m 6 5 2
m 6 3 5
b 6
m 1 5 5
m 1 4 8
m 2 3 5
m 2 3 4
m 3 8 5
m 3 1 4
m 4 0 4
m 4 0 3
m 5 3 5
f 5
m 6 6 3
m 1 0 5
m 1 4 2
g 1 0 3
m 2 1 5
m 3 5 4
m 3 0 2
m 4 2 1
m 4 3 5
q 5
m 6 2 3
m 2 2 0
f 2
m 3 0 4
m 3 3 4
m 4 7 0
f 4
m 5 5 8
f 6
m 1 0 0
m 1 3 1
b 1
m 2 2 4
m 2 4 1
q 2
m 3 0 4
m 4 0 5
f 4
m 5 1 0
m 6 1 5
m 1 4 0
m 2 7 1
m 2 4 3
m 3 3 8
m 4 6 0
m 4 1 2
m 5 6 5
m 6 3 3
m 6 1 3
m 1 3 5
m 1 2 5
b 1
f 1
m 2 2 5
m 3 7 0
m 4 7 2
m 4 2 0
b 4
m 5 8 0
m 5 5 3
b 6
q 6
m 1 0 2
m 1 3 5
m 2 3 1
m 3 5 5
m 4 5 0
m 5 0 8
m 6 0 6
m 1 2 6
f 1
q 1
m 2 5 4
m 3 7 0
m 4 3 5
b 4
m 5 4 4
m 5 5 3
m 6 2 3
b 6
m 1 6 5
m 1 2 8
m 2 1 0
m 3 6 5
m 3 5 3
m 5 1 5
m 6 7 3
m 6 1 4
m 1 7 2
m 1 5 4
m 2 7 3
m 3 7 1
m 3 5 6
m 4 7 1
m 5 7 4
m 6 7 3
m 1 2 1
m 2 1 6
m 3 2 4
m 3 3 3
b 3
q 3
m 4 7 0
m 4 2 5
m 5 7 4
m 5 5 4
m 6 5 4
m 1 7 5
m 1 3 7
f 1
m 2 6 3
m 2 2 3
m 3 7 1
m 3 1 4
g 4 0 2
m 5 4 8
m 6 8 1

