B 11 7 7 11
m 1 8 3
m 1 4 6
m 2 5 3
m 2 3 6
m 3 6 7
m 4 6 2
m 5 2 4
m 5 9 2
f 5
m 6 5 9
m 7 3 7
m 7 0 5
f 7
m 1 4 10
m 2 2 1
m 2 10 2
b 2
m 3 4 10
m 4 0 4
m 5 8 0
g 5 6 4
m 6 0 3
m 7 3 2
m 7 1 5
m 1 3 9
m 2 2 4
m 3 1 10
b 3
m 4 1 10
m 4 6 5
m 5 4 9
m 5 9 6
m 6 7 2
m 6 10 3
m 7 6 5
m 7 1 6
m 1 7 3
m 3 8 2
q 3
m 4 2 2
m 5 0 9
m 5 9 6
q 5
m 6 3 3
m 7 3 9
m 1 0 0
m 2 3 6
m 2 0 2
m 3 0 3
m 4 6 2
m 4 2 2
m 5 0 9
m 5 4 3
m 6 0 2
m 6 3 0
m 7 0 10
f 7
m 1 1 7
m 1 9 4
m 2 1 4
b 2
m 3 1 1
m 3 4 6
m 4 9 6
m 5 1 10
m 5 8 5
q 5
m 6 3 2
m 7 0 5
b 7
m 1 0 6
p
m 2 0 0
m 2 6 4
m 3 1 9
m 4 6 10
m 5 0 9
m 6 0 1
m 7 7 3
m 1 1 9
m 1 5 4
m 2 5 5
m 3 1 5
m 4 6 1
m 4 3 0
b 4
m 5 4 8
q 5
m 6 10 6
m 7 3 0
m 1 4 4
m 1 1 5
m 2 0 10
m 2 2 2
m 3 10 6
m 3 9 4
q 3
m 4 4 2
m 5 5 9
f 5
m 6 2 3
g 6 2 2
m 7 0 6
m 7 6 1
p
m 1 5 2
m 1 8 2
m 2 6 5
m 2 8 5
m 3 7 0
g 3 3 10
p
m 4 2 6
m 4 3 4
m 5 4 10
m 6 3 2
m 6 10 6
m 7 4 10
b 7
m 1 8 3
m 2 1 10
m 2 3 6
g 2 3 2
p
m 3 5 10
m 3 3 4
q 3
m 4 6 7
m 4 8 1
m 5 5 7
m 6 9 2
m 6 4 0
m 7 6 5
m 1 8 0
p
m 2 2 1
m 2 6 5
p
m 3 6 5
m 3 5 3
q 4
m 5 5 2
m 6 5 9
m 7 7 3
m 1 6 5
g 1 6 1
m 2 1 5
m 2 8 0
p
m 3 3 9
m 3 0 6
f 3
m 5 6 3
m 7 5 9
m 7 0 5
m 1 1 0
m 2 4 10
m 4 1 10
m 4 10 0
b 4
m 5 0 2
m 5 5 2
g 5 1 1
m 6 5 4
m 6 6 4
m 7 3 5
p
m 1 4 0
m 1 7 3
m 2 6 3
f 2
m 3 8 4
q 3
m 4 5 7
b 4
m 5 9 5
m 6 5 2
m 7 0 6
m 7 4 3
m 1 9 3
q 1
m 2 5 10
m 3 1 4
m 3 10 0
m 4 5 10
q 4
m 5 6 6
m 6 1 7
m 6 2 5
m 7 10 3
m 7 7 4
m 1 3 5
m 3 6 5
m 3 3 1
f 3
m 4 6 7
m 5 5 4
m 5 4 6
m 6 0 5
m 6 3 2
g 6 0 0
p
b 7
m 1 1 4
m 2 1 9
m 3 10 4
g 3 4 6
m 4 8 5
m 4 8 4
m 5 10 2
b 5
m 6 3 1
m 6 0 6
f 6
m 7 10 4
m 7 8 6
q 1
m 2 0 5
m 2 5 5
m 3 0 9
m 4 4 1
m 5 5 7
m 5 1 6
m 6 5 4
q 6
m 7 6 6
b 7
m 1 3 6
m 1 10 1
m 2 8 4
m 3 5 7
m 4 1 9
m 4 0 6
m 5 0 6
m 6 1 6
m 7 0 5
m 7 9 2
m 1 9 4
m 2 1 9
m 3 9 2
m 4 8 2
q 4
m 5 2 6
m 5 2 1
f 5
m 6 9 5
m 7 1 9
f 7
m 1 3 1
m 1 3 2
q 1
g 1 3 0
m 2 5 7
m 2 10 1
b 2
g 2 0 5
p
m 4 1 2
b 4
m 5 1 5
q 5
m 7 5 4
m 7 4 2
g 7 2 4

