B 13 19 7 22
m 1 3 4
m 2 2 2
b 2
m 3 15 3
m 4 0 17
m 4 5 0
b 4
m 5 13 11
m 5 9 0
q 5
m 6 18 2
m 6 2 4
q 6
m 7 16 3
b 7
f 7
m 1 5 7
m 2 1 1
m 2 0 10
m 3 1 3
g 3 0 5
m 4 3 16
m 5 8 8
m 5 6 9
b 5
m 6 16 4
m 6 0 12
q 6
m 7 12 18
q 7
m 1 8 5
q 1
m 2 11 3
m 2 7 11
m 3 12 4
m 3 12 0
q 3
m 4 6 8
b 4
m 5 4 7
m 5 7 7
m 6 5 10
m 6 8 12
m 7 0 1
m 7 1 2
m 1 9 17
m 2 6 9
m 2 10 18
b 2
f 2
m 3 2 14
b 3
m 4 11 10
m 5 6 16
m 5 9 3
p
m 6 1 7
m 6 1 12
m 7 2 8
m 1 7 6
m 2 3 6
m 2 1 4
q 2
q 3
m 4 1 12
m 4 10 1
b 4
m 5 18 6
m 6 12 2
m 6 10 5
b 6
m 7 13 4
m 1 16 1
p
m 2 9 11
m 3 9 0
p
m 4 3 4
f 4
m 5 12 15
m 5 12 3
f 5
m 6 15 7
m 6 1 9
m 7 9 8
m 7 4 13
f 7
m 1 14 6
m 1 8 15
m 2 16 1
m 2 9 17
g 2 9 1
m 3 16 9
m 5 13 7
b 5
q 5
m 6 8 10
m 7 2 6
q 7
m 2 7 3
m 3 10 2
m 4 9 4
m 5 11 10
m 6 0 17
b 6
m 7 11 3
m 7 1 3
m 1 5 17
m 1 7 12
f 1
m 2 10 12
b 2
m 3 7 9
m 3 0 12
b 3
p
m 4 4 7
g 4 14 2
m 5 2 6
m 5 7 8
m 6 0 3
m 7 11 11
m 7 10 3
m 1 15 11
m 1 7 13
m 2 9 15
m 3 5 14
b 3
m 4 4 10
m 5 5 1
m 5 9 1
m 6 17 1
m 6 4 0
m 7 4 4
m 7 11 10
m 1 3 6
m 2 2 5
m 2 8 1
q 2
m 3 10 12
m 3 0 18
b 3
m 4 10 14
b 4
m 5 8 10
f 5
m 6 1 7
m 6 10 3
q 6
g 6 18 12
m 7 7 7
m 1 7 3
m 2 12 7
b 2
m 3 2 12
m 3 9 2
q 3
m 4 14 6
m 4 4 7
b 4
q 4
m 5 6 12
m 6 12 11
m 6 9 8
m 7 5 3
m 7 4 7
m 1 2 14
m 1 3 6
q 1
b 2
m 4 5 0
m 4 9 8
m 5 11 15
m 6 13 10
m 6 5 17
q 6
m 7 3 6
m 7 0 3
b 7
m 1 3 6
m 1 8 17
m 2 10 7
m 2 10 4
f 2
m 3 3 4
m 3 12 5
m 4 13 6
m 4 5 15
m 5 6 5
m 5 4 2
m 6 11 13
m 7 18 2
m 1 17 3
m 1 0 16
m 2 17 10
q 2
m 3 16 2
g 3 7 12
m 4 17 12
m 4 3 11
m 5 15 4
m 5 0 15
f 5
m 6 18 6
m 7 8 11
f 7
m 1 12 4
m 1 4 9
q 2
m 3 8 0
m 3 4 0
m 4 1 3
m 5 7 8
m 7 10 3
m 1 11 11
m 2 2 7
m 3 7 0
b 3
m 4 15 10
m 4 0 14
p
m 5 2 15
b 5
m 6 1 7
m 6 9 2
m 7 17 6
m 7 7 8
m 1 3 3
m 2 6 4
m 3 10 0
m 4 1 7
m 4 8 2
m 5 10 2
q 5
m 6 17 6
m 7 3 6
m 7 5 9
m 1 14 9
m 1 3 13
m 2 7 13
b 2
m 3 4 6
m 3 11 7
m 4 6 5
m 4 3 2
m 5 5 5
m 5 3 18
m 6 14 3
m 6 3 13
m 7 8 0
g 7 5 10
m 1 2 6
m 1 10 7
m 2 8 4
m 2 1 15
m 4 6 4
m 6 2 18
b 6
m 7 8 1
m 1 9 8
g 1 13 11
m 2 0 18
f 2
m 3 8 10
m 4 5 14
m 5 0 11
m 5 6 18
m 6 11 4
p
m 7 16 2
f 1
m 2 11 6
m 2 10 17
g 2 10 11
m 3 17 3
m 3 11 8
b 3
m 4 4 7
m 4 2 0
m 6 7 9
b 6
m 7 11 4
m 1 17 4
q 1
m 2 13 0
f 2
m 3 7 13
q 3
m 4 6 8
m 4 12 8
m 5 1 7
m 5 6 7
m 6 11 6
m 7 1 11
m 1 2 12
m 2 2 0
m 2 5 9
m 3 5 3
m 4 11 4
m 4 5 16
m 5 14 7
m 5 6 4
m 6 11 10
m 6 12 15
m 7 6 12
m 7 4 2
b 7
f 7
g 7 3 0
m 1 7 3
m 2 4 7
m 2 12 16
m 3 7 9
m 4 6 10
q 4
m 5 14 9
m 5 8 9
g 5 16 0
m 6 1 3
m 6 0 15
f 6
m 7 14 9
m 7 12 4
b 7
m 1 18 9
m 1 1 14
m 2 5 10
q 2
m 3 18 7
m 4 9 6
f 4
m 5 5 16
m 6 13 6
m 6 4 12
f 6
m 7 5 14
m 7 1 11
m 1 0 9
m 2 1 6
m 3 0 11
m 3 5 15
m 4 8 10
q 4
m 5 2 6
m 6 2 0
m 6 8 4
m 7 0 0
m 7 5 4
b 7
m 1 2 7
m 1 0 16
f 1
m 2 0 11
m 3 3 0
b 3
f 3
m 4 0 3
m 4 12 10
m 5 18 1
m 5 4 9
m 6 10 1
m 7 10 10
p
m 1 4 2
m 2 9 2
b 2
f 2
m 3 6 5
m 3 11 0
m 4 9 10
m 5 12 3
m 5 7 12
b 5
m 6 0 5
m 7 15 6
m 7 4 8
m 1 15 7
m 1 0 10
m 2 3 1
m 3 17 11
m 4 2 17
m 4 9 4
g 5 5 0
m 6 9 3
m 6 7 5
m 7 3 4
m 7 9 9
p
m 1 4 4
m 2 0 1
m 2 7 6
m 3 5 4
m 4 9 3
m 4 12 6
m 5 1 12
m 6 13 8
b 6
m 7 10 12
m 7 12 1
m 1 0 11
m 1 2 7
f 1
p
m 3 6 18
m 4 2 10
m 4 4 17
g 4 2 4
m 5 16 8
m 5 4 17
m 6 3 4
m 6 3 15
m 7 16 1
m 7 5 1
m 1 6 3
p
m 2 7 5
m 2 11 12
m 3 7 0
p
m 4 14 12
m 4 8 17
m 5 17 11
m 5 4 17
m 6 13 8
m 6 2 8
f 6
m 7 4 8
q 7
m 1 5 9
m 1 2 10
m 2 2 6
m 2 9 10
f 2
m 3 8 3
m 3 7 13
b 3
m 4 6 1
m 4 0 12
m 5 6 6
m 6 9 3
f 6
m 7 11 9
q 7
m 1 6 13
q 1
m 2 14 4
m 3 13 12
m 3 5 2
p
m 4 12 5
m 5 3 0
m 5 2 1
b 5
m 6 12 14
m 7 2 8
m 7 1 12
b 7
m 1 11 0
p
m 2 16 8
m 3 18 7
m 4 6 5
b 4
m 5 13 10
m 5 3 11
m 6 3 15
m 6 6 13
p
f 7
m 1 12 7
q 1
p
m 3 16 7
m 3 2 13
m 4 9 14
m 4 11 15
m 5 4 13
m 6 0 17
m 7 12 9
m 2 11 3
m 4 13 9
g 4 1 8
m 5 18 4
m 5 7 18
m 6 18 4
m 6 7 17
m 7 10 11
m 1 9 4
m 1 2 6
m 2 6 13
m 3 2 11
q 3
m 4 16 2
m 4 8 0
m 5 0 6
m 6 3 2
m 7 11 5
m 1 12 5
b 1
m 2 12 12
m 3 13 12
m 3 2 8
q 3
m 4 15 7
m 4 9 0
m 5 9 10
m 6 14 11
m 7 15 10
m 7 4 9
m 1 8 15
f 1
m 2 10 6
m 2 9 2
m 3 0 9
m 3 6 1
m 4 4 6
m 4 0 7
m 5 9 1
m 6 10 7
m 7 1 4
m 7 9 3
p
m 2 9 17
m 3 1 11
m 3 6 14
m 4 14 4
m 5 9 2
m 5 5 15
m 6 0 17
m 7 1 6
m 1 17 12
m 1 0 5
f 1
m 2 7 9
m 3 13 10
m 3 4 4
m 4 10 3
g 4 12 6
m 5 13 12
m 5 10 11
m 6 2 14
m 7 4 10
f 7
g 7 5 0
m 1 9 10
b 1
p
m 2 13 9
f 2
m 3 12 0
m 3 10 3
m 4 3 2
m 5 12 13
m 6 14 4
m 6 7 5
f 6
m 7 11 6
b 7
f 1
p
m 2 4 7
m 3 13 9
m 3 4 13
m 4 18 1
m 5 3 5
m 5 10 2
m 6 10 7
m 1 5 3
m 2 1 3
m 2 4 5
m 3 0 1
m 4 0 15
m 5 4 0
m 6 7 9
m 7 9 1
m 7 6 12
m 1 5 3
m 1 2 12
m 2 6 16
m 2 8 9
q 2
m 3 14 4
m 4 9 9
q 4
m 5 16 8
m 6 4 0
m 7 8 3
m 7 9 2
m 1 11 9
m 1 5 6
m 2 16 12
f 2
g 2 10 6
m 3 5 10
m 3 11 8
m 4 11 15
m 5 15 6
f 5
m 7 3 10
m 1 7 3
m 1 3 3
m 2 18 11
m 2 0 6
q 2
m 3 16 10
m 3 11 0
m 4 18 11
m 4 2 12
m 5 3 6
m 6 17 12
m 6 6 11
m 7 4 9
m 7 11 9
q 7
m 1 18 11
m 1 2 13
m 2 8 9
m 2 4 18
m 3 8 0
m 4 18 8
p
f 5
q 5
m 6 9 17
m 6 10 7
m 7 1 4
g 7 17 10
m 1 10 3
m 2 3 12
m 2 3 7
m 3 12 15
p
m 4 11 9
m 5 1 9
m 6 10 1
m 7 14 3
m 7 11 4
m 1 12 9
m 1 7 18
m 2 8 10
m 2 9 7
m 3 5 16
m 3 10 4
m 4 8 0
m 5 11 18
q 5
m 6 17 11
g 7 7 2
m 1 13 8
m 1 10 8
b 1
m 2 16 12
m 2 9 16
b 2
m 3 5 16
m 4 14 7
m 5 0 1
m 5 10 5
q 5
m 6 2 0
b 6
f 6
m 7 15 7
m 7 12 14
m 1 8 1
m 2 0 6
m 2 9 1
m 3 1 4
f 3
p
g 4 2 3
m 5 0 1
m 5 9 8
m 6 7 0
m 7 14 8
g 7 15 5
m 1 17 11
m 2 13 5
m 4 14 3
m 5 9 9
m 7 10 1
m 7 0 8
m 1 5 9
m 1 2 1
m 2 2 13
m 4 11 5
m 4 9 5
m 5 12 6
m 6 3 16
m 7 15 4
m 7 7 10
m 1 14 3
g 2 18 3
m 3 15 7
m 3 0 14
b 3
q 4
m 5 3 2
m 5 4 16
m 7 10 1
m 1 14 4
f 1
m 2 2 7
m 2 7 7
m 3 15 10
m 4 8 11
m 5 17 6
m 5 0 6
m 6 16 8
m 6 9 9
m 7 4 4
f 7
p
m 1 14 8
m 1 5 11
m 2 8 1
m 3 10 8
m 4 6 7
m 5 0 0
m 5 0 17
m 6 4 8
m 7 3 2
m 7 7 18
m 1 0 15
g 1 14 0
m 2 8 3
m 2 8 7
m 3 11 11
m 4 14 3
m 5 17 11
f 5
q 5
p
m 6 14 8
q 6
m 7 18 8
m 7 10 0
m 1 4 8
m 1 6 3
m 2 2 16
g 2 14 1
m 3 9 15
g 3 5 0
m 4 3 4
m 4 9 5
b 4
m 5 14 4
b 6
m 7 13 1
m 1 13 9
m 1 6 3
m 2 15 4
q 2
p
m 3 17 11
m 4 12 9
f 4
m 5 13 1
m 5 0 14
m 6 12 1
b 6
m 7 0 7
m 1 10 14
m 1 8 6
m 2 1 11
f 2
b 3
m 4 15 10
g 4 9 4
m 5 1 0
b 5
q 5
m 6 9 0
m 7 0 6
m 7 7 6
m 1 0 6
b 1
f 1
p
m 2 11 1
m 2 7 11
b 2
g 2 8 2
m 3 4 7
m 4 17 3
m 5 8 5
m 5 4 4
m 6 18 5
m 7 7 12
m 7 10 12
q 7
m 1 12 15
m 1 11 8
m 2 1 3
m 2 2 3
p
m 3 12 9
m 3 7 16
m 4 11 14
m 4 11 3
m 5 15 7
m 6 18 8
m 6 12 3
m 7 18 1
m 7 10 17
m 1 1 6
m 2 0 13
m 3 10 16
m 4 3 8
m 4 0 15
m 5 3 4
m 6 7 14
m 6 4 9
f 6
m 7 12 9
m 7 10 11
m 1 14 4
m 2 2 3
m 4 12 7
m 5 10 16
m 5 7 3
b 5
m 6 17 6
m 6 9 6
b 6
f 6
q 6
m 7 8 16
m 7 5 4
b 7
f 7
m 1 15 6
m 1 9 15
b 1
q 1
m 3 9 4
q 3
m 4 8 6
m 4 2 11
m 5 8 5
m 5 1 11
m 6 10 1
m 6 4 1
m 7 13 10
p
m 1 14 4
m 1 10 16
m 2 10 17
m 2 7 6
m 3 15 4
m 3 5 9
q 3
m 4 9 2
m 5 1 11
m 6 1 18
p
f 7
m 1 5 1
m 1 1 4
m 2 5 0
m 2 9 6
m 3 2 3
m 4 6 15
m 4 6 0
f 4
m 5 15 10
m 6 14 3
g 6 18 0
m 7 4 7
m 7 3 1
m 1 2 6
m 2 15 4
m 3 13 5
m 4 2 18

