B 12 20 8 33
p
m 2 7 8
m 2 2 10
b 2
m 3 9 9
m 3 0 18
f 3
m 4 3 0
m 4 7 8
f 4
m 5 18 4
m 5 1 11
m 6 12 4
m 7 13 2
m 7 6 11
g 7 0 3
p
m 8 3 10
m 1 7 3
m 2 11 13
m 3 13 9
m 4 11 7
m 5 14 10
m 5 8 6
m 6 0 11
m 6 4 6
f 6
m 7 4 5
m 7 5 18
m 8 6 10
f 8
m 1 11 16
m 1 11 18
m 2 14 1
m 2 2 0
p
m 3 12 10
m 3 6 14
b 4
m 5 16 1
m 6 1 8
m 6 7 8
f 6
m 7 18 6
m 8 11 12
m 8 7 6
f 8
m 1 5 8
m 1 11 4
m 2 4 3
m 2 7 16
m 3 0 18
m 3 9 10
q 3
m 5 18 3
m 5 6 18
m 7 2 2
m 7 4 3
m 1 9 0
m 2 5 9
m 3 2 5
m 4 5 10
f 4
m 5 2 15
m 6 10 12
f 6
m 7 15 3
m 7 7 8
m 8 14 4
m 8 0 19
m 1 0 1
m 2 9 11
m 2 10 19
m 3 19 8
m 3 4 5
m 4 9 11
m 5 6 1
m 6 13 8
f 6
m 7 2 15
m 8 13 7
m 8 5 4
m 1 9 7
m 2 12 4
m 2 7 11
f 2
q 2
m 3 2 7
m 4 6 18
m 5 5 11
g 5 3 7
m 6 11 4
f 6
q 6
m 7 3 9
m 7 8 9
m 8 12 6
m 1 3 6
m 2 2 3
m 2 0 8
m 3 2 8
m 4 19 6
m 4 6 16
m 5 16 0
q 5
b 7
g 7 10 5
m 8 9 0
m 1 12 6
m 2 7 3
m 2 5 2
f 2
m 3 8 10
m 3 10 6
q 3
g 3 16 11
m 4 14 5
m 5 5 17
m 6 6 2
m 7 13 3
m 8 11 3
m 8 4 4
m 1 13 5
m 2 5 8
m 2 9 14
m 3 9 7
b 3
m 4 8 11
m 4 7 1
b 4
m 5 5 10
m 7 3 6
m 8 7 18
m 8 2 14
m 1 10 18
m 1 9 4
m 2 14 11
m 3 9 17
m 3 1 9
m 4 2 17
q 4
m 5 0 7
m 5 4 3
m 6 11 17
m 6 0 0
m 7 14 7
m 7 9 17
m 8 14 7
q 8
p
m 1 5 11
m 2 1 11
m 2 1 9
m 3 12 7
m 3 5 9
b 3
m 4 5 9
m 4 2 9
m 6 2 1
m 7 6 15
m 8 11 13
m 8 6 17
m 1 9 11
m 1 6 13
f 1
m 2 0 5
m 2 3 5
m 3 6 6
m 3 10 12
m 4 10 8
m 5 5 7
m 5 10 6
m 6 7 7
m 7 7 4
m 8 15 11
m 8 2 4
m 1 12 6
m 3 15 7
m 3 7 5
m 4 16 8
m 4 6 9
m 5 18 4
m 6 2 1
g 6 18 7
m 7 5 11
m 8 2 11
m 1 15 0
m 2 4 1
m 2 4 16
m 4 15 11
m 4 9 9
m 5 15 9
m 5 7 3
b 5
q 5
m 6 9 9
b 6
m 7 19 1
m 8 18 4
m 1 12 2
m 4 14 0
m 5 4 7
m 6 11 10
f 6
m 7 2 7
m 7 5 0
m 8 6 2
b 8
m 1 8 4
m 2 17 1
q 2
m 3 11 3
m 4 8 11
f 4
g 4 5 3
m 5 19 8
m 5 0 4
m 7 5 13
m 7 7 14
m 8 15 9
m 1 13 2
b 1
m 2 14 8
m 3 2 2
m 4 8 1
m 5 2 11
f 5
m 6 2 10
m 6 11 5
q 6
m 7 2 16
m 8 8 18
m 1 0 7
m 1 10 5
m 2 8 4
f 2
m 3 5 9
q 3
m 4 17 4
m 5 3 3
m 5 4 6
m 6 1 10
m 7 2 11
m 7 9 2
m 8 0 17
m 1 8 18
m 1 4 7
p
m 2 3 5
m 2 0 5
m 3 2 7
m 3 5 3
q 3
m 4 14 1
m 5 18 9
m 6 3 0
m 6 0 19
m 7 9 7
m 8 5 6
p
m 1 15 3
m 1 0 15
b 1
m 2 0 10
m 2 6 2
m 3 9 0
m 3 3 6
m 4 2 3
m 4 8 12
m 5 1 9
f 5
m 6 2 8
m 6 9 1
m 7 6 1
m 7 9 12
m 8 8 13
m 1 15 1
b 1
q 1
m 2 3 9
m 3 5 15
m 4 9 4
q 4
m 5 19 3
m 5 0 10
m 6 2 0
m 7 15 8
m 8 17 3
m 8 9 7
m 2 4 10
m 3 14 1
m 3 4 17
m 4 18 9
b 4
m 5 1 5
m 6 1 19
p
m 7 6 5
m 8 18 4
m 1 9 8
m 1 9 14
m 2 3 14
p
m 3 15 11
b 3
m 4 3 4
m 4 9 4
m 5 19 4
m 6 15 8
f 6
m 7 19 2
m 8 18 4
f 8
q 8
m 1 10 12
m 1 1 1
b 1
m 2 3 15
m 2 3 11
g 2 17 2
m 3 0 3
m 3 9 12
q 3
m 5 14 8
m 5 1 15
f 5
m 6 4 3
g 6 10 4
m 7 0 0
f 7
m 8 5 9
m 8 8 16
m 1 19 9
f 1
m 2 1 10
b 2
g 2 4 8
q 3
m 4 9 11
m 4 9 14
g 4 10 11
p
m 5 13 10
f 5
m 6 2 11
m 7 19 6
m 8 14 1
b 1
g 1 9 3
m 2 3 9
m 2 10 14
m 3 9 9
m 4 15 7
m 4 2 17
m 5 0 2
m 6 6 1
b 6
m 7 5 1
m 8 0 18
m 8 10 19
m 1 9 7
m 2 3 6
m 2 3 19
m 3 19 8
m 4 19 9
m 5 9 10
m 5 11 4
m 7 1 11
m 8 5 8
m 8 5 6
m 1 16 1
m 1 0 14
m 2 13 7
p
m 3 7 6
m 3 6 6
m 4 5 9
m 4 0 0
q 4
m 5 7 19
m 5 8 2
m 6 17 3
m 7 8 3
m 8 16 0
m 1 9 7
m 2 17 8
m 2 8 6
m 3 1 16
m 4 16 10
m 5 4 11
m 6 4 19
m 7 2 10
m 7 10 5
f 7
m 8 13 1
m 8 8 19
p
m 1 15 9
m 2 19 11
m 3 11 0
m 3 1 1
f 3
m 4 12 6
m 5 1 11
m 6 10 7
m 6 1 7
f 7
m 8 14 8
m 8 8 19
m 1 4 1
m 2 9 6
m 3 6 13
m 3 8 6
b 3
m 4 10 7
m 4 3 15
m 5 2 11
m 6 11 6
m 7 12 2
m 8 8 11
m 1 3 18
m 2 9 6
m 3 15 8
m 3 11 13
m 4 19 6
m 5 19 9
m 5 1 12
m 6 2 17
m 7 4 15
m 7 8 0
m 8 2 7
m 1 12 6
m 2 3 4
m 3 8 10
p
m 4 15 11
m 4 0 11
b 5
m 6 0 4
m 6 1 5
q 6
m 7 9 3
m 8 1 15
f 8
m 1 8 3
m 1 5 5
m 2 12 4
b 2
m 3 14 5
m 4 4 1
m 4 4 5
m 5 16 9
m 5 6 14
f 5
m 6 2 14
b 6
q 6
m 7 9 11
m 7 5 10
m 8 8 16
m 8 0 0
m 1 6 17
m 1 11 17
m 2 17 1
m 2 3 3
m 3 8 6
b 3
q 3
m 4 13 4
m 4 11 19
m 6 13 10
m 6 11 1
m 7 11 11
m 7 4 17
q 7
m 8 15 11
m 1 14 5
m 1 6 13
m 2 15 10
m 2 4 12
f 2
m 3 8 2
b 3
q 3
m 4 12 7
m 4 0 12
m 5 3 7
m 6 8 11
m 8 1 6
m 8 6 16
m 1 1 3
m 2 8 19
f 2
m 3 4 18
m 4 2 13
m 6 7 6
m 6 5 11
m 7 9 11
q 7
m 8 4 3
b 8
m 1 9 11
q 1
m 2 6 2
m 2 5 1
m 4 17 8
m 4 1 17
g 4 16 2
m 6 8 6
m 6 3 18
b 6
m 7 6 7
m 8 12 3
m 1 10 2
m 2 7 15
g 2 7 9
m 4 6 0
m 4 0 18
m 5 9 11
m 5 11 15
m 6 18 1
f 6
m 7 17 7
m 8 11 10
m 8 11 11
m 1 13 0
b 1
q 1
m 2 0 15
m 2 11 18
b 2
m 3 11 12
m 4 13 9
m 4 7 2
q 4
m 5 17 3
m 5 1 16
m 6 6 18
m 6 7 13
m 7 8 2
m 7 6 14
m 8 2 1
m 2 18 1
f 2
m 3 6 11
m 4 19 2
m 4 11 14
f 4
m 5 12 7
m 5 0 19
m 6 11 9
m 7 2 4
m 7 5 11
m 8 5 8
m 1 7 8
b 2
m 3 6 17
f 3
m 4 12 5
m 4 11 9
f 4
m 5 9 0
m 5 0 2
q 5
p
m 6 10 7
m 6 1 0
m 7 11 13
b 7
m 8 12 7
m 1 14 4
m 1 11 2
q 1
m 2 0 10
m 2 9 2
f 2
m 3 10 7
m 5 0 4
m 5 6 14
m 7 0 3
f 7
m 8 1 9
p
m 1 16 10
m 1 4 18
m 2 2 7
m 3 4 1
f 3
m 4 19 5
m 4 9 8
m 5 19 2
m 5 11 13
f 5
m 6 2 3
m 7 0 2
m 7 5 8
f 7
m 8 16 3
m 8 11 10
m 1 12 3
b 1
p
m 2 1 15
m 2 5 3
m 3 4 16
m 4 15 9
m 4 7 17
b 4
m 6 13 10
m 7 13 0
m 8 1 9
m 8 8 6
g 8 15 2
m 1 2 3
m 1 0 14
m 2 5 8
m 3 13 1
q 3
m 4 7 8
m 5 8 4
m 6 12 3
m 6 8 2
m 7 14 4
q 7
p
m 8 11 11
m 1 8 2
m 2 0 10
b 2
m 3 16 3
f 3
m 4 9 0
m 4 5 14
m 5 16 5
m 5 6 10
m 6 9 10
m 6 11 1
m 7 8 6
m 8 12 2
m 1 8 6
m 2 8 13
m 3 6 13
m 4 16 10
m 4 6 7
f 4
m 5 5 9
m 5 0 18
m 6 18 1
b 6
m 7 8 3
m 7 2 18
m 8 9 4
q 8
g 8 15 7
m 2 4 1
m 3 0 17
m 3 2 6
p
m 4 5 9
m 5 4 1
m 5 6 5
b 5
m 6 4 10
m 6 1 6
g 6 12 0
m 7 1 8
m 7 0 8
m 8 12 3
m 8 4 8
g 8 15 2
m 1 18 9
m 2 16 3
f 3
m 4 9 4
m 5 16 10
m 5 4 14
m 6 14 1
m 7 3 1
b 7
m 8 9 4
m 1 19 5
m 1 11 5
q 1
m 2 16 9
m 3 8 6
m 3 4 7
p
m 4 18 9
m 5 8 13
m 6 4 6
m 6 8 16
m 7 1 7
m 8 8 3
m 8 7 14
m 1 15 8
m 1 2 16
m 2 6 10
m 3 13 0
m 4 8 11
m 4 10 9
q 4
m 5 16 5
m 6 9 0
f 6
m 7 5 8
m 8 6 17
m 1 15 10
f 1
q 1
m 2 17 8
m 2 9 15
g 2 7 10
m 3 3 6
f 3
m 4 5 3
g 4 12 8
m 5 0 17
m 6 2 3
m 7 15 8
m 7 9 4
f 7
m 8 17 8
m 8 5 5
m 1 0 4
m 1 7 19
m 2 5 12
m 3 13 4
m 3 5 14
b 3
m 4 3 10
m 4 11 11
q 4
m 5 9 4
b 5
m 6 9 9
m 6 2 6
m 7 6 17
m 8 12 6
m 8 7 13
m 1 10 7
m 1 0 16
m 2 13 9
m 3 1 10
m 3 3 17
f 3
m 4 1 8
m 5 19 6
f 5
m 6 8 6
m 7 15 10
m 7 3 14
m 8 7 8
p
m 1 16 3
m 1 4 10
m 3 13 10
m 4 0 4
m 4 10 19
f 4
m 5 14 1
m 5 7 18
m 6 19 5
m 6 4 3
m 7 16 10
g 7 6 8
m 8 4 3
f 8
m 1 13 0
m 2 15 8
m 3 11 10
m 3 11 19
m 4 7 2
m 5 4 10
m 5 8 0
m 6 2 4
m 6 6 12
q 6
b 7
m 8 16 9
m 8 4 17
m 1 12 7
m 1 10 12
m 2 10 6
m 3 16 3
m 3 4 9
m 4 19 5
m 4 4 6
m 5 11 14
q 5
m 6 7 3
g 6 6 1
g 7 19 11
m 8 13 3
m 1 16 9
m 1 3 17
m 2 7 13
m 2 4 6
q 2
m 3 6 0
m 3 11 2
b 3
m 4 0 18
b 4
m 5 5 9
m 6 19 6
m 6 7 15
f 6
m 7 0 4
m 7 7 14

