B 10 7 6 12
m 1 6 6
m 1 6 1
m 2 5 6
m 2 5 4
m 3 2 0
p
m 5 0 0
m 6 4 8
m 1 2 7
m 1 8 5
m 2 3 4
m 3 5 5
g 3 4 5
m 4 2 1
m 4 9 6
m 5 5 1
m 6 8 1
m 1 0 4
b 1
g 1 6 5
m 2 2 9
f 2
m 3 4 2
m 3 2 0
q 3
m 6 2 9
p
m 1 0 1
m 3 6 1
m 4 3 0
m 5 5 4
m 5 1 2
m 6 2 6
m 6 9 2
g 6 4 5
m 1 2 6
m 2 5 1
m 2 6 3
m 3 4 8
m 3 6 0
m 4 3 3
q 4
m 5 4 8
m 6 5 4
m 1 0 8
m 1 4 6
m 2 3 6
m 2 4 6
m 3 3 1
q 3
m 4 2 5
m 4 0 4
m 5 3 1
m 6 3 9
m 1 5 3
m 1 7 2
m 2 4 6
m 2 3 1
g 2 3 5
m 3 2 8
m 3 6 3
f 3
q 3
m 4 5 3
m 5 1 4
m 5 7 5
m 6 7 1
q 6
m 1 6 0
m 1 1 2
b 1
p
m 2 3 8
m 3 0 9
m 4 4 0
f 4
m 5 5 1
m 6 1 9
m 6 9 1
m 1 0 9
m 2 4 6
m 2 5 1
m 3 2 4
m 4 2 3
m 4 4 5
m 5 4 8
m 5 7 6
b 5
m 6 4 6
m 6 6 4
m 1 4 4
g 1 2 1
m 2 3 0
m 2 9 0
m 3 2 3
m 3 9 6
b 3
f 3
m 4 7 4
m 5 1 2
m 5 9 2
m 6 6 0
m 1 2 1
m 2 5 3
m 2 8 1
g 2 6 4
m 3 2 2
m 4 0 5
m 4 6 2
m 5 3 0
m 6 2 2
g 6 0 6
m 1 2 3
m 1 9 5
m 2 3 0
f 2
q 2
m 3 9 1
m 4 5 3
m 4 1 2
g 4 4 3
m 5 0 5
m 6 3 4
m 6 3 6
m 1 3 0
m 2 0 5
b 2
m 3 0 1
q 3
m 4 0 5
g 4 5 8
m 5 3 1
m 6 3 7
m 1 1 4
m 1 0 5
m 2 6 5
m 2 3 5
f 2
m 3 1 0
m 4 2 5
m 4 4 2
f 4
m 5 0 3
m 1 3 7
q 1
m 2 3 1
g 2 2 9
p
m 3 3 9
m 3 6 3
f 3
m 4 0 5
b 4
g 4 2 9
m 5 0 7
b 5
p
m 6 3 9
m 1 3 0
g 1 2 9
m 2 9 5
m 2 7 1
m 3 8 1
p
m 4 5 1
m 4 7 1
m 5 6 1
m 6 8 4
m 6 8 5
q 6
m 1 3 4
m 1 0 0
m 2 0 8
m 2 4 1
m 3 5 1
m 4 2 8
m 4 7 2
q 4
m 5 5 1
m 6 3 4
q 6
m 2 3 4
m 2 0 1
m 3 7 1
m 3 4 5
b 3
m 4 2 0
m 5 6 1
m 6 3 6
f 6
m 2 2 0
m 3 0 3
m 4 3 7
m 4 5 5
q 4
m 5 6 8
m 6 5 1
f 6
q 6
m 1 8 0
m 1 0 1
m 2 2 0
m 2 6 6
m 3 6 1
q 3
m 4 2 3
m 5 3 9
m 6 3 2
m 1 3 9
m 1 4 2
m 2 3 9
b 2
m 3 5 1
m 3 5 3
m 4 2 0
m 5 7 4
m 5 6 6
b 5
m 6 2 8
m 6 6 2
m 1 0 5
b 1
m 2 6 0
m 2 7 6
m 3 8 5
m 3 6 4
g 3 3 0
m 4 1 1
m 5 3 1
g 5 6 5
m 6 2 0
b 6
m 1 3 9
m 1 5 1
m 2 6 5
m 2 9 4
m 3 0 6
m 3 8 0
g 3 4 5
m 4 0 5
g 4 4 8
m 5 4 4
f 5
m 6 2 8
f 6
m 1 2 5
m 1 8 2
b 1
f 1
m 2 8 0
m 2 9 6

