B 8 9 9 9
m 1 7 4
m 1 3 2
m 2 6 0
m 3 3 1
m 3 7 0
m 4 0 8
m 5 0 1
m 5 5 7
m 6 0 6
m 6 2 0
m 7 6 4
m 8 8 2
m 8 4 8
m 9 7 2
f 9
m 1 2 4
m 1 3 3
m 2 8 5
m 2 6 5
m 3 3 4
b 3
m 4 3 1
m 5 6 8
m 6 7 1
m 7 0 3
q 7
m 8 7 0
m 8 4 5
m 9 5 7
m 9 5 4
g 9 8 0
m 1 6 1
m 2 8 5
m 2 7 3
m 3 7 7
m 4 8 3
b 4
m 5 5 7
m 5 0 3
m 6 0 0
q 6
m 7 0 5
m 8 4 0
m 9 4 1
m 9 7 6
m 1 4 4
m 2 6 5
m 3 7 5
m 3 0 1
b 3
q 3
m 4 1 4
m 5 5 5
m 6 5 2
m 6 1 7
m 7 2 6
m 7 1 8
m 8 2 4
f 8
p
m 9 5 3
q 9
m 1 7 3
m 2 2 6
m 2 0 3
m 4 5 3
m 5 3 1
m 5 4 6
m 6 2 6
m 6 0 4
m 7 1 5
m 7 3 6
m 8 1 5
q 8
m 9 7 8
f 9
m 1 8 2
m 2 2 1
g 3 0 5
m 4 3 4
m 4 0 1
m 5 5 7
m 6 2 0
m 7 1 1
m 7 6 5
q 7
m 8 7 2
m 9 7 6
m 9 1 7
f 9
q 9
m 1 7 0
m 2 2 6
m 3 3 8
g 3 4 1
m 4 2 6
m 5 6 2
m 5 4 7
f 5
g 5 3 7
m 6 3 6
m 7 0 5
m 7 7 6
m 8 0 1
m 9 0 8
m 9 5 1
f 9
m 1 2 4
m 1 3 0
g 1 8 0
m 2 3 6
m 2 3 6
m 3 7 6
q 3
m 4 5 2
m 4 7 8
m 6 2 2
m 6 2 8
m 7 8 5
b 7
m 8 3 2
f 8
q 8
m 9 6 6
m 9 3 6
m 1 7 0
m 1 6 6
m 2 5 0
q 2
m 4 8 5
m 5 5 2
b 5
m 6 4 5
g 6 0 5
m 7 6 1
m 7 7 6
m 8 3 1
m 8 4 4
m 9 7 5
m 9 0 4
q 9
m 1 4 6
m 2 5 2
m 2 1 3
b 2
m 3 7 2
m 4 6 1
m 4 5 7
m 5 5 3
m 6 0 8
m 7 5 3
m 8 8 5
m 8 2 6
q 8
m 9 2 7
m 1 1 1
m 2 4 1
m 3 3 6
f 3
m 4 2 4
m 4 2 3
q 5
b 6
m 7 6 1
m 8 3 3
m 8 1 2
f 8
m 9 5 3
m 9 4 3
m 1 8 5
m 1 6 1
m 2 6 7
m 2 4 2
q 2
m 3 2 0
m 4 4 2
m 4 5 6
m 5 7 0
m 5 2 2
m 6 3 6
m 6 2 4
m 8 2 0
m 9 3 6
m 9 6 5
m 1 7 3
b 1
m 2 5 6
m 2 7 5
b 2
m 3 5 2
m 4 6 1
m 4 7 6
q 4
m 5 5 2
b 5
m 6 2 0
m 6 0 5
f 6
m 7 6 1
m 7 3 1
m 8 7 0
m 9 8 5
m 1 3 6
m 1 2 5
m 2 0 1
m 3 5 3
m 3 5 6
g 3 6 6
m 4 2 0
m 5 2 0
m 5 5 1
g 5 3 2
m 6 3 6
m 6 0 1
f 6
m 7 3 6
m 9 8 5
m 9 1 8
f 9
m 1 5 3
m 1 7 1
m 2 0 8
m 3 7 3
m 4 4 0
p
m 5 8 5
m 6 2 0
b 6
m 7 7 3
m 8 7 3
m 8 7 5
m 9 7 6
m 1 7 1
m 1 3 7
m 2 8 5
m 2 5 6
b 4
m 5 6 1
m 5 3 8
q 5
m 6 2 0
m 6 5 4
m 7 6 1
m 7 3 8
f 7
m 8 3 6
m 8 6 6
m 9 8 5

