B 9 4 4 12
m 1 0 0
m 2 3 1
m 2 1 2
m 3 0 0
m 4 4 2
b 4
q 4
m 1 2 7
q 1
m 2 4 2
g 2 2 4
m 3 2 5
m 4 0 5
m 4 8 0
m 1 2 8
f 1
m 2 0 1
g 2 2 4
m 3 8 3
m 3 1 2
q 3
m 4 4 1
m 4 0 0
m 1 0 0
m 2 1 6
m 2 6 2
m 3 2 0
m 4 3 3
m 4 6 3
m 1 0 1
q 3
m 4 4 3
m 4 1 0
m 1 1 7
m 1 3 3
m 2 2 5
m 3 1 8
b 3
m 4 6 1
m 4 0 2
m 1 0 6
m 1 4 2
m 2 8 2
m 2 5 1
b 2
m 3 1 2
m 3 3 0
m 4 3 0
m 1 2 3
m 1 5 3
b 1
m 2 2 2
m 3 0 0
m 3 3 2
f 3
q 3
m 4 5 0
f 4
m 2 3 1
m 2 2 3
m 3 6 3
m 4 1 1
g 4 2 2
m 1 0 7
m 1 6 2
m 2 0 1
f 2
m 3 1 2
m 3 4 1
m 1 2 5
m 2 1 2
m 2 1 2
m 3 5 2
m 4 3 1
g 4 3 8
m 1 0 4
m 1 0 0
m 2 1 7
m 2 7 2
b 2
m 3 3 1
p
m 4 1 0
b 4
p
m 1 1 2
b 1
m 2 1 7
m 3 1 8
m 4 0 4
b 4
m 1 3 1
f 2
m 3 0 7
m 3 8 1
q 3
m 4 3 0
q 4
g 4 2 6
m 1 1 0
p
m 2 7 0
m 2 8 3
m 3 1 7
m 4 2 3
f 4
m 1 3 7
m 1 4 1
q 1
m 2 3 0
f 2
m 3 0 6
m 3 1 3
m 4 3 7
m 1 0 6
m 3 1 2
m 4 7 0
m 2 3 2
m 2 3 1
m 3 7 3
m 4 4 1
m 4 8 1

