B 9 5 6 4
m 1 2 1
m 1 8 3
g 1 3 3
m 2 6 4
q 3
m 4 0 5
m 5 2 0
m 5 3 2
m 6 4 2
m 1 2 1
m 1 8 0
m 2 2 7
m 2 0 2
f 2
m 3 6 3
f 3
q 3
m 4 1 3
m 4 5 2
g 4 3 8
m 5 6 0
m 5 2 3
m 6 1 0
m 6 7 0
m 1 6 4
b 2
m 3 4 0
q 3
g 3 2 5
m 4 4 3
b 4
f 4
m 5 4 0
m 6 2 0
m 6 4 3
f 6
m 1 3 5
m 1 1 0
m 2 3 5
b 2
m 3 3 7
m 3 8 1
m 4 2 7
m 4 2 2
g 4 3 2
m 5 3 0
m 6 4 8
m 1 1 6
m 1 0 2
b 1
m 2 2 8
m 2 4 3
m 3 2 6
m 4 4 5
p
m 5 2 1
m 6 4 8
m 2 6 2
f 2
m 3 1 1
m 4 4 4
m 4 1 3
m 5 5 0
g 5 0 8
m 6 0 4
m 1 4 1
m 2 0 0
m 2 3 4
m 3 1 7
m 4 4 5
m 5 3 7
m 6 1 3
m 6 1 2
f 6
m 1 1 5
m 1 6 3
m 2 1 0
b 2
q 2
m 3 4 3
q 3
m 4 4 3
m 5 5 0
m 6 4 8
m 1 1 3
q 1
m 2 2 1
q 2
m 3 4 7
m 3 0 3
m 4 1 0
f 4
m 5 8 2
m 5 7 2
b 5
m 6 4 1
m 6 2 3
q 6
m 1 3 5
m 1 2 0
b 1
m 2 4 1
p
g 3 4 6
m 4 4 5
m 5 5 0
m 5 8 4
m 6 1 7
m 6 1 3
m 1 4 1
m 1 0 0
m 2 2 2
m 3 5 4
m 4 5 0
m 5 3 0
b 5
m 6 5 1
m 6 2 3
m 1 1 7
m 2 1 0
b 2
q 2
m 3 3 7
m 3 0 4
m 4 3 3
m 5 1 1
m 5 7 3
m 6 8 1
m 6 8 1
m 1 4 3
m 2 1 3
m 2 4 3
m 3 7 4
m 4 5 2
m 4 6 4
g 4 0 8
m 5 1 6
m 5 2 4
f 5
m 2 6 1
m 3 3 0
m 4 4 4
p
m 5 3 5
m 5 0 0
m 6 1 7
m 1 2 0
m 2 4 7
m 3 4 7
m 3 0 2
g 3 4 2
m 4 3 0
m 4 7 0
m 5 8 0
m 5 6 0
m 6 1 7
m 6 8 2

