B 10 6 5 11
m 1 5 8
m 2 0 6
b 2
m 3 3 3
m 4 4 9
m 4 3 1
m 5 0 1
m 1 2 3
m 2 1 2
m 2 5 5
m 4 3 1
m 4 5 3
m 5 4 2
m 5 1 2
m 1 0 5
m 1 9 3
b 1
g 1 3 5
m 2 4 9
m 3 4 7
f 3
m 4 0 2
m 4 9 1
g 4 2 4
m 5 2 8
m 5 7 2
p
m 1 1 1
m 1 0 5
m 2 1 6
m 2 5 1
m 3 3 4
m 3 7 3
m 4 2 2
m 5 8 5
b 5
b 1
m 2 7 4
m 3 8 0
m 3 3 0
p
m 4 0 9
m 5 5 0
m 5 6 5
g 5 3 9
p
m 1 3 1
m 2 5 3
m 2 5 3
m 3 0 0
f 4
m 5 7 5
m 5 6 2
m 1 3 3
m 2 0 1
m 3 3 0
m 3 0 5
q 3
m 4 9 3
p
m 1 5 4
m 1 6 3
m 2 0 2
m 2 4 4
m 4 2 1
m 5 0 0
m 5 2 4
m 1 7 1
m 1 7 4
b 1
m 2 3 8
m 2 7 3
m 3 5 1
m 3 0 3
m 4 5 5
m 4 3 2
m 5 2 8
m 1 1 4
m 3 0 1
m 3 1 2
m 4 3 1
m 4 4 3
f 4
m 5 4 8
m 1 1 4
m 2 5 4
m 2 3 5
f 2
m 3 6 0
m 3 3 4
m 4 6 2
m 5 0 2
m 1 2 8
m 1 0 1
q 1
m 2 3 4
m 3 9 3
m 3 4 0
b 3
m 4 5 9
m 5 4 8
m 5 6 4
p
f 1
m 2 4 9
b 2
q 2
m 3 5 9
m 3 4 5
m 4 0 5
m 5 0 7
m 5 7 4
m 2 3 1
m 3 6 3
m 4 4 5
m 4 6 2
f 4
m 5 2 5
m 5 1 5
m 1 0 2
m 1 9 0
f 1
m 2 4 8
g 2 0 0
m 3 3 1
m 4 3 8
m 4 6 4
m 5 7 2
m 5 4 3
m 1 5 0
m 2 3 3
m 3 4 8
b 3
m 5 1 6
m 5 5 5
m 1 1 6
m 1 5 0
m 2 4 9
m 3 4 0
m 4 3 1
m 4 3 2
m 5 2 9
m 1 6 1
b 1
q 1
m 2 1 4
f 2
p
m 3 0 7
m 3 1 3
m 4 3 8
m 4 3 5
m 5 0 1
f 5
m 1 1 4
m 1 1 2
m 2 1 0
m 2 8 5
g 2 1 1
m 3 3 8
m 5 1 2
m 1 5 3
m 1 8 1
g 1 2 6
p
m 2 4 0
m 2 6 0
m 3 4 9
m 3 9 3
f 3
m 4 4 0
m 5 0 5
m 5 4 2
q 5
m 1 4 8
b 1
f 1
m 2 4 8
g 2 5 6
m 3 0 2
b 3
q 3
m 4 4 0
m 5 2 9
m 1 2 9
m 2 3 8
m 2 1 2
g 2 3 4
m 3 2 2
g 3 1 6
m 4 4 0
m 4 1 2
q 1
g 1 2 4
m 2 0 7
m 2 8 0
m 3 2 9
m 3 8 1
m 4 4 0
m 4 6 4
m 5 3 0
m 5 6 2
m 1 4 9
f 1
p
m 2 5 9
m 2 1 5
m 3 3 8
m 4 5 9
m 5 2 9
m 5 5 2
f 5

