B 10 9 4 13
m 1 1 9
f 1
m 2 1 1
m 3 8 2
m 3 2 3
m 4 4 3
m 1 7 0
m 1 1 0
m 2 3 6
m 3 7 5
m 4 7 7
m 1 2 7
m 1 7 4
m 2 5 6
m 3 0 8
m 3 7 3
m 4 7 8
m 4 0 8
m 1 2 7
m 1 2 0
q 2
m 3 2 7
m 3 5 0
m 4 2 4
m 4 7 4
q 4
p
m 1 3 1
b 1
m 2 4 7
b 2
m 3 5 8
m 4 4 5
m 4 0 4
m 1 2 9
m 1 4 3
g 1 3 4
m 2 8 9
f 2
q 2
m 3 2 9
m 3 8 5
m 4 5 2
m 4 5 0
q 4
m 1 8 8
m 2 4 3
m 2 8 8
m 3 3 6
m 3 2 6
b 3
m 4 1 2
m 4 1 8
m 1 2 5
m 1 1 1
m 2 0 4
m 2 1 0
q 2
m 3 9 3
q 3
m 4 5 0
m 4 3 0
m 1 2 7
m 1 8 8
m 2 8 7
m 3 0 6
m 4 3 0
p
m 1 2 2
m 2 5 5
m 2 8 5
b 2
m 4 2 3
m 4 6 1
f 4
m 1 7 6
m 1 9 4
m 2 6 1
m 2 7 8
m 3 6 4
m 4 6 5
m 1 4 8
b 1
m 2 7 3
m 2 3 0
b 2
m 4 4 4
m 1 2 7
m 1 9 1
m 2 5 0
m 2 0 3
b 2
m 3 3 6
b 3
m 4 7 5
m 1 0 6
m 1 8 8
m 2 7 3
m 2 1 7
m 3 7 4
m 3 5 1
m 4 1 7
m 1 3 0
m 1 6 3
m 2 0 3
m 3 5 1
m 3 7 2
m 4 8 5
b 4
m 1 3 2
m 1 5 7
m 2 2 9
m 2 6 8
m 3 3 5
m 4 2 6
m 1 0 8
m 2 8 9
m 3 3 0
b 3
g 3 2 3
m 4 6 6
m 4 0 3
m 1 6 9
q 1
m 2 5 9
m 2 2 4
m 4 5 1
q 4
m 1 6 8
m 2 1 7
m 2 8 7
m 4 0 8
m 2 9 3
m 2 0 4
m 3 3 8
b 3
m 4 6 2
f 4
m 1 7 0
m 1 9 2
m 2 0 8
m 2 0 8
m 4 2 7
m 1 1 7
m 2 7 6
f 2
m 3 5 9
m 4 2 8
q 4
m 1 6 4
m 1 7 5
m 2 1 7
m 2 8 5
b 2
m 3 9 3
m 4 6 1
f 4
m 1 0 6
m 3 3 3
q 3
m 4 0 2
b 4
f 4
q 4
m 1 2 4
m 1 8 6
b 1
f 1
m 2 5 1
m 3 6 4
m 4 0 0
m 4 6 0
b 4
m 1 7 6
b 1
m 2 1 7
m 2 6 2
m 3 6 1
m 3 5 6
g 3 6 7
m 1 4 5
m 1 9 5
m 2 5 0
m 2 0 1
m 3 0 9
m 3 0 3
m 4 4 1
m 1 7 6
m 1 3 7
m 2 6 7
m 3 3 5
m 4 3 5
m 4 2 1
m 1 5 5
m 1 9 1
b 1
m 2 4 1
m 2 1 5
q 2
m 3 0 4
m 3 0 8
b 3
m 4 1 7
m 4 9 6
p
m 1 4 8
m 1 6 6
m 2 1 0
m 3 0 8
m 3 0 5
f 3
m 1 8 9
m 1 7 7
m 2 3 5
m 3 7 5
p
m 4 7 1
m 4 3 1
m 1 7 1
m 2 4 1
m 3 1 8
m 3 4 4
m 4 4 3
m 4 5 1
m 1 7 4
m 2 3 7
m 3 6 1
m 4 7 9
m 1 5 7
f 1
m 2 1 2
p
m 3 9 4
m 4 3 0
m 4 4 2
f 1
m 2 0 8
g 2 7 5
m 3 3 3
p
m 4 4 8
b 4
m 1 0 4
m 1 7 6
m 2 0 9
p
f 3
g 3 1 0
m 4 4 1
m 1 4 5
m 1 7 6
m 2 4 8
m 2 0 5
m 3 3 0
m 4 3 0
m 4 7 0
m 1 0 2
f 1
m 2 3 1
m 2 9 5
m 3 7 3
m 3 1 7
m 4 0 4
m 4 9 4
m 2 3 5
m 2 2 2
m 3 4 8
m 4 3 5
m 4 4 8
m 1 4 8
m 2 0 8
m 2 7 5
m 3 2 7
m 4 6 4
b 4
m 1 0 4
m 1 5 2
m 2 4 8
m 2 7 6
m 3 0 4
m 3 8 4
m 4 7 2
f 4
m 1 0 3
m 1 4 8
m 2 4 3
m 2 6 3
m 3 6 1
m 3 6 0
m 4 3 0
b 4
b 1
m 2 8 3
m 2 1 8
m 3 6 5
q 3
m 4 3 1
m 4 6 3
f 4
m 1 0 4
m 2 5 1
b 2
q 2
m 3 4 3
m 3 1 0
m 4 6 4
q 4
m 1 3 1
m 1 9 1
m 2 1 1
b 2
f 2
m 3 7 0
m 4 9 2

