B 10 7 4 9
m 1 5 5
m 2 6 3
m 3 0 1
m 3 2 6
m 4 2 8
m 4 4 2
m 1 5 1
m 2 4 1
m 3 3 8
m 3 8 1
m 4 0 5
m 1 0 1
f 1
m 2 5 6
m 2 5 2
m 3 7 4
q 3
m 4 6 3
m 1 1 5
m 3 5 0
g 3 6 5
p
m 4 3 4
g 4 0 5
m 1 0 3
m 2 0 2
m 2 5 5
m 3 1 3
m 4 0 4
m 1 2 2
f 1
m 2 2 8
m 2 9 2
m 3 5 8
b 3
m 1 5 7
m 2 0 1
p
m 3 4 2
m 3 9 0
b 3
m 1 2 6
m 1 2 5
f 1
g 1 2 4
m 2 1 7
m 2 7 0
m 4 5 7
m 1 5 4
m 2 2 7
q 2
m 3 1 6
m 4 4 1
m 1 6 0
m 1 5 0
m 2 0 0
f 2
m 3 3 5
m 4 5 7
m 1 2 7
m 1 1 3
f 1
m 2 4 8
m 3 0 8
m 3 4 5
m 4 3 0
m 1 0 8
m 2 1 2
m 2 0 3
b 2
m 3 6 4
p
m 4 0 1
m 1 5 0
m 2 4 9
m 2 3 4
m 3 3 4
b 3
m 1 0 1
m 1 0 1
m 2 4 8
m 3 3 9
m 4 1 6
m 4 8 5
m 1 9 4
m 2 3 2
m 3 6 8
f 3
m 4 5 6
m 4 0 5
m 1 6 3
m 1 8 4
g 1 4 7
m 2 5 7
b 2
m 3 6 4
m 4 1 7
m 2 5 3
m 2 5 3
g 2 5 3
m 3 3 0
m 1 4 2
m 1 7 1
m 2 8 2
m 3 6 7
m 4 3 3
m 1 8 2
b 1
m 2 1 3
m 2 2 3
f 2
m 3 3 4
q 3
m 4 0 2
q 4
p
m 1 5 2
m 2 1 1
f 2
m 3 6 9
m 3 8 5
m 4 4 2
m 4 4 4
b 4
m 1 3 8
m 1 1 3
m 2 3 9
m 3 6 7
m 3 4 2
m 4 0 8
m 4 2 1
b 4
f 4
q 4
q 1
m 2 6 3
m 3 0 4
m 4 3 4
m 1 0 5
m 1 8 1
m 2 2 1
m 2 0 1
q 2
m 3 0 2
m 3 0 4
q 3
m 4 6 7
m 4 0 6
m 1 2 6
m 2 1 3
q 2
m 3 6 6
m 3 0 6
m 4 1 3
m 4 6 1
m 1 3 7
m 2 3 7
m 2 8 3
m 3 5 7
m 3 3 2
m 4 6 3
m 4 7 6
m 1 9 2
m 1 6 4
m 2 1 3
m 3 3 7
m 4 5 6
m 4 3 6
m 1 0 5
m 2 3 0
f 2
m 3 6 9
m 3 2 3
m 4 5 6
q 4
m 1 5 6
m 2 5 7
m 2 4 0
m 3 4 2
b 3
m 4 0 2
m 1 0 8
m 2 3 7
m 3 5 4
m 3 1 2
f 3
m 4 5 9
m 4 2 3
m 1 3 0
m 1 9 6
m 2 8 4
m 3 3 7
m 3 6 2
m 4 1 3
m 4 9 0
m 1 5 9
m 1 9 0
m 2 3 7
m 2 5 6
f 3
m 4 2 7
m 4 5 1
m 1 3 4
m 1 0 4
m 2 0 2
m 3 2 3
m 3 8 1
m 4 1 5
m 1 8 3
m 1 9 3
m 2 4 1
m 2 7 4
b 2
m 3 0 5
m 4 5 7
f 4
q 4
m 1 6 8
f 1
m 2 6 8
m 3 6 4
m 3 7 4
m 4 4 2
m 4 1 6
p
m 1 4 6
m 2 9 3
q 2
m 3 1 0
b 3
b 4

