B 4 9 2 34
m 1 6 2
m 2 1 1
m 1 6 1
q 1
p
b 2
m 1 8 2
b 1
m 2 1 2
m 2 0 1
m 1 5 2
m 2 6 3
m 1 2 0
b 1
m 2 0 6
m 2 2 8
m 1 7 3
f 1
m 2 1 3
m 2 3 4
q 2
m 1 3 5
m 1 2 5
g 1 4 3
m 1 8 3
f 1
p
m 1 1 6
m 2 5 1
m 2 0 0
g 2 5 3
m 1 2 6
m 2 3 3
m 2 0 6
m 1 7 1
m 2 3 0
m 1 0 8
m 1 3 8
b 1
m 2 3 2
m 1 1 3
m 1 0 5
m 2 2 3
g 2 8 0
m 1 3 6
m 2 1 7
m 1 1 0
m 2 2 2
m 2 2 8
m 1 3 8
m 2 7 3
m 1 3 0
m 1 0 6
b 2
m 1 7 2
m 2 8 1
m 2 2 1
q 2
m 1 4 1
m 1 2 8
f 1
m 2 1 3
b 2
m 1 2 5
m 1 3 8
m 2 3 5
m 2 1 6
g 2 6 3
m 1 7 3
m 2 4 2
m 2 1 4
m 1 2 0
m 2 2 3
m 1 5 1
m 1 3 3
q 1
m 2 8 1
m 1 4 0
m 2 4 0
b 2
f 2
g 2 6 3
m 1 3 0
m 2 4 0
m 2 0 6
m 1 7 2
m 1 0 8
f 1
m 2 7 3
q 2
m 1 4 2
b 1
m 2 1 3
m 2 0 6
m 1 4 2
m 2 7 0
m 1 4 2
m 1 1 8
m 2 4 2
m 2 3 0
q 2
m 1 7 0
m 1 0 5
m 2 0 4
m 2 1 0
m 1 2 0
m 1 1 4
m 2 2 4
m 1 3 3
m 2 2 3
m 2 0 1
f 2
p
m 1 1 2
m 2 5 1
m 2 2 8
m 1 7 3
m 1 0 1
m 2 2 0
m 2 2 0
m 1 2 6
p
m 2 5 1
p

