B 9 10 2 30
m 1 3 3
m 1 8 7
m 2 1 2
m 2 3 2
f 2
m 1 3 4
m 2 0 7
m 1 7 4
m 2 1 7
m 2 3 7
q 2
m 1 9 2
m 1 6 4
m 2 5 7
m 2 8 9
m 1 6 2
m 2 1 1
m 1 8 0
m 1 2 3
m 2 8 4
f 2
m 1 0 4
m 1 2 9
m 2 9 7
b 2
q 2
m 1 9 0
m 1 6 9
m 2 5 3
m 2 3 4
m 1 0 7
q 1
m 2 6 1
m 2 8 7
m 1 2 4
f 1
m 2 0 6
m 2 7 7
m 2 8 2
q 2
m 1 2 0
m 2 1 5
m 1 3 9
m 2 9 1
m 1 2 6
p
m 2 9 5
m 2 0 4
b 2
m 1 6 7
m 2 6 1
m 2 1 1
b 2
m 1 8 2
m 1 8 8
q 1
p
m 1 9 5
m 1 8 8
q 1
m 2 3 7
b 2
m 1 9 4
m 2 2 7
m 2 6 3
b 2
m 1 0 3
b 1
f 1
m 2 5 5
b 2
m 1 7 6
m 1 7 3
m 2 7 9
m 2 1 7
m 1 9 0
f 1
g 1 7 2
m 2 1 7
m 1 8 4
m 2 1 8
m 2 2 3
m 1 2 0
g 1 8 1
m 2 0 7
m 2 1 6
b 2
m 1 5 3
m 2 7 7
m 2 4 3
f 2
m 1 8 5
m 2 6 3
b 2
m 1 3 8
m 1 1 6
m 2 8 5
m 2 8 6
m 2 4 2
m 1 6 7
m 1 4 5
m 2 8 6
m 1 0 0
m 1 1 4
m 2 8 7
m 2 8 2
q 2
m 1 2 4
m 1 3 8
m 2 8 4
m 2 3 1
b 2
m 1 0 5
m 1 6 4
m 2 1 8
m 2 1 3
m 1 0 4
m 1 8 7
m 2 4 5
m 1 5 3
m 1 8 7
m 2 0 4
q 2
m 1 6 4
b 1
m 2 6 6
m 1 4 8
m 2 0 3
m 1 6 5
m 1 1 5
m 2 2 5
m 2 1 5
m 1 7 1
m 2 6 4
m 1 8 2
m 2 1 8
q 2
m 1 0 1
m 2 4 5
m 2 6 9
m 1 2 0
m 1 8 2
m 2 6 3
q 2
m 1 3 0
m 1 7 5
m 2 3 7
g 2 4 7
m 1 4 4
m 2 7 3
m 2 5 3
q 2
m 1 2 7
m 1 4 3
m 2 2 5
m 1 1 2
m 1 2 2
m 2 8 0
f 2
m 1 9 1
m 2 5 3
m 1 2 8
f 1
m 2 8 7
m 2 4 8
g 2 0 8
m 1 3 5
m 2 0 5
m 2 8 0
m 1 6 5
p
m 1 1 4
m 1 4 7
m 2 8 6
m 1 8 5
m 1 0 8
m 2 6 5
m 2 5 2
f 2
m 1 1 6
m 2 8 7
m 2 6 0
m 1 6 3
m 1 7 3
q 2
m 1 0 5
b 1
f 2
m 1 0 1
m 1 1 3
m 2 6 3
p
m 1 6 4
m 1 2 9
m 2 8 5
m 1 2 0
m 1 3 7
m 2 2 9
m 1 0 7
m 1 4 2
f 1
m 2 1 4
p
m 1 3 1
f 1
m 2 6 8
m 1 0 4
f 1
m 2 5 6
m 1 8 4
m 2 8 8
m 1 8 5
m 1 0 5
m 2 1 2
m 2 0 7
q 2
m 1 1 6
m 1 0 1
q 1
m 2 8 0
m 2 5 5
m 1 0 5
m 1 6 4
m 2 0 5
m 2 1 7
b 2
q 2
g 2 7 4
m 1 8 7
m 1 1 6
g 1 9 7
m 2 4 2
g 2 1 0
m 1 0 5
q 1
m 2 0 9
m 2 5 3
m 1 3 8
b 1
g 1 2 1
m 2 9 4
m 1 4 0
m 1 1 0
m 2 6 4
m 1 9 5
m 1 8 1
m 2 5 2
m 2 2 9
m 1 3 8
m 1 0 2
f 1
m 2 1 2
f 2
m 1 3 8
b 1
m 2 0 7
m 2 0 6
m 1 8 7
m 1 2 1
m 2 6 3
m 2 7 8
m 1 0 0
m 1 0 5
m 2 0 5
b 2
m 1 1 4
p
m 2 1 2
m 1 1 4
m 1 2 1
p
m 2 4 5
m 2 1 5
f 2
q 2
f 1
m 2 4 2
m 1 6 3
m 2 9 1
m 2 6 9
m 1 1 4
m 2 1 4
m 2 7 1
m 1 6 4
m 1 7 5
m 2 2 8
m 2 6 4
m 1 6 4
m 1 4 5
m 2 3 8
m 2 5 8
m 1 4 5
m 1 5 2
m 2 1 4
f 2
q 2
m 1 4 1
m 2 6 5
g 2 5 3
m 1 0 5
m 1 2 0
m 2 1 5
m 1 3 4
m 2 6 3
m 1 4 7
m 1 2 7
m 2 0 3
m 1 3 8
m 2 9 4
m 2 8 6
m 1 9 1
m 1 2 2
q 1
m 2 6 4
p
m 1 6 3
f 1
p
f 2
g 2 5 7
m 1 0 5
m 2 9 1
m 1 1 5
m 1 4 7
m 2 6 4
m 2 4 2
q 2

