B 10 10 5 22
m 1 9 1
q 1
m 2 5 2
b 2
m 3 4 1
m 3 2 9
q 3
m 4 1 2
m 4 5 7
m 5 2 3
m 5 1 3
m 1 4 0
m 2 8 9
m 2 3 0
m 3 0 7
m 3 4 2
b 3
m 4 6 9
m 4 9 0
m 5 6 0
m 1 6 6
p
m 2 6 8
m 2 2 6
m 4 6 8
m 4 3 7
m 5 3 3
m 5 1 9
m 1 6 8
m 1 2 5
m 2 9 0
m 3 4 7
b 3
f 3
m 4 1 2
m 4 7 5
q 5
m 1 9 8
b 1
m 2 6 9
m 2 3 4
m 3 5 6
b 3
m 4 5 0
m 5 6 7
m 5 2 1
m 1 5 5
m 1 5 8
q 2
m 3 3 8
m 4 9 9
m 5 4 9
m 5 4 0
m 1 8 8
p
m 2 7 7
m 2 7 3
m 4 7 2
b 4
m 5 4 0
q 5
m 2 9 1
m 3 9 3
m 4 4 9
m 4 4 5
b 4
m 5 7 1
q 5
g 5 6 5
m 1 1 8
m 2 8 9
m 3 3 0
m 4 5 1
m 4 8 7
m 5 8 2
m 5 9 8
m 1 5 8
m 2 6 3
m 3 5 0
m 3 8 2
m 4 5 6
m 4 7 5
q 4
m 5 1 3
b 5
m 1 0 1
m 2 5 0
m 2 7 0
m 3 5 9
m 3 7 2
m 4 1 8
m 5 9 7
m 1 4 0
m 1 2 0
m 2 4 9
m 3 6 6
m 3 5 1
m 4 7 5
m 4 2 8
m 5 1 1
m 5 1 6
p
m 1 2 5
m 2 1 3
m 2 9 0
m 3 5 3
m 4 8 5
m 4 1 3
f 4
m 5 9 2
m 5 4 1
p
m 1 3 4
m 1 7 5
m 2 2 3
m 3 8 5
m 3 7 5
g 3 8 9
m 4 3 8
b 4
f 4
m 5 1 6
m 1 0 3
q 1
m 2 9 7
m 3 3 0
m 4 7 0
m 5 6 7
m 5 5 3
p
m 1 6 8
m 1 8 5
m 2 6 4
m 2 1 7
m 3 5 9
p
m 4 5 3
m 4 1 0
m 5 6 4
q 5
m 1 5 9
m 1 4 7
b 1
m 2 9 7
b 2
m 3 4 1
m 4 2 7
m 4 7 4
m 5 4 4
m 5 9 1
q 5
m 1 6 4
m 1 2 9
p
m 2 6 0
m 3 1 2
m 4 2 6
m 4 5 7
m 5 4 1
q 5
m 1 6 7
f 2
m 3 0 2
m 3 6 4
m 4 0 0
m 4 5 9
m 5 4 0
m 5 6 1
m 1 4 8
m 2 2 3
m 2 3 0
m 3 6 9
f 3
m 4 7 5
b 4
m 5 5 1
m 1 9 0
f 1
m 2 6 4
m 2 5 4
g 2 0 6
m 3 6 0
m 4 6 3
m 4 8 2
m 5 0 8
m 5 3 0
g 5 3 6
m 1 6 4
m 1 2 2
g 1 2 9
m 2 4 2
m 2 8 8
q 2
m 3 2 3
m 3 1 2
m 4 6 7
m 4 3 1
m 5 5 6
m 5 9 7
m 1 9 1
m 1 2 3
m 2 6 7
m 2 9 1
g 2 9 8
m 3 4 2
m 3 5 0
m 4 6 8
m 5 5 9
m 5 9 6
m 1 8 1
m 1 3 9
f 1
q 1
m 2 2 6
m 2 7 7
m 3 0 8
m 3 8 2
b 3
m 4 9 0
m 4 5 0
m 5 5 0
m 5 1 0
m 1 3 0
m 1 5 6
m 2 6 8
m 3 8 6
m 4 5 6
m 4 1 2
m 5 4 8
m 5 6 7
m 1 8 7
m 2 0 8
m 3 5 9
m 3 6 5
m 4 6 3
m 4 1 3
b 4
g 4 3 9
m 5 7 2
m 5 3 6
m 1 3 8
m 2 8 7
m 2 3 1
q 2
m 3 3 4
m 3 6 7
m 4 5 0
m 4 7 4
m 5 8 5
m 5 4 1
m 1 8 1
m 2 6 0
b 2
m 3 4 5
m 4 8 7
b 4
m 5 3 8
m 1 3 8
m 1 7 9
m 2 2 6
m 2 8 6
b 2
m 3 3 7
m 4 6 7
m 4 9 0
m 5 7 8
m 1 8 9
m 1 4 9
q 1
g 1 0 5
m 2 4 8
m 2 5 1
m 3 6 4
f 3
m 4 6 7
m 5 3 8
m 5 5 2
m 1 4 2
q 1
m 2 4 0
m 2 1 1
g 2 1 4
m 3 6 7
m 3 5 1
m 4 4 2
q 4
m 5 9 2
f 5
m 1 6 0
f 2
m 3 0 8
m 4 3 9
m 5 3 8
m 1 4 0
q 2
m 3 2 9
m 4 3 4
g 5 8 8
m 1 4 9
m 2 4 5
m 2 9 8
m 3 6 7
m 3 9 8
g 3 3 0
m 4 5 1
m 4 1 6
m 5 5 9
m 1 1 7
f 1
p
f 2
m 3 4 0
m 3 0 3
b 3
m 4 5 9
m 4 1 7
f 5
b 1
m 2 7 6
m 2 4 3
q 2
m 3 2 6
m 3 5 9
b 3
m 4 6 4
m 4 1 2
m 5 5 8
m 5 7 2
m 1 2 3
m 1 8 8
m 2 6 1
m 2 0 1
m 3 6 0
m 3 0 0
m 4 5 2
m 4 7 7
m 5 5 2
m 1 4 9
m 1 3 7
m 2 2 3
f 2
m 3 3 8
b 3
f 4
m 5 6 0
m 5 3 0
m 1 5 0
m 2 8 4
m 2 9 8
m 3 8 9
m 5 6 8
g 5 2 6
m 1 4 2
m 2 5 9
m 3 4 9
m 3 1 6
m 4 0 8
f 4
g 4 9 8
m 5 8 4

