B 6 6 4 6
m 1 3 5
m 1 2 5
m 2 0 4
f 2
m 3 2 3
m 3 5 5
m 4 0 4
m 4 0 5
m 1 4 3
m 2 3 4
m 2 5 0
m 3 4 4
m 3 1 2
q 3
m 4 0 0
m 1 5 2
g 1 0 0
m 2 2 3
m 2 3 3
q 2
m 3 3 5
m 4 0 3
m 4 1 2
m 1 1 4
m 1 4 5
q 1
g 1 5 3
m 2 3 1
m 2 1 4
m 3 5 1
m 3 5 2
m 4 5 1
m 4 1 4
m 1 0 2
b 1
m 2 2 3
m 2 2 2
f 2
m 3 1 0
m 3 5 2
m 4 1 4
m 4 3 3
m 1 4 5
m 1 0 5
m 2 2 4
m 3 2 3
q 3
p
m 4 4 5
m 4 3 5
m 1 4 5
m 1 0 0
b 2
m 3 4 1
m 3 0 2
m 4 3 3
q 4
m 1 3 5
m 1 5 0
m 2 2 0
m 3 1 0
m 3 5 0
b 4
f 4
p
m 1 2 3
m 1 0 2
m 2 0 3
g 2 5 3
m 3 2 4
b 3
g 3 3 0
m 4 1 0
m 4 0 1
b 4
m 1 3 1
m 2 5 5
m 3 4 5
m 3 5 0
m 4 1 1
b 4
m 1 3 0
m 1 2 5
q 1
m 2 2 3
m 2 0 4
m 3 2 3
f 3
q 3
m 4 4 2
m 1 0 3
f 1
p
m 3 2 3
m 3 5 5
m 4 5 1
m 1 3 5
m 1 5 5
m 2 3 1
m 2 0 1
b 2
m 3 5 1
m 3 4 5
m 4 2 3
m 4 1 1
m 1 3 0
m 2 1 2
m 2 1 0
m 3 2 1
q 3
m 4 0 1
m 4 5 1
m 1 1 2
m 2 5 1
m 2 5 0
m 3 1 2
p
m 4 5 2
m 4 3 1
m 1 0 3
b 1
m 2 4 5
m 2 1 3
p
m 3 1 3
m 4 3 5
b 4
m 1 0 3
m 1 4 5
m 2 4 5
m 2 3 1
m 4 2 3
m 4 0 5
b 1
g 1 1 0
m 2 3 1
m 2 4 3
m 3 2 3
m 4 0 4
m 4 3 3
g 4 5 4

