B 5 16 6 11
m 1 14 2
m 2 4 1
q 2
m 3 3 4
m 3 3 6
m 4 12 1
m 4 1 15
g 4 1 4
m 5 2 2
b 5
m 6 15 4
m 1 0 11
b 1
f 1
m 2 1 9
m 2 0 6
m 3 4 12
g 3 2 2
m 4 8 0
m 4 4 5
m 5 1 10
m 5 4 2
q 5
m 6 1 0
b 6
g 6 2 4
m 1 13 3
m 2 4 3
m 3 1 2
m 4 6 2
m 4 2 4
b 4
m 5 1 3
m 6 5 2
m 6 1 6
m 1 4 12
f 1
f 2
g 2 2 4
m 3 10 2
q 3
m 4 1 8
m 4 2 14
m 5 8 0
m 6 2 15
p
m 1 1 14
m 2 8 3
m 2 2 13
m 3 3 14
m 4 2 3
m 4 2 1
m 6 1 11
m 1 4 12
m 2 1 5
m 2 2 10
b 2
q 2
g 2 15 2
m 3 12 3
m 3 4 7
m 4 15 0
m 4 3 8
m 5 4 4
m 6 1 1
m 6 3 5
b 6
m 2 2 8
m 3 2 5
m 3 1 3
f 3
m 4 2 5
m 4 3 2
m 5 1 8
m 5 1 12
m 6 13 1
m 1 2 12
m 2 2 0
m 2 1 8
b 2
m 3 1 1
m 4 15 3
f 4
m 5 7 0
f 5
m 6 10 4
m 6 3 9
m 1 14 4
m 1 4 11
m 2 9 0
m 2 0 13
m 3 1 0
m 3 1 1
f 3
m 4 1 13
q 4
g 4 10 1
m 5 8 4
m 6 4 4
p
m 1 3 9
m 1 1 14
m 2 15 0
m 3 0 3
m 3 3 7
f 3
m 4 1 15
m 4 4 8
m 5 1 6
m 5 2 15
m 6 11 3
m 1 0 0
m 3 14 4
f 3
m 4 9 4
m 6 10 3
f 6
m 1 2 8
b 1
m 2 12 0
m 3 4 15
m 4 1 0
m 4 4 9
m 5 12 3
m 6 13 4
m 6 0 9
m 1 2 1
m 2 0 3
m 2 4 15
q 2
m 3 9 2
m 3 4 13
m 4 6 2
m 4 0 5
m 5 15 3
m 5 0 12
m 6 2 3
m 6 2 2
f 6
m 1 12 3
m 1 3 1
m 2 2 7
m 2 3 8
m 3 3 13
m 3 1 4
f 3
m 4 4 0
b 4
p
m 5 0 11
f 5
q 6
m 1 6 2
b 1
m 2 3 3
m 3 1 8
m 4 3 14
m 4 1 10
p
m 5 1 4
m 6 4 8
m 1 0 10
g 1 15 3
m 2 3 8
m 3 11 2
m 4 10 3
m 4 1 14
m 5 0 3
m 6 1 0
m 6 4 1
g 6 12 1
m 1 2 0
m 3 2 11
m 3 3 3
m 4 7 0
m 4 3 13
m 5 0 3
m 6 1 0
m 6 2 7
m 1 12 3
m 1 3 8
m 2 6 2
f 2
m 3 10 4
b 3
m 4 4 15
m 5 14 0
f 5
m 6 9 2
f 6
m 1 2 1
m 1 2 3
m 2 2 12
f 2
m 3 15 3
m 5 6 2
m 5 1 9
b 5
m 6 4 3
m 6 1 7
m 1 3 10
m 2 15 0
m 3 15 3
m 3 3 1
m 4 6 4
m 5 0 8
m 5 3 0
g 5 15 1
m 6 1 9
m 1 6 2
m 1 4 2
m 2 4 9
m 2 2 5
m 3 1 8
g 3 7 2
m 4 1 0
m 5 12 3
m 5 0 5
m 6 14 4
m 6 4 0
b 6
m 1 11 3
m 2 15 3
q 2
m 3 12 3
m 4 6 4
m 4 3 3
q 4
m 5 9 2
m 5 2 11
m 6 1 0
m 6 2 14
m 1 2 0
m 1 3 12
m 2 3 10
m 2 3 2
m 3 0 2
m 3 2 14
m 4 3 12
m 5 7 0
m 6 0 12
m 6 2 1
q 6
m 1 6 2
p
m 2 0 4
m 2 3 1
f 2
m 3 1 14
q 3
m 5 1 4
b 5
m 6 4 12
m 6 1 15
m 1 6 2
m 2 0 13
f 2
m 3 2 15
m 4 4 11
m 4 1 5
m 5 10 4
b 5
m 6 10 4
m 6 4 8
f 6
m 1 11 3
m 1 1 5
m 2 7 0
m 3 14 0
m 4 15 0
m 4 2 6
m 5 15 3
m 5 4 13
b 5
m 6 1 0
m 6 4 9
m 1 7 0
p
m 2 2 4
m 3 15 3
m 3 2 7
f 3
m 4 7 0
m 4 3 2

