B 10 4 2 35
m 1 2 8
m 1 9 2
m 2 3 0
m 2 2 1
m 1 0 0
m 2 1 3
m 2 7 2
m 1 7 2
m 2 3 6
m 2 4 3
m 1 1 5
m 2 3 9
m 2 6 0
m 1 9 3
m 1 0 3
m 2 7 2
f 2
m 1 1 4
m 2 0 4
m 2 3 2
m 1 2 3
f 1
p
m 2 7 3
m 2 4 2
g 2 0 0
p
m 1 3 8
m 1 0 3
f 1
m 2 0 7
m 2 6 3
m 1 1 1
m 1 5 1
m 2 1 3
m 2 4 3
m 2 2 6
b 2
g 2 3 8
m 1 1 3
m 2 3 8
m 2 1 0
m 1 2 5
m 1 1 2
m 2 6 2
m 1 6 0
m 1 3 3
m 2 8 3
f 2
q 2
m 1 1 9
f 1
m 2 0 4
m 2 7 1
m 2 1 8
m 1 0 7
m 1 3 1
m 2 0 1
m 2 8 3
m 1 1 4
m 1 3 0
m 2 0 1
m 2 8 3
m 1 1 9
m 1 3 3
p
m 2 1 0
q 1
m 2 2 5
m 2 0 2
q 2
m 1 1 6
m 1 1 3
m 2 0 4
m 1 9 2
m 1 5 2
m 2 1 4
m 2 7 0
m 1 2 0
b 1
m 2 2 8
q 2
m 1 0 5
m 1 1 1
b 1
m 2 4 0
m 1 1 4
m 1 6 1
m 2 9 3
m 1 2 2
m 2 1 8
m 2 7 3
m 1 2 8
m 1 5 0
b 2
m 1 2 0
m 1 3 3
q 1
m 2 7 3
m 2 5 2
m 1 2 8
m 1 3 0
m 2 0 9
m 1 0 8
m 2 1 8
m 2 5 0
b 2
m 1 9 3
f 1
m 2 3 3
m 2 5 3
p
m 2 0 9
b 2
m 1 0 9
m 1 4 3
m 2 0 9
m 2 2 3
m 1 1 2
m 2 1 9
q 2
m 1 1 8
m 1 0 0
b 1
m 2 0 8
m 2 3 2
m 1 4 1
m 1 4 0
b 1
m 2 6 2
m 2 1 1
m 1 1 8
m 2 0 8
m 2 8 2
b 2
f 2
m 1 5 2
m 1 3 3
m 2 0 8
m 1 8 3
m 2 3 1
m 2 8 3
b 2
p
m 1 1 9
m 1 2 0
b 1
q 1
m 2 3 0
f 2
m 1 0 9
m 2 0 2
g 2 3 9

