B 5 6 5 3
m 1 4 0
q 1
m 2 0 3
m 2 4 1
m 3 4 1
m 4 5 0
m 4 0 2
m 5 3 1
q 5
m 1 4 0
b 1
m 2 4 4
p
m 3 5 4
m 4 4 1
m 4 1 4
f 4
m 5 2 4
m 1 4 3
m 1 2 0
q 1
m 2 3 1
m 2 0 5
m 3 4 3
f 3
m 4 5 2
m 4 3 5
f 4
g 4 4 2
m 1 2 2
m 1 1 1
m 2 0 0
m 3 0 0
p
m 4 1 2
m 5 0 1
m 1 0 4
m 2 3 3
g 2 2 0
m 3 4 4
m 4 0 3
m 4 3 0
m 5 4 0
q 5
m 1 0 1
m 1 1 2
m 2 5 4
m 3 1 2
m 3 0 1
m 4 2 0
m 4 4 4
m 5 3 2
m 5 2 0
p
m 1 1 0
f 1
m 2 4 0
m 2 1 2
g 2 0 0
m 3 3 2
f 3
m 4 3 3
p
m 5 4 3
b 5
m 1 5 1
m 1 3 3
m 2 0 4
m 3 4 3
g 3 3 4
m 4 2 0
m 5 0 5
b 5
m 1 5 4
m 1 0 0
m 2 3 1
m 2 0 1
m 3 5 0
m 3 1 5
m 4 5 2
m 4 2 4
m 5 0 3
m 5 0 0
q 5
m 1 5 0
m 2 0 4
m 3 1 2
m 3 0 4
m 4 0 3
m 4 3 5
m 5 3 1
m 5 2 5
m 1 1 3
m 1 4 1
m 2 3 2
p
m 3 2 4
m 3 0 2
m 4 3 1
g 4 5 4
m 5 4 4
m 5 4 5
q 1
m 2 3 2
p
m 3 5 4
m 3 3 4
b 3
m 5 1 2

