B 19 4 8 9
m 1 0 10
b 1
q 1
m 2 5 0
m 3 1 2
m 4 1 11
m 5 0 0
f 6
m 7 0 15
m 7 10 3
m 8 3 8
m 8 17 1
b 8
m 1 3 12
m 2 1 7
m 3 2 8
m 3 13 2
m 4 1 1
p
m 5 2 14
m 6 14 0
m 6 2 2
m 7 1 8
m 8 13 0
m 1 18 1
m 2 12 2
m 2 12 1
q 2
m 3 2 15
m 3 16 1
g 3 0 14
p
m 4 18 3
m 5 3 7
m 6 16 2
b 6
f 6
m 7 4 1
m 7 14 1
m 8 2 7
p
m 2 3 11
m 3 6 1
m 4 0 15
f 4
m 5 7 0
m 5 10 2
m 6 1 3
m 7 14 2
f 7
m 8 15 1
m 1 11 2
m 2 0 8
m 2 17 2
m 3 3 8
m 4 1 7
m 4 2 2
g 4 0 13
m 5 0 9
m 6 0 9
m 6 16 3
p
m 7 0 10
m 7 3 1
p
m 8 2 7
m 8 18 3
m 1 0 18
m 1 2 2
b 1
m 2 0 18
m 2 8 0
f 2
m 3 0 11
b 3
m 4 1 5
m 4 16 2
m 5 2 18
m 6 0 9
m 6 5 0
q 6
m 7 2 7
q 7
m 8 0 10
m 8 4 1
m 1 2 15
m 2 0 18
m 3 3 3
b 3
p
m 4 2 15
m 5 2 3
m 6 3 9
m 6 15 2
g 6 2 10
m 7 8 3
m 7 11 3
q 7
m 8 0 11
m 8 17 2
m 1 1 10
m 2 2 4
m 2 13 3
m 3 3 7
g 3 1 1
m 4 2 3
b 4
f 4
m 5 2 8
m 6 8 1
q 6
m 7 0 0
m 7 8 0
q 7
m 8 18 1
m 8 15 1
q 8
m 1 3 14
m 1 17 1
m 2 18 1
m 3 2 5
m 3 16 0
m 4 2 0
f 4
m 5 3 14
m 5 11 0
f 5
m 6 6 2
m 7 1 5
m 7 0 2
b 7
m 8 1 9
m 1 13 0
b 1
m 2 1 7
g 2 0 2
m 3 1 13
m 4 13 3
m 5 3 6
m 5 11 2
q 5
m 6 1 2
m 7 0 12
m 7 10 1
m 8 9 0
m 1 0 10
q 1
m 2 0 17
m 2 4 3
m 3 2 9
m 3 1 3
m 4 0 3
m 4 0 2
m 5 0 18
m 5 11 2
m 6 3 14
m 6 2 1
m 7 2 3
m 7 18 2
q 7
m 8 17 1
m 1 0 6
b 1
m 2 15 1
b 2
m 3 3 9
m 3 13 3
m 4 0 15
m 5 2 4
m 5 15 0
m 6 15 0
m 6 7 2
m 7 7 0
m 8 0 0
m 8 9 0
m 1 0 17
m 4 1 13
m 5 2 8
m 5 0 0
m 6 0 3
m 6 3 0
m 7 0 6
m 8 8 3
m 8 0 1
m 1 12 2
m 2 2 9
m 4 9 1
m 5 0 1
m 5 11 0
m 6 0 0
m 7 3 12
g 7 0 2
m 8 2 9
m 1 2 9
f 1
m 2 0 12
m 3 3 5
m 3 0 1
m 4 7 3
m 5 1 5
q 5
m 6 3 5
m 7 3 15
m 8 6 3
m 8 2 0
m 1 3 5
m 1 1 0
m 2 2 5
m 2 17 0
q 2
m 3 3 17
m 3 10 1
f 3
m 5 3 15
m 5 10 0
m 6 1 7
m 6 3 0
m 7 2 5
m 8 14 2
m 8 16 2
m 1 3 15
m 1 5 0
m 2 1 11
m 2 4 2
m 3 7 1
m 3 7 0
q 3
m 4 14 3
m 4 11 1
q 4
p
m 5 8 2
m 5 12 0
m 7 0 6
m 8 2 9
m 8 8 0
f 8
m 1 3 15
m 1 7 0
m 2 2 9
m 2 0 3
m 3 2 5
f 3
p
m 4 2 3
m 4 14 1
q 4
m 5 0 4
f 5
m 6 3 2
m 7 18 2
g 7 3 7
m 1 3 17
m 1 6 2
m 2 3 5
m 2 9 1
m 3 3 15
m 3 8 1
m 4 0 4
m 5 15 3
m 5 8 3
m 6 7 2
m 6 18 3
b 6
m 7 1 13
b 7
f 7
m 8 1 5
m 8 2 0
q 8

