B 13 16 8 24
m 1 11 5
q 1
b 2
m 3 3 5
m 3 10 13
m 4 11 2
m 5 3 9
m 6 12 0
m 7 4 10
m 7 2 7
m 8 4 9
m 8 12 0
m 1 11 12
g 1 0 12
m 2 2 8
m 2 3 2
m 3 9 2
m 3 6 6
g 3 2 11
m 4 12 0
m 5 2 1
m 6 12 3
m 7 7 12
m 8 12 0
m 8 12 11
m 1 12 10
m 1 8 13
m 2 3 12
m 2 10 7
m 3 10 6
q 3
g 4 3 12
p
m 5 12 11
m 5 5 0
p
m 6 12 2
m 6 1 7
m 7 3 9
m 7 12 1
m 8 2 1
m 1 15 8
m 2 14 6
m 2 8 3
f 2
m 3 10 2
m 3 6 10
m 4 13 0
m 5 3 4
q 5
m 6 12 6
m 7 3 11
m 7 7 5
m 8 4 8
m 8 8 14
b 8
f 8
m 1 8 8
m 1 2 0
m 2 12 12
m 3 4 0
m 3 1 14
m 4 3 15
b 4
m 5 2 15
f 5
m 6 11 0
q 6
m 8 6 4
m 8 10 11
m 1 7 12
m 2 1 14
m 3 0 8
m 3 6 14
q 3
m 4 15 1
m 5 1 10
m 6 15 7
m 7 6 3
m 8 3 3
m 8 10 11
m 1 8 10
m 2 2 7
m 2 6 9
m 3 4 1
m 4 3 0
b 4
m 6 7 0
m 6 5 14
m 7 8 2
q 7
m 1 7 7
m 1 10 12
m 2 1 8
m 2 6 15
m 3 9 14
m 4 6 9
m 5 12 9
m 6 5 1
m 6 10 3
m 7 5 10
b 7
f 7
q 7
m 8 0 7
q 8
m 1 13 5
m 1 4 8
m 2 7 3
m 2 11 4
m 3 8 11
q 3
m 4 1 11
m 4 2 5
m 5 15 0
m 5 10 5
b 5
m 6 2 4
m 6 1 1
f 6
p
m 7 12 0
m 7 6 15
m 8 12 2
m 8 6 8
q 8
m 1 7 12
m 1 4 6
m 2 2 12
m 3 8 12
m 4 1 0
m 5 11 4
m 5 7 7
m 6 13 12
p
m 8 6 5
m 8 10 2
p
m 1 2 2
m 1 12 2
g 1 7 1
m 2 1 11
m 3 11 4
m 4 11 4
m 5 6 2
g 5 9 12
m 6 9 9
m 7 6 8
m 8 11 11
q 8
m 1 15 11
m 1 12 13
m 2 1 2
m 3 11 7
m 3 9 3
q 3
m 4 9 9
m 4 0 6
m 5 9 13
m 6 3 11
f 6
m 7 1 3
m 1 6 0
m 3 3 5
m 4 14 2
m 4 0 6
m 5 2 5
m 5 4 14
m 6 5 1
m 7 8 12
m 7 1 2
m 8 1 8
m 8 2 12
g 8 11 1
m 1 6 1
f 1
g 1 1 5
m 2 12 4
p
m 3 15 9
m 3 10 10
b 3
m 4 15 12
m 4 7 7
m 5 12 1
m 5 0 13
m 6 11 0
m 7 2 2
m 8 0 11
m 1 1 3
m 2 8 11
m 2 0 3
m 3 2 1
f 3
m 4 6 5
m 4 3 6
g 4 0 4
m 5 1 0
m 5 10 13
m 6 6 5
m 6 8 13
m 7 8 4
m 7 9 3
m 8 6 2
m 8 6 13
m 1 3 5
f 1
m 2 0 11
m 3 10 5
m 3 10 9
m 4 4 7
m 4 0 14
m 5 15 9
m 5 5 5
m 6 0 12
m 7 1 9
m 7 11 2
f 7
m 8 11 0
m 1 4 12
m 2 3 3
q 2
m 3 9 3
m 4 10 8
m 5 6 1
m 5 0 7
m 6 5 1
b 6
q 6
m 7 10 13
m 7 9 13
g 7 4 3
m 8 10 7
f 8
m 1 8 5
m 2 13 3
m 2 1 7
m 3 12 5
m 3 6 13
q 3
m 4 4 1
m 4 4 9
m 5 0 1
m 6 5 15
m 7 14 7
m 8 1 10
m 1 1 3
m 2 6 1
m 3 3 4
m 4 9 5
m 4 4 0
m 5 8 14
m 5 4 6
f 5
p
m 6 15 0
m 6 10 6
m 7 0 0
m 7 10 10
m 8 9 13
m 1 15 8
b 1
m 2 6 4
m 3 4 7
f 3
m 4 9 4
m 4 5 9
b 4
m 5 4 3
m 5 7 13
m 6 12 9
m 6 6 2
b 6
q 6
m 7 8 9
m 8 3 11
m 1 12 1
f 1
m 2 13 4
f 3
m 4 7 12
m 5 9 7
m 6 15 4
m 7 2 11
f 7
m 8 11 6
m 1 10 7
m 1 11 6
m 2 1 7
m 3 4 5
m 3 2 7
m 4 10 3
m 4 2 8
f 4
p
m 5 7 11
m 5 9 13
b 5
m 6 15 0
m 6 2 13
m 8 11 4
m 8 7 3
m 1 6 8
m 2 1 11
m 2 5 3
m 3 11 13
m 4 6 5
m 5 15 9
m 6 7 9
m 7 9 2
q 7
g 7 8 1
m 8 14 7
m 8 2 7
q 8
m 1 6 5
m 2 3 7
m 2 7 7
q 2
m 3 4 7
m 3 1 1
f 3
m 4 7 9
q 4
m 5 8 9
m 6 4 12
p
m 7 8 15
m 7 4 1
b 7
m 8 14 2
m 1 13 3
m 1 3 6
q 1
m 2 0 5
g 2 7 0
m 3 8 11
m 5 1 8
m 7 1 11
m 8 1 5
m 8 12 7
m 1 11 6
m 1 3 11
m 2 9 0
m 3 4 5
m 3 5 10
m 4 1 10
b 4
m 5 14 12
m 5 9 8
m 6 4 7
m 8 15 12
m 8 4 1
g 8 9 9
m 1 9 0
m 2 7 5
m 3 12 9
m 4 12 5
m 5 15 0
m 6 12 9
m 6 11 5
m 7 6 7
m 7 9 5
m 8 1 11
m 8 11 10
m 1 12 0
m 2 12 9
m 2 7 6
b 3
m 5 12 5
m 5 8 4
m 6 14 12
m 8 1 7
m 1 2 7
m 1 3 2
b 1
f 1
m 2 10 7
m 2 5 6
m 3 8 12
m 4 3 10
m 5 6 6
m 5 6 12
p
m 6 4 7
m 7 0 10
m 8 12 1
m 8 1 7
m 1 2 7
m 1 10 5
m 2 3 3
q 2
m 3 14 2
m 4 14 3
m 4 4 9
m 5 4 10
m 6 13 5
m 7 4 15
m 7 10 1
m 8 13 5
m 1 6 1
m 1 5 12
q 1
m 2 11 6
m 2 1 5
b 2
m 3 7 3
m 4 10 13
m 4 10 4
f 4
m 5 11 7
m 5 3 14
m 6 1 3
m 7 14 11
m 7 0 15
m 8 13 5
m 1 9 8
m 2 7 6
m 3 0 10
p
m 4 8 11
b 4
f 4
m 5 1 13
m 5 2 5
b 5
m 6 13 3
m 7 6 12
q 7
m 8 2 7
q 8
m 1 14 11
b 1
m 2 15 9
m 2 2 15
m 3 8 5
m 3 0 9
f 3
m 4 13 3
m 4 11 14
m 5 11 5
m 5 6 0
m 6 8 5
m 6 1 11
m 7 11 5
f 7
m 8 14 7
m 8 1 0
p
m 2 1 11
m 3 4 0
m 3 9 12
q 3
m 4 3 7
b 4
m 5 5 9
m 5 1 0
m 6 4 7
m 6 9 13
m 8 11 11
b 1
m 2 1 9
f 2
m 3 6 10
m 3 1 15
m 4 7 2
m 5 9 7
m 5 10 12
m 6 5 10
m 6 10 2
f 6
m 7 3 7
p
m 1 11 6
m 2 3 13
b 2
m 3 3 13
q 3
m 4 1 11
m 4 0 0
m 5 13 5
m 5 4 7
m 6 9 11
m 6 2 0
m 7 3 2
m 7 9 0
m 8 2 5
b 8
m 1 6 8
m 1 5 3
m 2 7 5
b 2
g 2 15 3
m 3 3 4
m 4 4 1
m 5 8 7
m 5 4 5
m 6 10 7
m 6 0 13
m 7 14 2
m 7 1 9
b 7
m 8 3 14
m 1 1 0
m 2 6 1
m 2 6 11
m 3 4 0
m 3 12 12
f 3
m 4 3 11
f 4
g 4 11 8
m 5 7 4
b 5
m 6 12 2
m 6 12 5
f 6
m 7 15 12
m 8 14 7
m 8 0 9
m 1 0 1
m 2 4 4
q 2
m 3 5 4
m 3 12 1
f 3
m 4 10 5
m 5 9 11
m 5 0 8
m 6 3 9
g 6 0 4
m 7 5 4
m 8 1 3
m 8 5 4
f 8
m 1 15 12
m 2 2 5
m 3 2 4
m 3 5 7
m 4 0 5
m 4 1 2
m 5 9 11
m 6 6 13
m 7 6 1
m 8 8 7
m 8 5 10
m 1 6 8
m 1 1 11
b 1
p
m 2 5 7
m 3 14 2
m 3 11 6
g 3 12 0
m 4 3 1
m 4 7 15
m 6 8 11
m 6 12 11
f 6
g 7 8 1
m 8 11 1
b 8
m 1 8 11
m 1 0 11
m 2 6 2
m 2 1 2
m 3 4 1
m 3 0 13
m 4 11 4
m 4 9 8
m 5 0 8
m 5 3 15
g 5 13 4
m 6 6 9
m 7 9 2
m 8 0 10
m 8 4 8
m 1 10 9
m 1 8 8
m 2 13 5
m 3 14 2
m 4 14 7
q 4
m 5 3 1
m 6 14 12
m 7 14 7
m 7 10 7
m 8 4 0
m 8 4 7
m 1 9 2
m 1 2 12
g 1 11 9
m 2 2 0
m 2 0 2
m 3 1 9
m 4 8 3
m 4 0 9
b 4
m 5 6 2
m 6 11 5
m 6 11 12
m 8 1 7
m 8 3 1
m 1 4 7
m 1 6 12
f 1
m 2 3 2
m 2 5 13
f 2
m 3 11 5
m 3 10 6
m 4 8 11
q 4
m 5 4 1
m 5 9 6
m 6 6 8
m 8 6 2
m 8 12 6
m 1 10 2
m 2 10 9
m 3 11 2
m 3 3 11
m 4 8 5
m 4 7 15
m 5 11 12
m 5 0 15
f 5
m 6 4 0
m 6 4 2
m 7 8 12
b 7
m 8 9 11
m 1 8 11
m 2 6 13
p
m 3 6 8
m 4 4 0
m 4 12 12
f 5
m 6 10 9
m 7 10 9
m 8 2 5
m 1 4 0
m 1 0 0
m 2 6 8
m 3 14 12
m 4 6 8
b 4
m 5 9 11
m 6 7 3
q 6
m 8 3 11
m 1 8 5
m 1 7 0
b 1
m 2 14 2
m 2 3 7
m 3 11 4
m 3 0 1
m 4 5 15
m 6 14 7
q 6
m 7 4 0
m 7 6 11
m 8 4 1
f 8
m 1 0 0
m 2 8 12
b 2
m 3 1 9
g 3 10 0
m 4 13 4
q 4
m 5 9 11
m 6 14 7
m 7 4 8
m 8 3 11
p
m 1 2 8
m 2 9 2
f 2
m 3 11 4
m 3 6 0
g 3 0 2
q 4
m 6 11 5
m 7 10 9
b 7
m 8 0 10
m 1 13 4
m 1 7 2
m 2 9 3
m 3 1 7
m 3 10 8
m 4 9 0
b 4
m 5 3 11
m 5 10 13
m 6 10 12
m 7 11 3
q 7
m 8 11 4
b 8

