B 7 7 6 8
m 1 2 1
m 1 0 2
m 2 3 2
m 2 4 6
b 2
m 3 1 1
m 4 5 3
m 5 1 6
m 5 2 5
m 6 6 3
m 6 3 6
g 6 5 2
m 1 0 3
m 1 1 2
m 2 6 3
m 3 3 4
f 3
p
m 4 5 3
m 4 2 0
m 5 4 2
m 5 3 0
m 6 5 4
m 1 6 5
m 1 5 3
m 2 5 3
q 2
m 3 1 1
m 3 4 3
m 4 2 2
m 4 6 0
m 5 1 0
m 6 4 6
m 6 3 1
f 6
m 1 3 2
m 1 2 2
m 2 3 2
m 3 4 2
m 4 0 1
m 5 0 5
m 5 0 5
f 5
p
m 6 6 0
m 6 3 0
q 6
m 1 6 2
m 1 1 0
q 1
m 2 5 1
m 3 5 3
m 3 0 1
m 4 3 2
m 5 6 1
m 6 3 3
m 1 4 1
m 1 3 5
m 2 5 6
m 2 2 6
m 3 2 5
m 3 3 1
b 3
m 4 5 4
m 4 6 5
m 5 0 4
m 5 1 1
m 6 4 1
m 1 6 6
m 1 2 6
b 1
f 1
m 2 5 1
m 2 4 0
p
m 3 5 0
m 4 3 1
b 4
m 5 3 1
f 6
m 1 6 6
m 2 4 6
b 2
m 3 5 5
m 3 0 2
b 4
q 4
m 5 3 1
m 6 0 0
q 6
m 1 4 1
q 1
m 2 4 2
m 2 6 4
m 3 4 6
m 3 6 0
m 5 4 4
m 5 0 6
m 6 3 2
m 1 5 4
b 1
f 1
m 2 4 2
m 4 4 1
m 5 2 5
m 5 6 4
m 6 4 1
m 1 5 1
m 1 1 0
q 1
m 2 5 0
m 3 5 4
m 4 5 2
m 4 6 3
q 4
m 5 5 1
f 5
g 5 5 5
m 6 4 2
m 1 3 0
m 2 4 1
m 2 0 6
q 2
m 3 6 2
f 3
m 4 5 1
m 5 2 5
g 5 3 4
m 6 5 4
m 6 2 3
m 1 4 2
m 1 6 3
m 2 3 1
q 2
m 3 3 1
m 3 0 3
m 4 4 5
m 5 3 1
m 6 3 1
m 1 5 1
m 2 3 1
m 3 4 1
m 4 0 3
m 5 4 1
m 6 3 1
m 1 5 1
m 1 1 0
m 2 4 2
m 2 3 6
q 2
m 3 3 1
m 4 5 3
m 4 6 4
m 6 5 5
f 6
g 1 4 4
m 2 3 6
m 2 0 2
q 2
m 3 4 1
b 3
q 3
m 4 1 6
m 5 5 1
f 5
m 6 2 6
m 1 4 1
m 1 1 2
m 2 5 4
m 2 2 2
b 2

