B 8 7 4 18
m 1 1 4
m 2 1 1
m 3 2 0
m 3 6 2
q 3
m 4 6 3
q 4
m 1 0 4
m 1 2 2
b 1
m 2 6 2
m 3 0 6
m 3 0 3
b 3
m 4 6 5
m 4 6 2
m 1 0 6
m 1 4 5
m 2 5 0
m 3 2 0
m 3 2 0
q 3
m 4 0 6
m 4 1 6
m 1 1 6
m 2 7 2
m 2 0 0
p
m 3 5 3
p
m 4 5 0
m 1 0 3
m 1 2 5
m 2 7 0
q 2
m 3 6 6
m 4 0 3
f 4
m 3 5 1
m 3 2 5
m 4 1 2
q 4
m 1 2 5
m 2 2 0
m 2 4 1
q 2
m 3 2 5
m 3 3 1
m 4 5 7
m 4 5 4
m 2 4 4
m 2 6 6
m 3 4 5
m 4 1 4
g 4 2 6
m 1 6 5
m 1 5 2
m 2 0 1
b 2
f 2
m 3 4 6
m 4 3 2
m 4 5 2
p
m 1 3 6
b 1
m 2 1 0
f 2
m 3 5 3
m 3 5 3
m 4 2 6
m 1 6 0
g 1 1 0
m 2 5 1
m 2 6 3
m 3 3 2
m 3 4 2
m 1 4 3
m 2 4 7
m 2 2 2
m 3 6 5
m 3 2 6
m 4 2 5
m 1 2 2
m 1 0 2
m 2 1 7
m 3 2 1
m 4 5 4
m 1 3 2
m 1 6 6
g 2 5 6
m 3 5 0
g 3 0 0
m 4 4 6
m 1 5 1
m 1 3 2
m 2 3 7
m 3 7 0
m 4 4 7
m 1 0 4
m 2 6 7
q 2
m 3 5 0
m 3 7 3
m 4 6 4
m 4 5 0
m 1 4 2
m 2 3 3
p
m 3 3 2
m 4 0 4
m 1 5 1
m 1 0 0
b 1
m 2 1 0
m 2 6 1
m 3 3 4
g 3 6 2
m 4 6 5
f 4
m 2 7 4
m 3 5 1
q 3
m 1 7 4
m 1 0 0
f 1
m 2 0 4
m 2 7 4
b 2
m 3 3 2
f 3
m 4 5 6
m 1 4 3
m 1 6 5
m 2 0 3
m 3 5 7
f 3
m 4 4 5
b 4
m 1 6 6
b 2
f 2
m 3 3 4
m 4 4 2
m 4 6 1
m 1 4 5
m 2 3 1
m 3 5 3
b 3
m 4 0 3
m 1 3 2
m 1 4 4
m 2 5 0
m 3 0 3
m 4 1 0
m 1 5 1
m 1 4 6
g 1 4 4
m 2 0 3
q 2
m 3 0 4
m 4 5 5
m 1 3 2
m 1 1 6
m 2 6 7
m 3 1 7
m 3 3 6
p
m 4 4 2
m 4 2 0
m 1 2 3
m 2 3 1
m 2 7 3
m 3 3 1
m 4 0 3
m 4 4 3
g 4 0 0
m 1 0 4
m 1 5 3
m 2 5 3
m 3 6 7
m 4 5 7

