B 7 4 5 6
m 1 0 2
m 1 5 3
f 1
m 2 3 0
m 2 2 3
m 3 0 1
m 4 2 1
m 4 3 3
m 5 5 3
b 5
m 2 0 4
m 2 6 0
p
m 3 2 3
p
m 4 0 0
m 5 4 2
b 5
m 1 3 4
m 2 1 5
m 2 3 0
m 3 1 3
m 4 1 1
m 4 4 1
m 5 2 3
m 1 3 3
m 1 5 2
m 2 1 5
m 3 3 6
m 4 1 5
m 4 6 0
m 5 1 6
m 5 0 0
m 1 3 0
m 1 0 0
f 1
p
m 3 2 2
m 3 0 0
m 4 0 2
m 5 1 3
b 5
m 1 0 1
m 1 4 2
m 2 6 3
m 2 6 1
m 3 0 5
f 3
m 4 3 0
m 5 0 1
m 1 2 2
m 2 2 3
m 3 1 5
q 3
m 4 2 3
m 4 5 1
m 5 3 4
m 2 2 3
m 2 0 0
m 3 1 1
m 4 0 1
q 4
g 4 1 0
p
m 5 3 2
m 5 6 0
b 5
m 1 0 5
m 1 5 3
m 2 0 5
m 3 2 6
m 4 0 1
m 4 6 2
m 5 3 4
b 5
m 1 0 5
m 2 0 4
m 2 5 3
f 2
m 3 0 5
q 3
m 4 0 1
f 4
m 5 3 1
m 1 5 2
m 2 0 2
m 2 2 1
m 3 5 0
q 3
m 4 1 1
m 5 0 1
m 5 0 2
m 1 3 4
m 1 3 0

