B 5 5 5 6
m 1 1 1
p
m 2 1 1
m 2 2 3
m 3 4 4
m 4 0 3
q 4
m 5 4 2
m 5 0 0
b 5
f 5
m 1 0 2
g 1 3 2
m 2 4 1
m 2 2 2
b 2
q 2
m 3 4 1
m 4 2 1
m 1 2 1
m 1 4 1
m 2 0 3
m 2 1 3
f 2
m 3 1 4
q 3
m 4 0 2
m 5 1 3
m 5 1 0
m 2 3 4
m 2 4 0
m 4 3 2
m 5 3 4
m 5 3 2
m 1 3 4
m 2 2 1
m 2 3 0
m 3 3 4
m 4 2 1
m 5 0 0
m 1 0 2
m 2 2 3
m 3 1 3
m 3 4 1
m 4 3 4
m 5 2 1
f 5
m 1 4 2
m 2 3 3
m 3 1 3
m 3 0 1
m 4 2 1
f 4
m 5 1 0
m 1 2 1
m 1 2 3
p
m 2 3 4
m 3 4 0
f 4
m 5 4 2
m 5 2 0
m 1 2 3
m 2 3 4
m 2 3 3
m 3 3 4
m 4 2 1
m 4 2 4
q 4
m 5 3 4
m 1 4 0
m 2 1 3
m 4 1 0
m 4 4 2
m 5 1 3
m 5 0 4

