B 6 8 4 8
m 1 5 4
m 2 4 4
m 3 1 5
m 3 1 0
m 4 1 5
q 4
m 1 1 2
q 1
g 1 4 4
m 2 5 4
m 2 0 4
f 2
m 3 7 3
m 3 0 1
f 3
m 4 7 3
m 1 6 1
m 1 5 3
b 1
m 2 1 6
m 3 2 0
m 1 1 2
b 1
q 1
m 2 0 5
m 2 3 3
m 3 4 2
m 3 3 0
m 4 1 1
m 4 2 7
g 4 5 0
m 1 1 5
m 1 2 1
p
m 2 6 3
f 2
m 3 0 0
m 4 5 2
m 4 1 6
m 1 0 5
m 1 2 7
f 1
m 2 7 0
f 3
m 4 2 0
m 2 0 5
m 3 3 4
m 4 1 2
m 1 5 5
q 1
m 2 1 5
m 2 2 6
m 3 1 7
m 4 0 6
m 4 0 6
q 4
m 1 0 5
m 1 1 3
q 1
m 2 0 4
m 2 0 0
p
m 3 4 2
g 3 5 5
m 4 2 6
m 1 0 5
m 2 4 6
m 3 0 4
m 4 1 6
m 4 4 4
m 1 6 5
m 1 3 5
m 2 6 3
m 2 1 6
m 3 3 0
m 3 4 0
m 4 4 2
m 4 2 2
m 1 5 2
m 2 3 2
m 2 1 4
m 3 5 2
m 3 0 7
m 4 4 2
m 1 5 3
m 2 5 2
m 2 1 4
m 3 1 3
m 3 3 7
b 3
f 3
m 4 6 5
m 4 4 5
m 1 1 0
m 2 4 2
m 2 4 5
m 3 7 5
q 3
m 4 1 4
m 4 0 3
m 1 4 2
m 2 7 5
m 3 2 7
m 4 3 5
p
m 1 2 0
m 1 0 7
m 2 4 2
p
m 3 1 4
m 3 3 2
m 4 5 2
m 4 0 4
m 1 1 5
f 1
m 2 4 2
m 3 3 4
q 3
p
m 4 7 4
m 1 3 4
m 2 1 7
f 3
q 3
m 4 0 1
m 4 2 1
f 4
q 1
m 2 6 5
m 2 5 1
m 3 5 4
b 3
f 3
m 4 4 6
m 4 1 0
b 4
f 4
m 1 5 2
m 1 5 4
m 2 5 2
q 2
m 3 0 2
m 3 2 4
m 4 0 3
m 1 1 3
m 1 2 4
p
m 2 2 5
b 2
m 3 6 3
p
m 4 1 3
m 1 5 4
m 2 1 4
m 2 5 0
m 3 1 4
m 3 3 5
b 3
m 4 2 3
b 4
f 4
m 1 3 4
m 2 3 4
m 2 4 0
b 2
m 4 1 5
m 2 7 4
m 2 0 4
b 2
m 3 0 2
m 4 1 3
m 4 4 3

