B 4 12 4 8
m 1 3 1
m 1 1 1
m 2 1 5
m 3 3 4
m 4 1 6
b 4
f 4
g 4 4 3
m 1 0 8
m 2 0 2
m 2 1 9
b 2
m 3 1 6
m 4 3 11
m 4 0 11
m 1 1 3
f 1
m 2 2 7
m 2 1 5
f 2
m 3 1 5
m 4 6 2
q 4
m 1 5 3
f 1
m 2 7 0
m 2 1 9
m 3 3 10
m 4 8 1
f 4
q 4
m 1 7 1
m 3 8 2
b 3
m 4 3 11
m 1 8 3
m 1 1 7
m 2 3 6
g 2 4 3
m 3 2 8
p
m 4 7 3
b 4
m 1 0 5
q 1
m 2 5 2
f 2
m 3 2 1
m 3 2 4
m 4 2 8
m 4 0 9
m 1 2 1
m 2 3 3
m 3 4 1
q 3
m 4 3 2
m 4 0 6
m 1 7 0
m 2 6 2
p
m 3 2 6
f 3
p
m 4 0 3
m 4 3 9
m 1 10 0
m 1 2 0
g 1 9 1
m 2 3 2
f 2
m 3 7 0
m 3 1 4
b 3
q 3
m 4 9 2
f 4
m 1 2 8
m 1 2 5
m 2 0 7
m 3 0 1
m 3 1 2
f 3
q 3
m 4 10 2
m 1 9 2
m 2 2 2
m 2 0 5
f 2
m 3 8 3
m 3 0 3
g 3 2 3
m 4 0 3
m 4 1 6
m 1 0 3
m 1 0 1
m 2 2 4
m 2 2 10
p
m 3 1 1
m 3 2 3
b 4
m 1 9 2
m 1 1 6
m 2 4 0
b 3
m 4 10 2
m 1 1 1
m 3 8 3
m 4 0 5
f 4
m 1 8 3
m 1 1 10
m 2 1 5
m 2 0 7
m 3 0 0
m 4 1 9
p
m 1 4 0
m 1 2 3
g 1 3 0
m 2 8 3
m 3 10 0
m 3 3 0
m 4 4 0
m 1 7 3
m 1 1 9
f 1
m 2 1 0
m 2 3 7
q 2
m 3 10 1
q 3
m 4 9 2
m 4 0 7
p
m 1 0 1
m 2 0 0
m 2 2 6
m 3 1 4
m 3 0 6
p
m 4 11 1
m 4 2 0
m 1 0 4
m 2 0 5
m 2 0 1
m 3 3 1
q 3
m 4 8 3
m 4 0 7
m 1 11 2
m 1 1 0
b 1
m 2 3 11
m 2 1 2
m 3 0 1
q 3
m 4 0 4
m 1 5 3
m 2 9 2
m 3 11 2
m 3 2 4
m 4 0 6
b 4
q 4
b 1
f 1
m 2 2 3
m 3 8 3
m 3 3 2
q 3
m 4 3 4
m 4 0 8
m 1 2 9
b 1
m 2 2 0
m 3 10 2
m 3 1 2
p
m 4 10 1
m 4 2 2

