B 9 7 6 9
m 1 5 1
m 1 1 3
q 1
g 1 2 1
m 2 3 4
m 3 4 0
m 4 3 3
m 4 4 6
m 5 2 7
m 6 8 4
p
m 1 4 1
m 2 3 5
m 3 3 5
q 3
m 4 0 5
m 5 4 2
m 5 6 0
m 6 3 2
m 1 1 3
m 1 0 4
m 2 6 6
m 2 3 2
m 3 1 1
m 3 4 1
b 3
m 4 0 1
f 4
q 4
m 6 5 2
m 6 3 2
m 1 4 1
m 1 1 0
m 2 3 3
m 2 3 1
g 2 4 3
m 3 6 0
m 4 7 0
m 4 8 1
b 4
m 5 0 0
q 5
q 6
m 1 6 1
m 1 2 0
m 2 1 1
m 3 2 0
m 3 1 1
q 3
m 4 1 7
m 4 1 5
m 5 0 5
m 5 1 5
b 5
m 6 4 4
m 6 6 2
m 1 3 0
m 2 3 4
m 2 0 3
m 3 2 7
b 3
m 4 1 2
m 4 5 6
q 4
m 5 6 1
m 6 0 5
m 1 5 4
f 2
g 3 0 7
m 4 4 6
q 5
m 6 2 7
m 6 0 3
m 1 5 8
m 1 1 6
m 2 5 6
m 2 6 4
m 3 0 6
b 3
m 4 4 1
m 4 0 0
b 4
m 6 6 7
m 6 8 3
m 1 6 7
m 1 6 5
p
m 2 3 2
m 3 2 5
m 4 4 7
b 4
f 4
q 4
m 5 4 5
m 6 3 4
q 6
f 1
m 2 1 6
m 3 0 8
b 3
m 4 0 4
m 4 4 1
p
m 5 0 5
m 5 8 0
m 6 5 8
m 1 5 6
m 1 1 1
m 2 5 8
m 3 6 7
m 3 5 4
m 4 2 0
m 4 5 2
f 4
m 5 1 4
m 5 6 3
m 6 3 2
m 6 0 5
m 1 2 7
m 1 4 0
m 2 5 8
m 3 6 6
f 3
q 3
m 4 2 5
f 4
m 5 2 2
p
m 6 3 6
p
m 1 5 5
m 1 0 3
f 1
m 2 4 7
m 2 8 5
b 2
m 3 7 1
b 3
g 3 3 1
m 4 3 2
m 4 8 0
g 4 2 3
m 5 6 6
m 6 5 3
m 6 3 6
g 6 3 6
m 1 3 4
m 1 2 0
m 2 3 7
m 2 7 1
m 3 2 0
m 3 7 4
f 3
f 4
m 5 2 8
m 6 6 2
m 1 4 4
m 2 6 7
f 2
m 3 0 5
m 3 8 2
m 4 3 2
m 4 6 1
m 5 4 6
m 6 4 3
m 1 2 0
m 2 3 2
m 2 8 2
q 2
m 3 2 0
m 3 8 1
m 4 2 7
m 5 4 2
m 6 6 2
m 1 7 2
m 1 4 4
m 2 0 5
m 2 5 2
b 2
m 3 5 4
q 4
m 5 0 5
m 5 4 4
m 6 6 7
m 6 4 4
m 1 2 6
m 1 1 2
q 1
m 2 6 7
m 3 6 7
m 3 1 2
m 4 6 7
m 4 5 5
g 4 5 5
q 5
m 6 5 0
m 1 1 2
m 1 8 5
m 2 4 2
m 2 1 2
m 3 3 4
m 4 6 7
m 4 7 3
m 5 3 2
f 5
m 6 7 0
m 6 2 6
m 1 5 4
q 1
m 2 8 3
m 3 5 7
b 3
f 3
m 4 2 0
m 4 7 6
m 5 5 7
m 5 4 2
m 6 5 7
m 6 1 0
m 1 3 5
m 2 5 7
m 3 8 4
m 3 0 3
m 6 6 8
m 6 7 4

