B 6 6 2 18
m 1 4 1
m 2 5 3
m 2 5 5
b 2
m 1 0 5
m 2 5 4
m 1 1 3
m 1 4 5
m 2 5 3
m 1 0 5
m 2 0 1
m 1 3 4
m 1 2 1
m 2 1 1
m 1 2 4
m 1 2 4
q 1
m 2 0 4
m 2 4 5
m 1 0 2
f 1
m 2 0 1
m 2 5 1
m 1 5 3
p
m 2 3 4
m 1 3 4
m 2 3 4
m 1 2 3
m 2 3 3
b 2
q 2
m 1 2 5
m 1 4 4
f 1
m 2 1 3
m 2 5 3
m 1 5 3
m 2 2 1
m 1 5 1
m 1 2 0
b 1
g 1 3 5
p
m 2 3 0
q 2
m 1 2 5
m 1 5 3
m 2 0 0
q 2
m 1 0 5
m 2 3 4
m 2 5 2
b 2
m 1 3 0
m 2 4 3
b 2
m 1 2 2
m 2 1 3
m 1 2 1
m 2 2 3
m 2 1 3
m 1 2 3
m 2 3 4
m 2 0 3
m 1 3 0
m 1 5 2
f 1
m 2 1 2
m 1 4 1
m 1 3 1
m 2 2 4
m 2 4 0
b 2
m 1 0 1
b 1
m 2 5 1
p
m 1 0 5
m 1 5 2
m 2 0 5
g 1 0 0
m 2 2 5
m 2 3 2
m 1 5 1
m 2 2 4
m 2 0 0
m 1 0 1
m 1 5 3
g 1 4 5
m 2 2 4
m 2 5 1
b 2
m 1 4 1
m 2 5 3
m 2 5 0
b 2
m 1 4 4
m 2 2 4
m 1 4 4
m 2 1 4
m 1 1 3
b 1
m 2 5 5
m 1 5 3
m 1 3 4
m 2 5 5
m 2 0 0
m 1 0 0
f 2
m 1 1 1
m 1 0 0
f 1
m 2 3 3
m 1 2 4
m 2 2 4
m 2 3 3
m 1 0 1
b 1
m 2 5 3

