B 9 7 2 48
m 1 1 2
q 1
m 2 8 5
m 1 2 4
m 2 3 2
m 1 1 0
m 1 6 0
f 1
q 1
m 2 1 0
q 2
m 1 5 7
m 2 5 2
m 2 7 4
m 1 0 5
m 1 1 5
m 1 7 5
m 1 1 4
m 1 4 3
f 1
m 2 3 1
m 1 3 6
m 2 4 4
p
m 1 3 2
m 1 6 6
b 1
m 2 2 8
b 2
q 2
m 1 4 3
m 1 4 1
b 1
f 1
p
m 2 0 3
m 2 3 2
g 2 4 2
m 1 1 6
m 2 5 3
m 2 8 2
m 1 0 5
m 1 1 6
m 2 4 8
f 2
m 1 2 2
m 1 2 5
m 2 1 8
m 2 8 0
q 2
m 1 2 6
q 1
m 1 0 2
m 2 3 0
m 2 7 0
b 2
m 1 4 3
m 1 1 0
b 1
p
m 1 3 3
m 1 0 1
m 2 1 1
b 2
m 1 2 4
m 2 5 2
g 2 2 2
m 1 3 8
m 2 8 1
m 1 1 4
m 2 5 4
m 2 7 1
q 2
m 1 4 3
m 1 7 4
m 2 1 6
m 2 0 4
m 2 2 1
m 1 5 3
m 2 0 3
g 2 6 2
m 1 2 4
m 2 4 4
m 1 8 5
f 1
q 1
g 1 1 2
m 2 6 5
m 2 8 2
b 2
m 1 4 6
m 2 1 6
b 2
q 2
m 2 1 5
q 2
m 1 8 5
m 1 1 2
m 2 4 6
m 1 3 7
f 1
m 2 6 7
m 1 3 2
m 1 1 6
m 2 0 0
m 2 0 3
m 1 3 8
m 1 8 5
m 2 6 4
m 2 1 0
f 2
q 2
m 1 2 1
f 1
m 2 6 5
m 1 5 5
b 1
m 2 3 0
m 2 8 0
b 2
m 1 2 0
m 1 2 0
m 2 1 2
m 1 6 5
m 1 0 5
m 2 1 6
m 2 1 1
m 2 0 6
m 2 5 1
m 1 3 1
m 2 8 1
m 1 0 4
m 2 8 4
q 2
m 1 1 6
m 2 0 1
m 1 3 8
m 2 6 7
m 2 6 6
f 2
m 1 4 6
m 1 5 6
m 2 0 5
p
m 2 6 7
f 2
m 1 1 6
m 1 5 0
m 2 3 8
m 2 7 3
m 1 6 7
m 1 0 1
m 2 4 2
m 2 4 3
b 2
m 1 2 1
p
m 2 3 8
b 1
m 2 3 8
f 2
m 1 3 1
q 1
m 2 3 6
b 2
m 1 5 3
m 2 6 7
m 2 5 2
m 1 1 6
m 1 8 5
f 1
m 2 1 6
m 1 6 0
m 1 1 2
m 2 3 2
m 2 4 6
m 1 6 2
m 1 1 1
m 2 4 2
m 1 0 1
p
m 2 5 3
m 2 2 0
b 2
m 1 3 2
m 1 2 4
f 1
m 2 8 6
m 2 0 6
f 2
m 1 4 3
m 2 4 3
m 1 5 3
m 1 8 4
m 2 2 3
m 2 8 2
m 1 5 4
m 2 6 5
b 2
m 1 2 2
m 2 4 3
m 2 7 0
m 1 0 6
m 1 5 0
m 2 4 3
m 1 7 3
m 2 4 3
m 1 1 6
m 1 7 2
m 2 5 3
m 2 5 3
m 2 8 2
m 2 5 3
m 1 7 2
m 2 3 8

