B 8 9 7 10
m 1 7 6
m 1 4 0
b 1
m 2 0 0
m 2 2 8
m 3 3 6
m 3 0 7
g 3 6 7
m 4 5 0
m 5 1 5
m 6 5 0
m 7 7 7
m 1 3 7
m 2 1 7
m 2 7 0
g 2 6 3
m 3 3 1
m 5 5 0
m 5 2 1
m 6 1 5
m 7 3 5
b 7
m 1 5 4
m 1 4 8
m 2 0 2
q 2
m 3 5 0
m 3 0 3
p
m 4 1 7
m 5 3 3
m 5 7 1
m 6 2 5
q 6
m 7 8 5
m 1 7 7
m 1 4 3
p
m 2 2 7
m 3 7 3
m 3 2 3
m 5 8 7
m 5 3 0
p
m 7 6 2
m 7 7 8
b 7
m 1 1 5
m 2 4 4
m 3 2 0
m 3 2 7
m 4 4 3
m 4 4 1
m 5 8 6
m 6 8 5
q 6
m 7 0 2
m 7 7 1
m 2 6 5
m 2 3 8
m 3 2 1
m 4 5 5
m 4 5 1
m 5 2 3
m 6 0 1
m 6 2 1
m 7 3 6
f 7
q 7
g 7 5 2
m 1 3 0
m 1 4 0
m 2 2 3
f 2
m 3 7 6
m 3 5 8
f 3
m 4 2 3
m 4 2 4
m 5 0 1
m 6 2 7
m 6 3 3
m 7 0 6
m 7 4 5
g 7 8 3
m 1 3 5
f 1
q 1
m 2 2 7
m 2 4 1
m 3 4 7
m 4 2 0
m 5 5 5
m 5 4 0
m 6 8 6
f 6
m 7 2 2
m 7 3 1
m 1 3 1
m 1 0 8
f 1
m 2 0 1
m 3 4 5
f 3
m 4 8 1
m 5 2 5
m 6 2 8
m 6 4 6
m 7 2 1
m 7 2 0
f 7
m 1 1 5
m 1 4 3
q 1
m 2 6 1
f 2
m 3 8 1
q 3
m 4 8 6
m 5 2 4
m 5 6 8
q 6
m 7 4 1
m 7 6 2
q 7
m 1 2 6
m 2 2 1
m 3 5 7
m 3 4 6
m 4 3 5
m 4 5 2
m 5 5 4
q 6
m 7 7 1
b 7
q 7
m 1 5 6
g 1 0 7
b 2
q 2
m 3 2 8
m 3 1 0
q 4
m 5 1 0
m 6 2 2
m 6 7 3
m 7 2 7
m 7 5 3
m 1 0 8
m 1 7 3
m 2 7 6
b 2
m 3 6 6
m 4 4 3
m 5 0 6
p
m 6 3 3
m 7 3 1
m 1 7 6
m 1 2 0
m 2 6 1
m 3 3 6
f 3
m 4 2 1
m 4 7 2
m 5 2 1
f 5
m 6 1 1
m 6 4 4
q 6
m 7 3 1
m 1 3 6
m 2 5 7
m 2 5 8
m 3 4 7
m 3 1 7
b 3
m 4 6 1
m 4 2 8
m 6 4 6
m 6 7 6
m 7 5 8
m 1 5 0
m 1 3 5
m 2 5 3
q 3
m 4 0 1
m 4 0 2
m 5 5 0
m 5 5 3
f 5
p
b 6
p
m 7 3 1
m 7 2 7
f 7
m 1 1 7
m 1 7 0
g 1 0 1
p
m 3 4 1
m 3 4 4
m 4 0 0
m 4 3 2
f 4
m 5 5 0
m 6 0 6
m 6 7 6
m 7 2 1
m 7 3 0
g 7 3 4
m 1 4 3
m 2 4 6
m 2 0 0
q 2
p
m 3 4 7
m 3 4 3
q 3
m 4 2 5
f 4
m 5 1 2
m 6 2 6
m 6 6 4
m 7 8 1
m 1 7 3
m 1 3 1
m 2 4 3
m 2 2 7
m 3 6 7
m 3 5 4
m 4 4 7
m 5 2 4
m 5 4 7
b 5
m 6 5 7
m 6 1 5
m 7 4 0
m 7 2 3
g 7 2 6
m 2 5 0
m 2 3 5
m 3 0 6
m 3 5 0
b 3
m 4 6 1
m 4 3 4
m 5 1 1
m 6 3 6
m 7 2 4
m 7 2 3
b 7
m 1 5 6
m 2 8 1
m 2 3 3
m 3 3 1
m 4 0 1
m 4 5 1
q 4

