B 18 16 4 54
m 1 12 8
m 1 6 12
m 2 17 1
m 3 3 15
m 4 12 3
m 4 17 2
q 4
m 1 0 15
m 1 9 12
f 1
p
f 3
m 4 10 11
m 4 9 12
m 1 10 16
m 1 8 3
m 2 14 8
q 2
m 3 15 12
m 3 7 10
b 3
f 3
m 4 14 0
m 4 14 1
m 1 9 9
m 2 5 14
f 2
m 3 11 11
m 4 12 9
m 4 1 8
m 1 3 1
b 2
m 3 11 14
m 4 6 12
m 1 5 9
m 2 12 4
m 2 12 0
m 3 12 11
f 3
m 4 9 0
f 4
q 4
m 1 15 5
m 1 2 1
m 2 5 10
m 2 9 9
m 3 3 4
m 3 16 6
m 4 11 0
m 4 17 3
m 1 1 0
m 1 0 10
b 1
m 2 10 15
q 2
f 3
m 1 9 15
m 1 6 9
f 1
g 1 11 11
m 2 1 10
m 2 13 5
m 3 1 6
m 3 14 1
m 4 6 15
f 2
m 4 0 3
m 4 8 5
m 1 11 13
q 1
m 2 14 3
m 3 8 11
p
m 4 13 7
f 4
m 1 8 8
m 2 7 4
m 3 0 10
b 3
q 3
m 4 2 12
m 1 2 7
m 2 3 16
m 3 6 6
m 4 5 2
m 1 15 12
m 2 13 3
m 3 14 8
m 3 3 1
m 4 5 6
p
m 1 7 15
m 1 15 2
m 2 4 4
m 2 11 7
m 3 8 7
m 3 2 12
b 3
m 1 16 10
f 1
m 2 1 0
m 2 13 2
f 2
m 3 6 7
q 3
m 4 13 9
b 4
f 4
m 1 12 5
m 1 11 3
f 1
q 1
m 2 8 0
m 3 0 6
m 4 2 12
m 4 14 0
m 1 15 5
m 1 9 3
p
m 2 14 1
m 2 2 1
b 2
f 2
m 3 8 16
m 4 4 2
f 4
m 1 1 8
f 1
g 1 14 5
m 2 5 4
m 3 9 10
f 3
m 4 12 13
m 4 9 14
p
m 1 15 16
m 1 5 6
f 1
m 2 17 4
m 2 5 8
p
m 3 10 12
m 3 13 11
q 3
m 4 5 5
m 4 11 9
p
m 2 4 14
m 3 10 17
m 3 5 15
q 3
m 4 6 8
m 4 1 5
g 4 1 17
m 1 11 9
m 1 4 5
m 2 14 17
m 2 13 9
b 2
m 3 13 0
m 3 4 6
f 3
m 4 1 13
m 1 14 0
m 1 16 4
m 2 9 0
f 2
q 2
m 3 0 15
m 3 1 12
p
m 4 15 15
m 4 15 8
m 1 13 9
m 2 12 8
m 2 4 9
m 4 2 10
m 4 5 7
m 1 13 16
m 1 14 8
b 1
q 1
m 2 2 10
m 3 11 4
m 3 7 3
p
m 4 3 10
m 1 2 12
m 1 1 4
m 2 11 17
m 2 2 0
q 2
m 3 8 10
q 3
m 4 6 17
m 4 16 3
m 1 7 12
m 1 12 13
f 1
m 2 1 8
m 3 11 9
q 3
m 1 10 10
g 1 1 6
m 2 11 3
m 3 6 12
m 3 6 15
m 4 10 7
m 1 12 14
m 1 17 2
g 1 3 14
m 2 5 11
m 3 1 9
m 3 16 12
m 1 11 4
m 2 0 15
m 2 16 4
m 3 3 15
m 1 11 1
f 2
q 2
m 3 2 3
m 4 12 8
g 4 6 16
m 1 2 2
m 2 13 5
b 2
f 3
m 4 7 4
m 1 14 10
b 1
m 2 3 13
m 3 11 16
m 3 10 5
g 3 10 14
m 4 13 10
m 4 9 12
m 1 3 4
f 1
m 2 7 16
m 3 11 16
m 3 10 12
m 4 15 16
m 4 2 15
m 1 14 14
m 1 4 1
m 2 14 6
m 3 0 2
m 4 0 4
m 4 4 6
m 1 12 9
m 1 15 4
q 1
m 2 1 11
m 2 14 13
m 3 3 6
p
m 4 14 13
f 4
m 1 15 16
m 1 14 10
f 1
m 2 6 8
m 2 3 3
q 2
m 3 3 14
m 3 10 10
m 4 8 8
q 4
m 1 7 8
b 1
m 2 14 0
m 2 8 11
m 3 7 16
m 3 14 1
m 4 1 5
b 4
m 1 0 4
q 1
m 2 13 5
g 2 5 10
m 3 10 4
m 3 5 2
q 3
m 4 6 1
m 4 3 14
m 1 16 4
m 1 0 4
b 1
m 2 0 15
m 2 4 11
f 2
m 3 10 11
m 3 4 1
m 4 11 14
p
m 1 2 14
m 2 6 2
m 2 10 1
m 3 2 8
m 4 12 11
m 4 15 3
b 4
f 4
q 4
m 1 12 5
m 1 0 4
q 1
m 2 8 4
m 2 10 12
f 2
m 3 17 7
m 3 5 9
m 4 4 3
m 1 2 7
m 1 9 14
b 1
g 1 15 3
m 2 15 13
q 2
m 3 11 11
q 3
m 4 6 13
m 1 11 15
m 1 3 13
m 2 12 14
m 2 14 1
m 3 7 7
m 3 11 2
q 3
m 4 13 16
m 1 13 12
m 1 13 14
m 2 1 9
b 2
q 2
m 3 14 16
m 4 12 12
m 4 6 4
m 1 15 14
m 1 16 4
m 2 12 8
m 3 14 6
m 3 4 15
p
m 2 4 13
b 2
m 4 2 7
m 4 11 8
m 1 5 0
m 2 14 17
m 2 2 7
m 3 1 7
m 3 12 6
m 4 12 0
m 1 0 6
m 2 1 1
m 3 5 6
m 1 15 8
m 1 1 6
b 1
m 2 2 10
m 3 14 10
m 3 6 12
m 4 11 15
m 1 17 6
m 2 9 0
m 2 11 1
f 2
m 3 8 9
q 1
p
m 2 13 12
m 3 10 17
q 3
m 4 7 3
p
m 1 13 7
m 1 12 5
b 1
m 2 0 0
m 2 17 4
b 2
f 2
m 3 4 6
m 3 13 4
m 4 15 17
m 4 6 2
m 1 13 5
m 1 13 9
m 2 10 5
m 2 0 8
m 3 1 5
q 3
p
m 4 14 7
m 1 1 9
m 1 4 13
m 2 0 4
f 2
m 3 0 17
m 4 0 11
m 1 11 1
m 1 0 4
m 2 14 9
m 2 7 6
f 2
m 3 2 8
m 4 7 16
m 4 4 1
m 1 13 0
m 1 3 9
m 2 1 16
b 2
m 3 8 13
m 3 2 14
f 3
m 4 13 10
b 4
m 1 8 3
m 2 10 11
m 2 10 11
m 3 0 1
q 3
m 4 6 10
q 4
g 4 4 4
m 1 5 2
m 1 9 11
q 1
m 2 1 16
m 2 5 13
m 3 13 16
m 4 12 13
m 1 9 10
q 1
m 2 2 14
m 3 4 8
m 3 7 12
q 3
m 4 8 11
q 4
m 1 14 10
q 2
m 3 0 4
m 3 8 8
m 4 1 13
m 1 14 8
m 1 10 13
b 1
m 2 2 14
g 2 2 15
m 3 3 1
m 3 4 7
f 3
m 4 1 11
m 4 13 12
b 4
b 1
p
m 2 14 5
m 3 17 12
b 3
m 4 2 11
m 4 16 4
m 1 0 10
m 1 11 7
f 1
m 2 15 16
f 2
q 2
p
b 4
m 1 10 15
m 2 14 6
m 3 7 13
m 3 11 14
q 3
m 4 12 0
m 4 7 6
m 1 2 7
b 1
q 1
m 2 2 7
m 2 10 6
m 3 12 4
g 3 15 10
m 4 8 6
m 4 13 2
m 1 5 11
m 1 14 14
f 1
m 2 7 15
m 2 5 7
b 2
q 2
p
m 3 6 2
m 4 7 12
m 1 8 10
m 1 6 5
m 2 8 8
m 2 14 15
m 3 4 14
m 3 9 2
m 4 0 4
m 4 1 7
p
m 1 6 9
m 2 6 14
m 3 10 3
m 3 3 4
b 3
g 3 3 13
m 4 15 8
m 1 11 3
m 1 9 12
m 2 11 3
b 2
m 3 2 12
m 4 14 15
m 1 2 14
m 2 9 15
m 3 2 3
m 3 5 12
f 4
m 1 1 9
b 1
m 3 2 16
b 4
m 1 12 4
f 1
m 2 0 15
m 2 10 15
p
m 3 1 8
m 3 6 14
f 3
m 4 12 3
m 1 1 5
m 2 10 17
m 2 2 8
m 3 5 6
f 3
m 4 5 9
m 1 0 6
m 1 1 14
m 2 5 9
m 3 6 3
b 3
m 4 5 9
m 1 11 12
m 2 3 9
q 2
m 3 9 10
m 3 1 0
m 4 10 0
b 4
m 1 6 15
g 1 8 15
m 2 3 5
m 2 6 0
f 2
m 3 1 12
m 3 9 6
g 3 12 7
m 4 6 12
b 4
q 4
m 1 1 9
m 1 10 5
m 2 5 7
m 2 7 6
b 2
m 3 9 17
q 3
m 4 17 13
m 4 11 5
m 1 13 0
m 1 12 6
f 1
p
m 2 17 0
b 2
p
m 3 9 2
m 3 0 2
m 4 2 14
m 4 12 4
q 4
m 1 1 13
m 1 8 7
m 2 5 17
m 3 13 0
m 3 11 6
m 4 0 4
m 4 8 9
f 4
m 1 11 7
m 1 7 9
m 2 3 4
m 2 6 4
m 4 17 4
m 1 0 14
m 1 14 6
m 2 6 5
m 2 12 15
f 2
m 3 1 12
q 3
m 4 8 3
m 4 17 2
m 1 1 12
m 2 17 6
m 3 14 10
m 3 17 1
m 4 1 15
m 1 4 4
m 1 5 14
m 2 10 17
m 2 15 0
m 3 7 0
m 4 10 13
m 4 2 3
m 1 1 16
m 1 2 2
m 2 8 11
m 2 17 11
f 2
m 3 8 13
b 3
m 4 13 13
m 1 14 17
m 1 15 3
m 2 1 7
m 3 7 16
m 3 14 13
m 4 9 15
m 4 16 12
m 1 5 2
m 1 0 9
m 2 0 6
m 3 5 4
m 4 5 9
m 1 11 16
m 2 1 13
q 2
m 3 13 10
m 3 1 15
b 3
m 4 7 0
m 1 7 8
m 1 6 5
m 2 5 16
m 3 11 7
m 3 13 0
m 4 2 14
q 4
m 1 7 15
m 1 6 4
q 1
m 2 14 10
m 2 4 5
m 3 7 0
m 3 10 12
m 4 1 9
m 1 7 7
m 2 9 10
m 2 11 4
q 2
m 3 9 6
m 4 13 7
m 4 9 7
m 1 2 10
m 1 7 7
m 2 4 11
m 3 11 7
m 3 17 0
b 3
f 3
m 4 2 1
m 4 14 2
q 4
g 4 6 15
m 1 10 4
m 1 7 3
m 2 0 11
b 2
m 3 5 9
f 3
m 4 13 0
m 4 4 9
b 4
p
m 1 0 16
m 1 13 1
p
m 2 2 10
m 3 3 5
m 4 13 9
m 4 14 3
m 1 15 16
m 1 6 1
m 2 3 1
m 2 13 3
m 3 0 16
p
m 4 2 8
m 4 3 15
m 1 1 5
m 1 8 1
m 2 5 2
m 3 10 12
m 3 10 6
m 4 5 7
m 4 15 10
f 4
m 1 17 12
f 1
m 2 5 8
m 3 1 0
m 3 3 13
f 3
m 4 1 16
m 4 5 0
m 1 9 16
m 1 4 4
m 2 2 7
m 2 1 15
m 3 15 13
m 4 11 15
m 4 9 13
m 1 15 17
p
m 2 2 3
f 2
g 2 11 6
m 3 6 2
m 4 0 4
m 4 0 10
m 1 1 8
m 1 1 7
f 1
g 2 8 4
m 3 5 17
m 4 4 7
m 4 10 0
m 1 2 7
m 1 8 13
f 1
m 2 8 15
m 2 12 6
b 2
m 3 9 3
m 4 2 1
b 1
m 2 11 7
m 2 3 5
q 2
m 3 12 1
m 4 16 1
m 1 5 8
m 1 7 4
m 2 0 15
m 2 12 13
m 3 3 1
m 3 6 3
m 4 6 15
m 4 5 13
f 4
m 1 16 7
m 1 13 15
f 1
m 2 7 12
q 2
m 3 12 4
m 3 15 0
f 3
m 4 13 0
m 4 0 7
m 1 12 8
m 1 17 6
b 1
m 2 13 11
f 2
m 3 14 10
m 3 8 2
m 4 7 1
m 4 4 6
m 1 12 14
m 1 8 2
m 2 2 16
q 2
m 3 12 8
q 3
m 4 12 3
m 4 6 6
m 1 7 4
m 1 15 9
f 1
m 2 2 14
m 3 12 4
m 3 5 10
m 4 15 16
m 4 16 11
g 4 4 15
m 1 1 5
m 1 1 3
m 2 11 3
m 2 3 12
m 3 5 16
m 3 10 15
m 4 0 4
m 1 8 13
m 1 9 8
m 2 17 15
m 2 16 14
m 3 11 10
m 4 0 3
m 4 15 12
m 1 1 5
m 2 7 12
m 2 6 10
m 3 5 16
m 3 16 15
m 4 3 4
m 4 10 2
b 4
m 1 14 17
m 2 16 12
m 3 8 3
m 3 15 0
q 3
m 4 4 14
m 1 1 9
m 2 12 4
m 3 6 15
m 4 13 1
m 4 13 3
m 1 9 12
m 1 12 8
m 2 4 2
m 2 0 8
m 3 4 9
m 3 2 14
g 3 5 8
m 4 14 4
m 4 12 0
m 2 3 11
m 2 13 6
m 3 4 9
m 3 0 14
m 4 2 2
m 1 9 17
m 1 8 2
m 2 8 10
m 3 0 3
m 3 6 4
m 4 10 4
m 4 10 15
m 1 14 1
m 1 14 13
m 2 9 16
m 2 0 7
m 3 3 5
m 4 17 9
m 1 10 12
f 1
p
m 2 13 0
m 2 1 10
b 2
m 3 1 12
b 3
m 4 14 7
m 1 2 1
m 2 2 3
m 3 12 0
m 1 10 2
m 2 8 13
m 2 8 3
m 3 3 5
m 1 10 11
m 1 8 13
m 2 0 6
m 2 4 15
b 2
m 3 14 17
m 3 9 14
b 3
m 4 17 0
m 4 4 5
m 1 11 5
m 2 0 10
m 3 10 17
m 3 2 12
f 4
m 1 8 17
m 2 16 6
m 3 17 0
m 3 16 12
m 4 8 16
m 4 17 10
m 1 10 13
q 2
m 4 7 15
m 4 1 4
m 2 13 2
m 2 12 9
m 3 13 0
m 4 9 2
m 4 2 9
m 1 8 13
m 1 8 8
m 2 5 16
m 3 0 3
m 3 1 2
m 4 7 1
g 4 12 0
p
m 1 0 3
m 2 3 5
m 2 15 8
p
m 3 8 1
b 3
m 4 13 5
m 1 0 4
m 1 0 5
g 1 0 17
m 3 12 8
m 3 7 4
f 3
m 4 2 16
m 1 2 3
m 1 13 5
m 2 13 16
m 2 6 14
f 2
q 2
m 3 1 5
m 4 5 9
m 4 12 0
m 1 6 11
m 1 5 2
q 1
m 2 10 13
p
m 3 2 16
m 3 7 9
m 4 12 7
g 4 2 2
m 1 3 7
m 1 7 5
m 3 13 14
m 3 17 0
f 3
q 3
m 4 4 1
m 4 3 10
m 1 5 16
m 2 15 7
m 2 1 1
p
b 3
q 4
m 1 13 3
f 1
m 2 6 11
m 3 4 11
f 3
m 4 0 1
m 1 14 14
m 1 7 8
m 2 9 0
m 4 1 13
m 1 11 9
b 1
m 2 4 9
m 2 12 13
f 2
m 3 11 14
m 3 15 0
q 3
m 4 10 4
f 4
m 1 2 12
m 1 8 14
m 2 9 10
m 3 0 3
m 3 6 11
q 3
m 4 17 6
b 4
m 1 16 0
m 1 16 13
b 1
m 2 0 4
m 3 14 1
m 4 0 0
m 4 14 14
m 1 11 14
q 1
m 3 4 2
q 3
m 4 2 7
m 1 14 9
m 1 12 1
q 1
m 2 6 2
f 2
g 2 14 8
m 4 8 17
m 4 3 6
m 1 10 12
m 1 4 9
g 1 13 5
m 3 1 5
m 3 9 14
m 4 15 2
m 1 5 9
f 1
m 2 16 8
m 2 3 15
f 2
q 2
m 3 13 15
m 4 1 5
m 4 15 5
m 1 11 14
m 3 4 8
m 3 4 12
b 3
q 1
m 2 2 7
m 2 7 4
m 3 11 7
m 4 8 13
m 4 13 14
b 4
m 1 0 3
m 1 11 8
m 2 8 7
m 2 12 5
p
m 3 10 4
m 1 13 2
m 1 11 10
b 1
m 2 13 0
m 2 7 13
m 3 14 7
b 3
m 4 14 7
p

