B 5 9 2 37
m 1 2 1
m 1 4 8
m 2 6 1
m 1 4 2
m 2 1 4
m 1 5 3
m 2 7 2
b 2
m 1 7 3
m 2 8 0
m 2 4 8
f 2
m 1 2 1
m 1 4 0
m 2 0 0
m 1 8 0
m 2 8 0
m 1 2 3
m 1 3 2
m 2 0 1
m 1 2 2
m 1 4 5
f 1
m 1 5 2
f 1
m 2 5 1
m 2 4 7
m 1 8 0
m 2 8 3
m 1 4 0
p
m 2 3 0
f 2
m 1 0 0
m 2 1 5
m 2 4 1
m 1 4 3
m 2 2 1
m 2 3 4
b 2
q 2
m 1 1 1
m 2 2 6
p
m 1 6 3
b 1
q 1
m 2 4 6
m 1 4 0
m 1 3 0
m 2 8 3
m 1 7 0
m 2 7 0
m 1 6 1
m 1 0 3
m 2 2 1
b 2
m 1 6 0
m 2 6 3
m 2 1 4
m 1 4 2
m 1 0 2
m 2 2 7
m 2 4 3
m 1 8 3
m 1 4 0
m 2 8 1
m 2 1 5
m 1 0 4
m 2 8 0
g 1 6 4
m 2 2 1
m 2 3 6
m 2 8 3
m 2 1 2
m 1 0 0
m 1 1 5
b 1
m 2 8 0
m 2 2 0
f 2
q 2
m 1 8 2
m 1 2 8
m 2 3 1
g 2 1 1
m 2 6 0
m 2 2 4
q 2
m 1 0 1
m 1 2 0
q 1
m 2 8 3
m 1 2 4
m 2 4 4
m 1 2 4
m 1 0 3
b 1
m 2 8 1
m 1 6 0
m 2 0 4
b 2
m 1 2 2
m 1 0 2
m 2 5 0
m 2 2 0
m 1 6 1
m 1 1 3
m 2 0 1
m 1 6 1
m 2 2 4
m 1 4 5
m 1 4 3
m 2 6 0
m 2 1 0
b 2
m 1 7 3
m 1 3 7
m 1 8 1
m 1 0 7
m 2 3 3
m 2 3 1
m 1 8 3
m 1 3 7
g 1 0 3
m 2 6 0
m 2 1 6
m 2 7 1
m 1 0 1
m 1 0 3
m 2 5 0
m 2 3 4
f 2
q 2
m 1 8 3
m 1 1 4
m 2 3 6
m 1 8 0
m 1 4 8
q 1
q 2
m 1 3 1
m 1 4 8
m 2 1 0
m 1 6 0
b 1
m 2 8 1
m 2 2 0
q 2

