B 8 9 5 14
m 1 7 7
m 3 7 6
m 3 5 8
m 4 3 8
f 4
m 5 3 0
m 1 5 1
b 1
m 2 1 2
b 2
m 3 3 6
m 4 6 5
f 4
p
m 5 4 7
p
m 1 1 2
m 2 6 0
m 3 3 3
m 4 1 2
m 5 7 6
q 5
m 1 0 7
m 2 2 3
m 2 1 2
m 3 6 5
m 4 2 0
m 4 5 2
m 5 4 7
m 5 0 0
m 1 0 7
m 1 7 7
m 2 6 7
m 2 5 4
m 3 6 1
m 4 5 1
b 4
m 5 1 4
m 5 2 1
m 1 1 7
m 1 6 5
q 1
m 2 5 4
m 3 0 7
m 3 0 2
q 3
m 4 6 1
m 4 1 3
m 5 3 0
m 5 6 8
m 1 3 7
m 2 3 2
m 2 4 5
b 2
m 3 3 7
m 4 1 2
b 4
m 5 4 4
m 5 3 2
b 5
m 1 5 2
q 1
m 2 5 3
m 2 7 5
f 2
m 4 3 6
m 4 3 6
g 4 8 5
m 5 5 4
m 1 6 2
m 2 1 4
m 2 0 5
f 2
m 3 6 5
m 4 3 6
q 4
m 5 6 2
m 5 7 7
m 1 3 8
m 1 3 1
m 2 7 7
m 2 5 3
m 3 1 4
m 4 1 4
m 4 2 5
m 5 8 1
m 5 4 4
m 1 2 2
m 1 1 4
m 3 3 0
f 3
m 4 4 7
m 4 4 3
m 5 6 2
b 5
m 1 6 4
m 2 7 6
m 3 1 8
q 3
m 4 7 1
m 5 3 6
m 5 4 7
m 1 2 4
m 2 6 5
m 2 0 4
p
m 3 0 5
m 4 4 2
m 4 7 8
m 5 0 4
m 5 7 3
m 1 1 4
m 2 5 1
m 2 2 0
m 3 4 3
m 3 2 0
m 4 8 4
m 5 6 2
m 5 0 8
b 5
m 1 2 7
m 2 1 4
m 2 4 6
m 3 0 7
p
f 4
m 5 5 5
f 5
m 1 5 1
m 2 0 1
m 2 7 0
m 3 2 7
m 3 4 5
g 3 8 3
m 4 0 5
m 4 1 8
m 5 6 5
f 5
p
m 1 0 1
m 1 4 6
b 1
m 2 0 4
m 2 2 8
m 3 5 1
m 3 1 2
m 4 4 7
b 4
m 5 4 6
b 5
q 5
m 1 1 5
m 1 3 3
m 2 4 7
m 3 0 0
m 3 5 7
m 4 6 6
m 5 0 5
m 5 2 6
m 1 0 1
m 2 4 7
m 2 7 4
m 3 1 4
f 3
q 5
m 2 0 8
m 2 0 0
q 2
m 3 0 1
b 3
m 4 4 3
m 4 4 7
m 5 3 0
q 5
m 1 5 7
m 1 1 5
m 2 1 0
f 2
q 2
m 3 6 5
m 4 4 3
f 4
m 5 6 1
m 5 7 1
b 5
m 1 0 6
m 2 4 3
m 2 6 7
b 2
m 3 1 4
m 4 8 4
m 5 0 5
q 5
m 1 3 2
f 1
m 2 3 4
q 2
m 3 0 4
m 3 1 5
b 3
m 4 3 6
m 5 0 5
m 5 7 3
m 1 7 6
m 2 2 7
m 2 0 3
m 3 1 1
m 3 0 3
f 3
m 5 7 6
m 1 3 6
m 2 0 4
m 3 3 6
m 3 4 5
b 4
m 5 0 8
m 5 4 0
m 2 6 5
m 3 1 4
g 3 7 0
m 4 6 1
m 1 0 8
m 2 6 5
m 2 0 0
m 3 5 2
m 4 8 4
m 4 4 3
m 5 4 3
m 5 1 5
m 1 4 2
b 1
q 1
m 2 3 6
m 3 1 4
m 3 0 7
b 3
q 3
m 4 0 5
m 4 7 4
m 5 2 8
m 5 7 1
f 5
m 1 4 3
m 1 7 0
p
m 2 2 7
m 2 3 5
m 3 2 4
f 3
m 4 7 4

