B 11 13 4 19
m 1 7 11
m 1 2 11
m 2 2 1
b 2
m 3 3 3
m 3 2 12
f 3
m 4 6 0
m 1 11 8
m 2 9 4
m 2 1 2
m 3 4 4
m 3 0 1
m 4 6 3
q 4
m 1 8 10
f 1
m 2 8 4
m 2 10 7
m 3 11 10
m 3 7 10
m 4 0 2
m 1 4 0
m 1 3 12
m 2 3 5
m 2 7 12
m 3 6 3
b 3
m 4 10 9
b 4
m 1 7 8
m 1 0 6
m 2 8 5
m 3 3 5
m 4 1 4
m 4 5 0
f 4
m 1 0 7
f 1
m 2 6 3
m 3 10 4
g 3 12 7
m 1 1 3
m 2 6 4
m 3 7 6
m 4 4 0
m 1 3 2
f 1
m 2 3 7
m 2 8 9
f 2
m 3 10 10
m 4 1 7
m 1 3 2
m 1 7 0
m 2 3 7
m 2 3 8
b 2
m 3 1 5
m 3 7 8
m 4 8 0
f 4
m 1 6 1
m 2 7 9
f 2
m 3 12 8
m 3 6 8
m 4 11 0
m 4 0 4
m 1 3 11
m 2 0 9
m 2 5 5
m 3 5 10
m 4 8 0
m 1 6 1
b 1
m 2 2 2
m 3 12 9
m 4 6 8
m 1 6 3
m 1 6 11
m 2 12 6
m 2 1 8
m 3 6 1
m 3 10 10
m 4 8 0
m 4 5 11
m 1 8 0
m 1 0 1
f 1
p
m 2 12 10
m 3 9 4
m 3 10 6
f 3
m 4 1 1
m 4 9 0
m 1 8 0
p
m 3 8 3
f 4
m 1 12 8
p
m 2 11 0
b 2
f 2
m 3 8 4
q 3
m 4 2 6
m 1 7 6
m 1 6 2
m 2 0 1
m 2 9 2
m 3 9 2
m 4 0 10
q 4
m 1 0 2
m 1 5 3
m 2 2 1
m 2 10 8
m 3 4 2
m 3 2 9
m 4 5 3
m 1 4 2
m 1 8 0
m 2 12 6
m 2 10 3
b 2
m 3 8 4
m 3 6 10
m 4 3 8
q 4
m 1 11 1
m 1 3 11
m 2 3 0
m 2 4 9
m 3 0 0
m 3 7 1
m 4 0 7
m 4 2 11
m 1 0 6
m 2 5 7
m 2 4 0
m 3 5 10
m 3 5 3
b 3
g 3 0 8
m 4 7 11
m 1 11 9
m 1 5 1
m 2 7 6
m 3 11 8
q 3
m 4 12 1
b 4
q 4
m 1 12 4
m 2 6 8
m 3 9 1
m 4 6 10
m 1 7 7
m 2 1 10
m 3 1 8
m 4 8 5
m 1 9 5
m 1 7 7
f 1
m 2 5 2
g 2 2 3
m 3 0 12
m 4 5 2
m 4 2 5
m 2 10 9
m 2 0 3
m 3 3 4
m 4 5 6
m 4 3 11
m 1 5 9
m 1 3 7
q 1
m 2 2 1
q 2
m 3 10 3
f 3
m 1 3 9
m 2 12 1
m 3 12 5
m 3 3 9
m 4 3 6
m 4 0 1
m 1 1 5
m 1 7 6
m 2 11 9
q 2
m 3 3 9
m 4 5 10
f 4
q 4
m 1 0 10
m 1 6 9
m 2 6 5
m 3 0 1
m 3 9 12
q 3
m 4 7 9
m 4 5 12
f 4
m 1 7 4
m 1 8 4
m 2 5 2
b 2
m 3 6 6
m 3 10 6
m 4 8 5
m 4 5 10
m 1 6 9
m 2 11 0
b 2
m 3 11 4
m 3 3 11
m 4 8 0
m 4 1 10
m 1 6 9
m 2 10 8
m 2 1 8
m 3 9 1
m 3 0 3
g 3 11 5
m 4 6 7
m 4 1 1
g 4 12 9
m 1 9 1
m 1 9 0
m 2 4 12
q 2
m 3 9 9
m 3 8 1
m 4 6 8
m 1 4 2
m 2 2 8
m 2 6 1
m 3 6 8
m 4 5 0
m 1 5 4
m 2 1 3
m 2 8 5
m 3 7 3
p
m 4 7 2
m 4 6 10
m 1 7 9
m 2 9 7
b 2
m 3 0 1
m 3 1 1
m 1 10 7
m 2 5 0
m 2 3 12
f 2
m 3 5 10
m 3 1 4
m 4 1 10
m 1 8 9
m 1 9 5
m 2 9 10
m 3 3 7
q 3
m 4 12 10
m 4 0 9
m 1 5 6
f 1
m 2 5 5
m 3 10 11
b 3
m 1 4 4
m 1 4 10
q 2
m 3 6 9
b 3
g 3 3 1
m 4 6 9
m 1 8 9
f 1
m 2 9 1
b 2
m 3 7 8
m 3 5 7
f 3
g 3 10 1
m 4 8 9
m 4 9 5
m 1 4 4
m 2 1 0
q 2
m 3 11 0
m 3 3 8
m 4 5 8
m 4 2 1
g 4 1 5
m 1 3 1
m 1 8 10
m 2 10 6
q 2
m 3 3 9
m 3 10 5
m 4 10 10
m 4 3 11
b 4
m 1 10 5
m 3 4 2
m 4 2 4
m 1 8 0
m 1 4 2
m 2 0 10
m 2 6 10
g 2 7 0
m 3 8 9
m 3 10 1
m 4 0 5
m 4 6 12
f 4
m 2 0 2
m 2 9 7
m 3 6 4
m 4 5 9
b 4
f 4
m 1 4 12
m 2 2 10
m 2 2 9
q 2
m 3 11 4
m 1 9 0
m 2 3 2
f 2
m 3 10 3
m 4 0 2
m 1 6 9
m 1 5 6
m 2 9 1
m 2 2 8
m 3 11 1
b 3
m 4 5 4
m 4 4 9
m 1 2 3
m 2 2 8
m 3 7 2
m 4 6 8
m 4 1 9
b 4
m 1 8 4
m 2 5 10
m 3 2 10
f 3
m 4 12 8
m 1 11 8
f 1
m 2 2 8
m 2 0 2
m 3 6 9
m 3 4 1
b 3
m 4 11 1
q 4
g 4 4 4
m 1 12 8
m 1 7 9
f 1
m 2 6 8
m 2 0 3
m 3 10 10
m 4 6 8
m 4 6 9
b 4
f 4
m 1 0 10
m 2 7 2
m 3 0 1
m 4 8 9
m 4 7 11
m 1 2 5
f 1
m 2 6 8
m 2 1 6
m 3 9 12
g 3 10 1
p
m 4 5 4
m 4 9 4
m 1 5 7
m 2 12 10
m 3 11 0
m 3 0 2
m 4 11 1
m 1 12 8
m 2 7 2
b 2
f 2
m 3 7 4
m 4 8 4
m 1 12 10
m 2 10 3
m 2 4 7
m 3 8 8
m 4 7 2
m 4 10 2
g 1 12 5
m 2 11 9
m 2 6 2
m 3 5 1
q 3
m 1 5 4
m 2 3 5
m 3 3 4
m 4 11 0
m 2 1 11
m 3 5 4
m 3 2 10
m 4 12 10
m 1 5 7
b 1
m 2 2 7
m 4 7 4
m 1 5 7
m 1 8 9
f 2
m 3 6 8
f 4
m 1 11 0
m 2 6 4
m 2 0 9
m 3 7 8
q 3
m 4 2 8
m 4 10 3
m 2 8 4
m 3 2 8
m 3 5 3
m 4 6 8
m 1 9 4
m 1 10 0
m 2 8 4
m 2 6 10
m 3 11 9
m 4 12 10
q 4
m 1 2 8
m 1 1 8
m 2 10 5
m 2 4 6
f 3
m 4 12 10
p
m 1 11 8
m 1 2 2
m 2 7 8
m 3 7 8
b 3
m 4 4 7
m 4 7 6
m 1 0 2
m 1 2 1
b 1
f 1
q 1
m 2 8 3
m 3 10 1
m 3 0 11
m 4 7 8
m 1 10 3
m 2 3 6
m 2 10 4
f 2
m 3 11 8
m 4 8 9
m 1 11 8
p
m 2 5 6
b 2

