B 12 15 5 16
q 1
m 2 2 11
m 2 1 9
m 3 7 9
m 3 2 6
b 3
m 4 1 9
m 4 6 10
m 5 7 9
b 5
m 1 11 6
m 2 11 1
m 3 5 11
m 3 1 14
f 3
m 4 5 7
q 4
m 5 6 7
p
m 1 13 8
m 2 3 1
m 3 1 2
m 3 5 12
m 4 8 0
q 4
m 5 1 10
b 5
m 1 14 6
m 2 2 9
m 3 7 1
m 3 1 5
q 3
m 4 3 7
m 4 7 11
b 4
q 4
m 5 2 7
g 5 6 11
m 2 7 8
b 2
m 3 2 8
m 3 0 0
m 4 4 11
b 4
m 5 1 0
f 5
q 1
m 2 14 2
f 2
m 3 13 3
m 3 0 9
m 4 4 10
q 4
m 5 3 6
m 5 9 5
m 1 4 14
m 2 12 7
m 3 1 10
m 4 2 6
m 4 2 7
p
m 1 2 4
m 1 6 3
q 1
m 2 4 3
m 2 6 4
m 3 4 13
m 4 4 4
m 5 9 10
m 5 4 2
m 1 2 0
m 2 3 14
m 2 10 3
m 3 0 11
m 4 14 5
b 4
m 5 4 7
m 5 8 3
m 1 4 10
f 1
m 2 8 6
q 2
m 3 7 10
m 3 10 8
b 3
q 3
m 4 8 11
m 4 6 14
g 4 14 1
m 5 8 0
m 1 11 1
m 1 11 1
m 2 6 7
m 2 11 14
m 4 10 11
m 4 8 12
q 4
m 5 11 3
m 5 9 13
m 1 2 0
m 2 8 3
b 2
m 3 7 11
m 3 5 11
b 3
q 3
m 4 7 8
m 5 10 8
m 5 9 7
m 1 10 5
q 1
m 2 14 7
m 3 14 5
m 3 7 1
g 3 0 2
m 4 5 0
m 4 11 2
g 4 5 9
m 5 10 8
m 1 5 3
m 1 2 2
f 1
m 3 7 14
m 3 0 4
q 3
m 4 1 0
m 4 2 6
m 5 10 5
m 5 10 4
m 1 13 2
m 2 2 10
m 3 13 2
b 3
m 4 0 4
q 4
m 5 9 9
m 5 9 4
b 5
m 1 0 11
m 2 2 0
m 2 8 13
q 2
m 3 1 8
p
m 4 3 2
m 1 13 3
m 1 8 5
m 2 2 6
m 3 4 0
m 3 5 6
m 4 1 1
m 4 4 8
m 5 10 10
m 1 2 5
m 1 10 14
m 2 3 2
b 2
q 2
m 3 1 2
m 4 0 9
m 5 5 5
m 5 7 4
m 1 8 0
g 1 10 6
m 3 9 14
m 4 12 1
m 4 1 14
p
m 5 12 7
m 5 7 9
m 1 11 7
m 2 4 1
m 2 3 0
q 2
m 3 3 1
m 3 2 4
f 3
m 4 9 0
m 4 3 2
m 5 12 7
m 5 10 0
m 1 13 0
m 2 5 14
m 3 2 9
m 4 12 10
m 4 10 10
m 5 14 9
m 1 4 3
m 1 9 14
m 2 12 3
m 3 4 9
f 3
m 4 1 14
b 4
m 5 12 10
m 5 11 12
g 5 14 6
m 1 6 5
m 2 3 8
m 2 11 4
q 2
m 3 6 7
m 4 6 4
m 5 1 6
m 1 6 1
m 1 9 5
f 1
m 2 4 5
m 2 11 1
m 3 3 9
f 3
m 4 8 0
m 5 7 10
m 1 11 3
m 1 6 12
p
m 2 11 3
m 3 7 8
m 3 2 3
f 3
m 4 0 11
p
m 5 1 9
f 5
m 1 13 5
m 1 6 4
f 1
p
m 3 9 11
m 3 1 9
m 4 10 3
m 5 2 0
f 5
m 1 12 2
m 2 5 3
m 3 8 11
m 3 2 13
m 4 7 1
f 4
q 4
m 1 5 3
b 1
q 1
m 2 10 11
m 2 2 9
p
m 3 9 10
m 4 3 0
m 5 10 2
m 5 5 13
f 5
m 1 0 8
m 1 1 3
b 1
m 2 9 10
m 3 13 6
m 4 9 11
m 4 10 3
m 5 10 8
m 5 8 4
m 1 7 2
m 1 11 6
m 2 9 5
m 2 1 8
g 2 3 1
m 3 13 3
b 3
m 4 12 9
m 5 1 10
m 5 3 0
m 1 4 5
m 2 10 3
m 3 2 11
m 4 8 8
m 4 5 3
q 4
m 5 13 5
m 1 7 10
m 1 7 2
m 3 13 11
m 4 12 0
m 5 0 12
m 5 4 8
g 5 12 5
m 1 10 8
m 2 11 13
m 2 0 10
m 3 1 9
m 3 9 11
m 4 4 3
m 4 10 14
m 5 12 2
m 5 11 2
m 1 0 11
m 2 3 9
m 2 4 14
b 3
m 4 6 9
m 5 9 11
m 2 8 7
m 2 4 9
m 3 4 9
m 3 11 14
m 4 6 6
m 5 2 8
f 5
m 1 1 4
m 1 3 9
f 1
g 1 3 4
p
m 3 9 11
m 3 2 11
m 4 5 4
m 4 3 7
m 5 2 8
m 5 9 1
f 5
m 1 3 10
m 2 3 7
q 2
q 3
m 4 12 10
m 4 11 4
q 4
g 4 14 10
m 5 4 6
m 1 6 10
m 1 9 5
b 1
q 1
g 1 12 5
m 2 11 3
m 2 10 0
m 3 1 7
m 4 13 2
m 5 7 13
f 5
m 1 13 5
q 1
m 2 11 8
p
m 3 3 4
m 3 6 14
m 4 14 8
m 5 11 6
f 5
m 1 2 8
p
m 2 12 7
m 4 1 10
m 5 0 7
m 5 0 2
m 1 10 5
m 2 2 0
m 2 7 5
b 2
m 3 1 8
m 3 1 10
f 3
p
m 4 2 10
m 5 12 9
m 1 1 2
m 1 2 2
m 2 13 3
m 2 2 5
m 3 9 13
m 4 6 3
m 4 4 14
f 5
m 1 3 1
m 1 1 14
f 1
m 2 14 2
m 2 0 11
b 2
m 3 11 1
q 3
m 4 6 7
m 5 2 0
m 1 9 14
m 2 7 1
m 3 5 0
m 3 11 14
m 4 7 8
m 5 2 5
m 1 12 4
m 2 0 7
m 2 5 0
g 2 4 7
m 3 11 11
m 3 4 11
m 4 7 0
m 5 9 2
m 5 0 8
m 1 11 9
m 2 1 6
m 3 9 10
m 3 7 3
p
m 4 7 7
b 4
m 5 9 8
m 5 5 9
b 5
m 2 11 3
m 2 8 3
m 3 5 3
m 3 4 7
b 3
f 3
m 4 4 0
m 4 8 7
m 5 11 1
m 5 6 12
m 1 1 3
m 1 10 0
p
m 2 14 2
m 2 3 2
g 2 4 7
m 3 5 0
m 4 2 0
m 4 6 10
q 4
p
m 5 12 4
b 5
m 1 2 2
m 1 6 3
m 2 7 0
q 2
p
m 3 10 11
m 3 4 12
f 3
m 4 1 5
m 4 8 7
q 4
m 5 2 10
m 5 8 6
m 1 1 0
m 2 8 1
m 2 8 5
m 3 11 6
m 4 5 6
m 5 7 7
f 5
m 1 2 8
m 1 1 4
q 1
m 2 13 1
m 3 10 11
m 3 4 1
m 4 2 9
m 5 5 11
f 5
m 2 11 14
m 3 4 9
m 3 9 4
g 3 11 9
p
m 4 10 11
m 4 4 2
m 5 8 6
m 5 2 8
f 5
m 1 3 2
m 2 1 2
m 2 10 6
m 3 4 7
m 3 3 0
f 3
m 4 9 11
m 4 11 10
p
m 5 3 7
m 5 9 13
f 5
m 1 10 4
m 2 3 3
m 3 1 9
m 4 1 5
m 4 11 1
m 5 1 5
m 5 0 3
m 1 4 9
f 1
q 1
p
m 2 11 11
m 2 7 8
q 2
m 3 2 0
m 4 4 2
m 4 2 14
q 4
m 5 7 3
m 1 0 6
m 2 11 1
b 2
m 3 14 2
m 4 12 7
m 4 2 1
m 5 10 6
m 2 9 2
m 3 13 0
m 3 3 3
m 4 9 10
m 4 2 5
m 5 0 6
m 5 5 2
q 5
m 1 3 0
m 2 5 7
m 2 8 2
m 3 6 7
m 3 0 6
m 4 7 13
g 4 11 2
m 5 9 12
m 5 5 9
f 5
m 1 12 7
m 2 2 6
m 2 8 5
m 3 13 2
m 3 8 10
m 4 2 8
m 4 3 12
m 2 9 10
m 2 0 0
f 2
m 3 3 0
f 3
m 4 7 13
m 5 7 10
m 5 10 12
m 1 3 7
m 2 5 3
f 2
m 3 13 1
m 4 13 5
m 4 7 3
m 5 1 5
f 5
m 1 6 7
m 1 5 5
m 2 10 3
m 3 10 5
m 3 6 4
m 4 3 9
m 4 9 2
m 5 5 11
m 2 6 1
m 2 11 14
m 3 0 11
m 4 5 11
m 4 1 2
f 4
m 5 0 11
m 1 0 13
m 2 8 5
m 2 1 12
m 3 3 2
m 4 9 3
m 5 6 1
m 5 6 2
b 5
m 1 0 11
m 2 4 3
m 4 13 2
m 1 2 5
m 2 0 13
m 2 4 11
m 3 13 5
f 3
m 4 13 6
m 5 6 7
m 1 5 0
b 1
m 2 9 4
m 3 5 11
m 3 6 9
m 4 7 0
m 4 6 13
q 4
m 5 11 1
m 5 6 10
m 2 12 7
m 3 8 4
m 4 6 7
m 4 4 3
b 4
m 5 12 3
m 1 14 0
m 1 2 8
m 2 6 7
m 3 7 10
m 3 10 10
m 4 0 14
m 4 0 12
m 5 13 1
m 5 10 11
m 1 10 1
b 1
m 2 2 0
f 2
m 3 0 4
m 4 6 7
m 5 7 10
m 1 10 5
m 2 13 10
m 2 11 10
b 2
m 3 6 10
m 4 2 2
m 5 6 9
p
m 1 1 8
m 1 5 8
m 2 1 6
m 3 12 1
m 4 0 2
m 4 6 8
m 5 0 14

