B 8 10 6 15
m 1 3 5
m 1 4 0
m 2 8 3
m 3 5 5
m 3 6 6
p
m 4 3 5
m 4 3 0
m 5 2 6
m 5 7 2
m 6 5 8
m 1 4 4
m 1 0 9
m 2 3 9
m 2 4 7
m 3 5 2
m 3 5 5
m 4 3 0
b 4
m 5 7 0
m 6 7 7
m 1 3 1
m 1 2 7
f 1
m 2 0 2
m 3 1 5
m 4 7 5
m 4 1 2
m 6 2 9
m 6 1 1
m 1 3 6
m 1 7 5
f 1
b 2
m 3 8 6
b 3
m 4 0 5
m 5 2 9
m 5 0 5
m 6 2 6
m 1 4 6
m 1 3 2
m 4 8 0
f 4
m 5 1 0
m 5 5 8
m 6 4 1
m 6 3 3
f 6
m 1 6 7
m 1 5 7
b 1
m 2 6 8
m 2 4 4
g 2 6 2
m 3 0 2
m 3 0 9
m 4 5 6
m 5 6 0
m 5 0 8
b 1
m 2 5 6
p
m 3 2 3
m 4 1 4
m 5 2 2
b 5
q 5
b 6
m 1 3 8
m 1 4 2
m 2 6 0
m 2 7 9
p
m 3 8 4
f 3
m 4 6 3
g 4 5 5
m 5 3 5
m 5 6 2
m 6 3 5
m 6 5 2
m 1 0 2
m 1 3 1
q 1
m 2 3 7
m 4 8 7
p
m 5 7 8
m 5 3 6
m 6 2 6
m 1 1 7
p
m 2 8 4
f 2
q 2
m 3 5 6
m 3 0 3
p
m 4 8 2
m 4 6 1
q 4
m 5 5 2
q 5
m 6 1 5
b 6
m 3 1 5
m 3 4 5
m 4 6 0
m 4 4 0
m 5 2 6
m 6 8 2
m 1 3 1
b 1
p
m 2 4 3
m 2 6 7
m 3 4 5
m 4 9 1
m 4 3 3
g 4 7 4
m 5 6 1
m 6 3 0
m 1 0 0
m 1 5 3
f 1
q 1
m 2 9 5
m 3 1 7
m 3 0 9
m 4 0 2
q 4
m 5 7 0
m 6 2 3
m 1 7 1
m 1 0 4
m 2 6 6
f 2
m 3 1 5
m 4 9 6
m 4 5 6
m 5 9 4
m 5 3 3
b 5
m 6 4 3
m 6 1 1
m 1 3 7
q 1
m 2 3 6
m 3 1 5
m 3 1 9
m 4 6 7
m 4 0 9
m 5 0 2
m 6 6 0
m 1 3 7
m 2 0 8
m 3 5 4
m 4 0 2
m 4 5 2
m 5 1 7
m 6 4 3
m 6 6 5
m 1 8 1
b 2
q 2
m 3 5 2
f 3
q 3
g 3 8 3
q 4
m 5 8 1
m 6 5 2
m 1 1 7
p
m 2 0 5
m 3 5 8
m 3 6 8
q 3
m 4 1 5
m 5 7 0
q 5
m 6 7 3
m 1 7 7
m 1 6 0
m 2 0 2
m 2 6 5
m 3 4 0
m 3 2 9
m 4 7 0
m 4 1 1
m 5 9 6
m 5 4 8
m 6 9 6
m 6 6 8
m 1 4 2
m 1 3 5
m 2 7 0
b 3
b 4
m 5 6 9
m 5 0 8
m 6 8 1
g 6 2 2
m 1 4 6
m 2 6 8
m 2 0 2
f 2
m 3 0 5
m 3 5 8
f 3
m 4 5 3
m 4 6 6
m 5 1 8
m 6 4 3
m 6 7 8
m 1 0 5
m 2 9 5
m 2 5 9
m 3 4 6
m 4 8 2
b 4
q 4
m 5 6 7
m 5 0 0
q 5
g 5 6 3
m 6 3 1
m 1 4 1
m 1 1 2
m 2 3 2
b 2
m 3 9 4
m 3 2 9
m 4 2 1
m 5 6 7
m 5 2 2
m 6 6 1
m 1 3 8
q 1
m 2 3 0
m 2 3 4
m 3 3 6
f 3
m 4 6 1
m 5 0 5
m 5 2 3
m 6 3 1
m 6 3 4
b 6
m 1 0 4
m 2 6 7
m 2 1 6
m 3 4 2
m 4 5 8
m 5 1 7
m 6 2 3
m 1 3 1
m 1 3 0
f 1
m 2 4 7
m 3 4 8
m 3 2 4
b 3
m 4 0 2
m 4 2 8
b 4
m 5 7 5
m 6 1 5
m 1 9 4
m 2 7 0
m 2 6 1
m 3 5 2
m 3 0 4
m 4 0 5

