B 6 5 4 8
m 1 2 2
m 2 2 0
m 2 3 1
m 3 0 1
b 3
q 3
m 4 4 1
g 4 1 0
m 1 4 3
m 2 2 3
m 3 2 5
p
m 4 3 3
m 1 3 0
m 1 5 0
b 1
m 2 4 2
m 3 4 3
q 3
m 4 3 5
m 4 2 4
m 1 2 2
m 1 0 2
m 2 4 1
m 3 2 1
m 4 0 0
m 4 4 4
m 1 0 3
m 2 1 5
m 2 0 0
b 2
m 3 3 5
f 3
m 4 2 5
m 4 5 3
m 1 0 4
m 2 2 3
f 2
m 3 2 5
q 3
m 4 4 3
m 4 0 1
m 2 4 1
m 3 2 5
m 3 4 4
m 4 1 1
m 4 2 3
m 1 2 1
m 1 0 1
q 1
m 2 1 1
m 2 1 4
m 3 2 0
m 3 3 2
m 4 3 1
m 4 4 2
m 1 3 2
m 1 0 4
m 2 3 4
f 2
m 3 3 1
m 4 2 0
m 4 2 1
m 1 0 4
m 1 2 0
m 2 0 1
m 2 0 2
m 3 0 4
m 4 2 1
m 4 1 0
m 1 1 5
m 1 1 0
m 2 3 1
f 2
b 3
m 4 1 5
f 4
m 1 1 1
m 1 4 0
m 2 3 1
m 2 5 4
m 3 2 5
m 4 2 1
m 4 4 4
b 1
m 2 5 2
m 3 2 4
m 4 1 5
m 4 0 1
m 1 2 1
g 1 4 1
m 2 0 2
m 2 0 1
m 3 5 3
m 3 1 3
p
m 4 2 1
m 4 0 4
m 1 2 3
m 1 4 3
m 2 1 5
m 2 5 3
b 2
m 3 1 2
m 3 2 3
m 4 4 3

