B 6 7 3 20
m 1 2 3
m 1 1 2
m 2 4 2
m 2 3 0
m 3 2 5
m 1 5 5
m 1 0 0
m 2 4 1
q 2
m 3 1 6
m 3 1 3
m 1 4 5
m 1 0 3
m 2 2 3
m 2 1 6
m 3 6 4
b 3
q 3
m 1 4 5
m 1 0 2
m 2 5 3
g 2 6 1
m 3 2 5
m 3 0 6
m 1 1 2
m 2 1 3
m 3 0 1
m 3 3 6
b 3
m 1 2 2
m 2 1 6
m 2 1 1
m 3 4 0
m 3 0 1
m 1 1 5
m 2 2 5
m 3 0 5
m 3 5 6
f 3
m 1 2 3
m 1 4 2
b 1
q 1
m 2 5 1
m 3 1 3
m 3 1 1
q 3
m 1 5 3
m 2 3 3
m 2 3 6
m 3 0 1
m 3 5 3
m 1 4 1
m 1 3 3
f 1
m 2 2 3
m 2 5 0
m 1 5 2
m 2 6 2
m 3 4 4
b 3
m 1 4 3
b 1
m 2 4 0
m 2 2 5
m 3 0 1
m 3 2 6
m 1 0 6
m 3 4 0
m 1 0 2
m 1 5 4
m 2 6 4
m 3 4 3
m 3 0 5
f 3
m 1 1 4
m 2 3 6
m 3 3 1
m 3 4 5
q 3
m 1 6 4
m 2 1 2
m 2 0 0
f 2
m 3 5 3
m 1 1 2
f 1
m 2 1 2
m 2 2 5
m 1 0 2
m 2 4 5
m 3 2 3
m 1 1 0
m 2 4 3
m 3 5 3
m 3 5 1
m 1 3 3
m 1 0 3
m 2 6 4
m 2 5 3
m 3 5 3
p
m 1 4 2
m 2 0 2
m 3 4 3
p
m 1 4 5
m 2 5 2
q 2
m 3 4 3
m 1 4 3
m 2 0 2
f 2
m 3 4 3
f 3
m 1 0 2
m 1 2 2
m 2 1 2
m 2 2 4
m 1 3 5
q 1
m 2 0 0
b 2
m 3 4 0
m 3 5 3
m 1 1 2
m 1 4 0
g 1 0 5
m 2 0 1
b 2
m 3 6 4
b 3
m 1 6 4
m 1 5 1
b 1
m 3 1 4
m 1 5 2
m 1 3 3
m 2 4 3
m 2 0 2
f 2
m 3 1 2
m 3 3 4

