B 20 17 3 162
m 1 6 0
m 2 2 13
m 2 4 13
m 3 9 7
m 3 19 13
m 2 1 6
b 2
m 3 9 1
m 3 15 4
q 3
m 1 1 0
m 1 9 8
b 1
m 2 8 16
m 2 15 2
m 3 16 2
m 1 1 2
m 1 12 13
p
m 2 8 12
m 3 7 13
m 3 11 1
m 1 16 6
m 2 1 5
m 2 9 15
m 3 6 19
f 3
m 1 4 17
m 1 11 2
m 2 4 4
m 3 14 10
m 1 11 10
m 1 18 16
f 1
m 2 13 10
m 3 12 6
g 3 13 12
m 1 7 0
m 2 1 0
m 3 11 16
m 3 2 6
q 3
m 1 4 7
b 1
q 1
m 2 2 9
p
m 3 6 14
b 3
m 1 8 9
g 1 12 8
m 2 6 3
f 3
m 1 9 13
m 2 4 5
m 2 9 8
m 3 4 7
m 3 17 0
q 3
b 1
f 1
m 2 2 8
q 2
m 3 14 9
m 3 18 16
m 1 11 17
m 1 16 11
p
m 2 11 5
p
m 3 14 16
m 3 5 16
m 1 18 11
m 3 5 14
m 3 6 13
m 2 17 5
m 2 7 2
m 3 15 0
m 1 1 15
m 1 11 15
m 2 8 1
m 2 9 6
g 2 2 16
m 3 10 5
m 1 9 16
m 1 10 9
m 2 8 8
m 2 5 4
m 3 12 12
m 1 3 3
m 2 3 7
m 2 4 1
m 3 10 12
m 3 13 14
b 3
m 1 17 12
m 1 17 6
m 2 13 0
m 2 12 15
q 2
m 3 14 7
q 3
m 1 9 7
m 2 19 3
m 2 0 15
m 3 16 3
m 1 2 0
m 2 10 19
m 2 10 7
b 2
m 3 6 4
m 3 4 16
m 1 14 15
g 2 0 6
m 3 10 12
m 1 15 2
b 1
m 2 16 0
m 2 12 3
m 1 2 1
m 1 5 12
m 2 16 13
b 2
m 3 11 4
m 3 8 3
m 1 11 3
m 2 1 12
b 2
m 3 15 7
m 3 16 14
m 1 16 3
m 1 15 0
m 2 13 13
m 3 14 16
m 3 10 5
m 1 17 11
m 1 12 13
b 1
m 2 0 1
m 3 8 15
m 3 11 7
m 1 4 14
m 1 0 9
m 2 8 7
m 2 7 7
m 3 15 17
m 3 5 7
m 2 12 15
m 3 13 13
m 1 4 3
m 1 6 5
m 2 14 9
m 2 13 3
b 2
g 2 16 5
m 3 9 1
m 3 13 15
m 1 9 4
m 2 7 12
m 2 15 5
m 3 3 10
m 1 9 7
m 1 5 3
m 2 12 15
m 2 8 9
m 3 1 6
m 1 15 14
m 2 9 15
m 2 14 16
b 2
m 3 10 9
m 3 11 8
b 3
m 1 16 15
m 2 3 3
m 2 14 6
b 2
m 3 2 12
m 1 4 2
m 1 9 4
m 2 11 15
m 2 12 1
b 2
f 2
q 2
m 3 6 8
b 3
m 1 12 3
m 1 9 13
q 1
m 2 5 7
m 2 2 10
m 3 3 7
b 3
m 1 4 1
m 2 16 1
m 2 12 6
m 3 0 5
m 3 19 1
f 3
m 1 5 7
m 1 16 9
m 2 5 0
m 3 13 10
m 1 10 13
b 1
f 1
m 2 11 7
f 2
m 3 7 2
m 3 17 14
b 3
m 1 13 0
p
m 2 12 7
m 2 14 16
p
m 3 16 1
q 1
m 2 10 5
m 2 16 2
m 3 5 5
p
m 1 0 4
m 1 13 0
m 2 3 7
m 3 14 1
m 3 4 12
m 1 14 19
f 1
m 2 5 18
g 2 5 1
m 3 9 7
m 3 16 8
m 1 8 12
b 1
m 2 16 1
m 3 0 16
m 3 4 9
m 1 2 8
m 2 3 10
m 2 11 15
m 3 8 1
m 1 1 3
m 2 14 9
m 2 10 14
m 3 2 2
f 3
m 1 7 16
m 1 4 2
b 1
m 2 10 1
m 2 16 15
m 3 8 12
m 3 9 6
m 1 2 9
m 1 2 13
m 2 13 8
q 2
m 3 5 3
m 3 9 14
b 3
m 1 9 12
m 1 3 0
m 2 12 0
m 3 8 17
m 1 4 8
m 1 11 9
m 2 16 12
b 2
m 3 2 9
m 1 11 13
m 1 15 4
m 2 10 16
m 2 10 15
m 3 14 14
f 3
m 1 1 1
m 2 0 10
m 2 9 3
m 3 13 5
b 3
g 3 1 10
m 1 13 15
m 2 11 3
m 2 5 5
m 3 10 9
m 3 3 12
b 3
m 1 4 6
m 2 1 3
m 3 0 0
b 3
m 1 8 1
m 1 16 8
m 2 1 13
m 2 12 16
g 2 2 2
m 3 11 9
p
m 1 3 10
m 2 4 16
m 2 11 12
b 2
q 2
m 3 12 8
m 3 3 16
m 1 9 3
g 1 0 12
m 2 9 13
f 2
q 3
m 1 14 1
m 2 7 19
m 3 7 13
b 3
m 1 14 1
m 2 6 0
m 3 4 12
m 3 17 9
p
m 1 9 12
m 1 11 10
m 2 11 8
m 2 8 0
b 2
m 3 16 2
m 1 8 10
f 1
m 2 5 13
f 2
p
m 3 11 4
p
m 1 9 18
m 2 16 17
m 2 9 2
m 3 9 18
m 1 3 2
m 2 10 1
m 2 1 16
b 2
m 3 14 8
f 3
m 1 8 19
m 1 11 0
b 1
f 1
m 2 14 2
m 3 16 6
m 3 13 15
f 3
p
m 1 7 0
m 1 10 4
m 2 7 0
m 3 15 12
m 3 12 11
m 1 9 18
m 1 0 8
q 1
m 2 6 3
m 3 15 3
m 3 7 9
m 1 9 0
m 2 15 5
m 2 1 14
m 3 11 13
m 3 4 2
b 3
f 3
m 1 7 13
b 1
q 1
m 2 8 10
m 2 3 3
m 3 3 10
b 1
m 2 14 11
m 2 7 1
m 3 10 16
m 1 11 7
m 2 6 1
m 3 0 19
m 3 13 3
m 1 4 19
m 1 1 10
m 2 0 7
m 3 4 14
q 3
g 3 1 7
m 1 11 7
b 1
m 2 8 7
m 3 3 18
m 3 8 14
q 3
m 1 4 16
b 1
m 2 1 14
m 3 2 8
m 1 13 15
p
m 3 2 6
m 1 11 19
p
m 3 6 8
m 1 3 18
b 1
f 1
m 2 2 13
m 2 9 15
m 3 3 0
f 3
m 1 9 5
m 2 14 13
m 2 13 3
p
m 3 10 4
m 1 10 7
m 1 16 3
m 2 9 1
m 3 11 0
m 1 6 3
g 1 3 8
m 2 13 0
b 2
q 3
m 1 12 5
m 1 2 1
m 2 11 2
g 2 8 9
m 3 1 0
m 3 8 4
m 1 13 17
b 1
m 2 12 9
m 2 5 5
b 2
p
m 3 1 5
m 1 1 8
m 2 15 13
p
m 1 13 3
b 1
m 2 5 14
m 2 17 16
q 2
m 3 13 18
q 3
m 1 14 19
m 1 15 16
m 2 18 5
m 2 14 9
m 3 13 8
m 1 5 7
m 2 16 6
m 3 5 16
m 1 12 9
b 1
m 2 15 2
m 3 14 6
m 3 13 4
b 3
m 1 10 4
m 1 13 6
p
m 2 1 13
m 2 6 14
q 2
m 3 9 0
f 3
q 3
m 1 4 14
m 1 15 11
m 2 11 0
m 3 10 15
b 3
m 1 2 0
m 1 15 16
m 2 9 9
m 2 15 6
m 3 8 17
m 3 4 13
m 1 6 6
m 1 8 12
b 1
q 1
m 2 7 13
m 2 10 11
f 3
b 1
f 1
p
m 2 15 15
m 2 6 1
p
m 3 10 7
f 3
m 1 10 15
m 2 1 4
m 3 16 13
m 1 4 19
m 2 15 17
m 2 0 14
m 3 5 14
m 1 11 10
m 2 17 4
m 3 8 17
m 1 12 18
f 1
m 2 7 6
m 3 1 5
m 3 16 7
b 3
q 3
m 1 15 18
m 1 7 14
m 2 10 0
m 3 9 9
q 3
m 1 6 19
q 1
m 3 5 15
q 3
m 1 13 18
m 1 9 9
m 2 11 11
m 2 9 10
b 2
m 3 15 14
m 3 1 5
b 3
m 1 10 17
q 1
g 1 16 4
m 2 5 0
m 3 2 12
m 3 0 12
m 1 7 2
m 1 11 6
m 2 15 7
m 2 15 12
m 3 12 18
m 3 3 6
m 1 0 4
m 1 4 8
m 2 3 2
m 3 11 9
m 1 15 3
m 2 14 12
m 2 11 13
f 2
m 3 11 4
m 1 11 4
m 1 16 6
q 1
m 2 6 8
m 2 5 5
b 2
m 3 16 19
b 3
m 1 4 2
m 1 0 1
m 2 2 13
m 2 16 2
m 3 2 8
m 1 4 16
m 1 15 3
f 1
m 2 16 11
m 2 17 2
m 3 1 5
m 1 3 0
m 2 16 13
m 3 2 19
m 3 15 1
m 2 15 7
m 2 16 8
b 2
p
m 3 15 19
f 3
m 1 15 4
m 2 8 2
m 2 1 16
m 3 5 12
m 1 9 13
m 1 14 11
p
m 3 3 17
m 1 2 12
m 2 3 2
m 2 14 14
b 2
g 2 10 11
p
m 3 10 15
m 3 8 6
m 1 1 1
m 1 11 13
m 2 11 19
m 3 12 15
b 3
q 3
m 1 13 3
m 2 12 9
m 3 3 2
m 1 14 2
q 1
m 2 15 18
m 3 16 14
f 3
m 1 15 3
q 1
b 3
m 1 4 18
m 2 14 12
b 2
m 3 2 19
f 3
q 3
m 1 2 4
m 2 12 12
m 2 5 3
f 2
m 3 11 4
m 1 9 19
m 2 16 13
m 2 14 11
m 3 6 4
m 3 9 9
b 3
m 2 11 14
q 2
m 3 10 17
m 3 7 8
m 1 1 10
m 1 4 11
q 1
m 2 16 6
m 3 4 8
q 3
f 1
m 2 14 2
m 2 13 14
m 3 11 9
m 1 9 18
f 1
q 1
m 2 8 3
m 2 12 9
m 3 7 4
m 1 9 13
m 1 5 12
m 2 2 18
m 2 6 14
m 3 12 13
m 1 7 1
m 2 3 10
p
m 3 0 14
m 3 3 3
q 3
m 1 11 2
m 2 1 5
q 2
m 3 13 2
f 3
m 1 4 14
m 1 17 16
m 2 9 13
m 2 9 8
m 3 13 8
m 3 1 13
m 1 9 18
m 2 0 3
m 3 9 1
m 3 1 5
b 3
f 1
m 2 8 10
m 2 3 11
b 2
f 2
m 3 5 12
m 1 1 5
m 1 11 8
q 1
m 3 9 18
m 3 11 8
m 1 5 1
b 1
m 2 1 17
m 2 4 3
m 3 7 0
m 3 17 15
m 1 3 7
m 1 10 14
q 1
m 2 6 3
m 3 16 16
m 3 1 4
m 1 7 19
m 1 0 4
m 2 2 0
m 3 13 16
m 3 1 2
m 1 14 6
q 1
m 2 8 15
m 2 4 15
q 2
m 3 9 15
m 3 10 6
m 1 6 0
m 3 10 16
m 3 18 12
m 1 7 19
m 1 1 13
f 1
m 2 10 17
m 3 0 19
m 1 10 6
m 3 16 2
g 3 9 0
m 1 7 12
m 1 7 11
m 2 3 7
m 2 19 10
q 2
m 3 15 10
m 1 14 2
b 1
m 3 4 18
m 3 8 1
m 1 11 5
g 1 15 4
m 2 17 6
m 2 2 2
m 3 10 7
m 1 6 5
f 1
m 2 14 3
q 2
g 2 8 9
m 3 2 12
g 3 9 16
m 1 15 15
m 1 14 0
m 2 6 13
m 2 18 6
b 2
m 3 19 2
b 3
m 1 8 3
m 1 13 1
m 2 2 12
m 2 6 16
m 3 7 16
m 3 19 8
f 3
q 3
b 1
m 2 5 6
m 2 2 8
m 3 16 7
m 1 3 2
b 1
m 3 6 5
m 3 15 2
m 1 3 11
q 1
m 2 9 13
m 2 0 15
m 3 8 5
m 1 18 0
m 2 10 12
m 2 14 2
q 2
m 3 1 17
m 3 7 12
m 1 11 13
f 1
q 1
m 2 6 7
m 3 15 19
m 1 2 5
m 1 3 8
m 2 15 2
m 2 3 9
m 3 10 4
m 1 0 3
m 2 7 13
m 2 12 16
m 3 14 2
g 3 8 1
f 1
m 2 11 8
m 2 0 1
b 2
m 3 14 3
m 1 1 6
m 2 15 14
m 3 8 6
m 3 1 16
q 3
m 1 0 1
m 2 2 6
m 2 16 2
p
m 3 2 18
m 3 6 12
m 1 5 3
m 2 11 2
m 2 14 14
q 2
m 3 11 13
g 3 0 1
m 1 2 10
m 1 8 4
f 1
m 2 12 13
m 2 19 6
m 3 9 5
m 1 6 16
m 2 4 3
m 2 0 1
m 3 9 5
m 1 15 7
m 1 2 10
m 2 11 10
m 3 3 17
m 1 19 6
m 2 7 2
m 3 13 3
q 3
m 1 9 10
m 1 12 15
m 2 11 1
f 2
m 3 14 10
m 3 3 5
m 1 3 2
m 2 6 1
m 2 8 8
m 3 4 7
m 1 3 2
m 2 13 1
m 3 17 0
m 1 10 4
m 2 16 19
m 2 7 13
q 2
m 3 7 13
m 3 0 6
m 1 10 16
m 1 17 13
f 1
m 2 11 8
m 1 11 19
m 1 5 11
m 2 11 11
m 2 19 10
m 3 11 9
m 1 9 1
m 1 8 12
f 1
q 1
m 2 13 0
m 3 9 19
m 1 13 12
m 1 19 15
b 1
m 2 7 2
m 3 4 13
q 3
m 1 4 18
m 1 0 6
f 1
q 1
m 2 16 3
m 2 18 4
f 2
q 2
m 3 15 8
f 3
m 1 0 11
p
m 2 15 7
m 3 4 14
m 3 0 4
m 1 12 19
m 2 15 0
m 3 10 12
m 1 3 10
m 1 10 11
q 1
m 2 7 17
m 2 16 15
m 3 11 8
f 1
m 2 9 3
m 3 16 19
m 3 10 15
q 3
m 1 17 14
m 1 11 2
m 2 7 17
m 3 10 12
m 3 0 8
m 1 7 13
m 1 3 6
p
m 2 10 6
m 2 1 4
f 2
m 3 10 16
m 3 15 6
q 3
m 1 10 7
m 1 1 2
p
m 3 4 16
p
m 1 1 17
m 1 1 13
m 2 8 1
m 3 1 18
m 3 12 16
m 1 1 3
m 3 10 7
m 3 3 2
m 1 4 19
f 1
m 2 15 6
m 2 16 13
g 2 11 4
m 3 2 6
m 3 17 13
g 3 3 11
m 1 11 13
m 1 1 12
m 2 1 3
m 3 2 0
m 1 6 8
f 1
g 1 12 4
m 2 5 7
m 2 2 14
m 3 7 1
q 3
m 1 7 13
m 1 8 7
f 1
m 2 2 6
m 2 12 5
m 3 3 2
m 1 7 17
f 1
m 2 17 6
q 2
b 3
m 1 4 16
m 1 2 6
m 2 11 8
m 3 14 13
m 1 18 2
m 1 16 10
f 1
m 2 4 3
m 3 2 5
m 3 7 13
m 1 4 12
b 3
m 1 6 2
m 2 3 18
m 2 9 15
f 2
g 2 2 1
m 1 9 19
m 1 0 10
g 1 1 9
m 2 3 10
m 2 18 11
m 3 5 2
m 3 3 3
m 1 10 7
m 2 7 13
m 2 11 2
m 3 12 9
m 1 3 13
m 1 11 0
m 3 7 13
f 3
m 1 15 3
m 1 16 13
f 1
m 2 0 15
f 2
m 3 3 2
m 1 10 7
m 2 13 18
m 3 2 10
m 3 13 3
m 1 4 3
m 1 11 13
m 2 10 5
m 2 0 8
m 3 15 6
m 3 4 12
m 1 9 2
m 1 0 15
p
g 2 4 8
m 3 14 12
q 3
m 1 14 11
m 1 0 7
m 2 17 0
b 2
f 2
m 3 18 2
m 1 4 14
m 1 13 16
m 2 9 5
m 3 17 11
m 3 12 16
b 3
m 1 4 3
m 1 2 0
m 2 13 8
m 3 14 18
m 3 4 0
m 1 0 10
q 1
m 2 0 3
m 2 6 11
q 2
g 2 1 2
m 3 5 14
m 3 16 7
m 1 16 9
m 2 11 7
m 3 7 18
m 3 12 11
m 1 16 19
m 1 18 11
g 1 0 0
m 2 17 6
f 2
m 3 3 18
m 3 15 11
m 1 12 7
m 1 15 11
b 1
m 2 9 6
m 2 5 3
f 2
q 3
m 1 14 3
m 2 14 18
b 2
m 3 15 2
m 3 17 13
m 1 10 10
b 1
m 2 3 2
m 2 12 1
m 3 0 19
m 3 1 1
m 1 11 3
m 1 15 3
p
m 2 14 8
m 2 10 7
q 2
m 3 2 0
m 3 16 11
q 3
m 1 11 9
m 1 4 13
f 2
m 3 7 18
f 3
q 3
m 1 4 16
m 1 7 6
m 2 14 18
m 2 7 3
m 3 13 18
f 3
m 1 13 16
b 1
m 3 14 12
m 3 10 4
b 3
m 1 16 2
f 1
m 2 9 13
f 2
m 3 2 12
m 3 17 0
m 1 11 19
m 1 3 7
m 2 5 14
m 2 12 6
m 3 1 8
m 1 3 2
q 1
m 2 14 11
m 3 11 8
m 2 1 0
m 2 3 13
m 3 9 15
m 3 1 9
b 3
m 1 10 4
b 1
m 2 15 15
m 2 2 4
m 3 4 3
f 1
m 2 16 4
q 2
m 3 1 11
f 3
m 1 8 10
g 1 8 19
m 2 15 5
m 3 9 0
m 3 4 3
m 1 0 16
m 1 11 12
m 2 13 8
q 2
g 2 10 10
m 3 9 13
f 3
g 3 3 1
m 1 3 14
m 2 9 5
m 2 16 8
g 2 14 16
m 1 9 19
m 1 17 11
m 2 1 18
m 2 19 12
q 2
m 3 9 15
m 1 15 6
f 1
m 2 3 17
m 3 11 8
m 3 6 12
m 1 2 10
m 2 4 6
m 3 9 5
q 3
m 1 4 7
m 1 11 11
m 2 3 2
q 2
g 2 9 17
m 3 10 5
b 3
m 1 9 1
f 1
m 2 14 12
b 2
f 2
m 3 14 18
m 3 19 15
b 3
m 1 3 10
m 1 4 9
m 2 0 15
m 3 18 0
m 1 9 15
m 1 14 14
m 2 16 19
m 3 8 18
m 1 7 13
m 2 9 5
m 3 8 5
m 1 3 2
m 2 10 5
m 2 7 0
f 2
q 3
m 1 4 3
m 2 11 13
m 2 16 4
m 3 15 12
m 3 0 6
m 1 7 1
m 2 18 13
f 2
m 3 19 6
m 3 18 6
p
m 1 2 12
m 1 9 15
f 1
q 2
m 3 6 7
m 3 18 7
m 2 15 2
q 2

