B 10 8 4 9
m 1 0 5
m 1 4 3
q 1
m 2 8 0
g 2 5 0
m 3 5 1
m 3 4 2
q 3
m 4 4 0
m 4 3 1
m 1 7 2
m 2 4 1
q 2
g 2 1 3
m 3 1 0
m 3 1 5
b 3
m 4 8 7
p
m 1 4 8
m 2 4 5
m 2 9 3
m 3 1 0
m 4 6 3
m 1 3 0
m 2 0 5
b 2
m 3 1 2
m 3 1 0
m 4 2 9
p
m 1 1 9
m 1 1 2
m 2 0 5
m 2 4 4
b 2
m 3 0 9
m 4 8 2
m 4 5 2
b 4
m 1 2 6
m 1 0 3
m 3 0 7
m 4 5 8
m 4 8 7
b 4
m 1 2 2
m 2 0 9
m 2 1 6
m 3 6 4
m 4 7 1
m 4 9 1
q 4
m 1 0 4
q 1
m 2 6 2
m 2 4 4
q 2
m 4 8 0
m 4 2 5
b 4
m 1 1 2
m 1 2 6
p
m 2 9 3
q 2
m 3 5 8
m 1 3 8
m 2 9 4
m 3 4 5
g 3 7 8
m 4 0 2
m 1 8 0
m 1 0 0
m 2 3 5
m 3 4 5
m 4 0 3
m 4 2 7
m 1 7 4
m 1 0 4
m 2 6 7
m 2 9 2
f 2
m 1 1 3
m 1 6 3
g 1 0 1
q 2
g 2 1 7
m 3 8 1
m 3 6 2
b 3
m 4 5 4
m 4 9 0
q 4
m 1 7 4
m 2 4 3
m 3 5 9
m 4 7 3
m 1 6 0
m 1 3 3
m 2 4 2
m 2 7 4
m 4 7 4
m 4 8 1
m 1 6 8
m 2 5 0
q 2
m 3 3 8
m 3 2 2
m 4 6 1
m 4 1 0
f 4
m 1 5 7
m 2 5 7
m 3 6 6
m 4 0 6
m 1 3 2
p
m 2 4 8
b 2
m 3 6 5
m 3 5 0
m 4 5 9
p
m 1 7 2
m 1 1 5
m 2 5 9
p
m 3 9 0
m 3 4 5
m 1 6 8
m 2 6 0
m 3 0 6
q 3
m 4 1 5
m 1 1 5
b 1
q 1
m 2 3 7
m 2 0 3
m 3 4 5
m 4 1 1
m 1 5 5
m 1 7 3
m 2 1 0
m 3 1 0
m 3 1 3
m 4 5 9
p
q 1
m 2 0 2
m 2 0 3
m 3 9 2
m 3 0 7
m 4 7 7
m 4 7 2
f 4
p
m 2 7 4
m 3 2 0
m 3 5 3
m 4 2 3
q 4
m 1 4 1
m 1 8 1
m 2 5 7
f 2
m 3 1 0
m 3 4 5
m 4 1 0
m 1 6 8
f 1
m 2 1 1
m 3 7 0
g 3 0 5
m 4 7 1
m 4 4 6
m 1 1 2
m 1 0 5
m 2 6 4
f 2
p
m 3 2 0
m 3 9 0
b 3
m 4 5 8
p
m 1 6 5
b 1
m 2 2 0
m 2 8 6
m 3 6 9
q 3
m 1 2 0
m 2 6 7
m 3 4 5
m 3 1 2
m 4 6 3
q 4
m 1 6 9
m 1 2 1
m 2 4 2
f 2
m 3 6 4
m 3 4 4
m 4 1 1
b 4
m 1 3 8
m 1 3 4
m 2 6 9
m 2 9 1
b 2
m 3 4 5
m 3 0 6
m 4 7 2
m 1 8 7
g 1 0 1
m 2 6 8
m 3 6 4
m 4 6 7
m 4 6 6
m 1 3 2
m 2 3 8
m 3 3 2
m 1 3 2
m 2 0 0
m 2 9 3
m 3 0 3
m 4 6 8
m 1 7 9
m 1 1 3
m 2 6 3
m 3 4 5
m 3 7 6
b 3
b 4
q 4
m 1 3 1
q 1
m 2 7 4
m 3 6 8
m 3 6 1
m 4 3 6
b 4
m 1 0 7
m 1 7 0
m 2 1 0
m 3 4 8
m 3 4 2
m 4 3 2
m 1 4 1
m 2 7 4
m 2 9 2
b 2
m 3 3 1
m 4 7 2
q 4
m 1 7 4
f 1
m 2 6 4
m 2 7 4
m 3 4 5
m 3 5 5
m 4 1 1
m 1 5 7
m 1 6 2
m 2 1 1
f 2
m 3 6 5
m 3 2 6
m 4 5 4

