B 5 4 6 4
m 1 0 0
m 1 4 1
m 2 1 0
m 2 4 2
b 2
m 3 3 2
f 3
m 4 3 3
b 4
f 4
q 5
m 6 0 2
m 6 2 1
q 6
p
m 1 3 2
p
m 2 1 0
m 3 0 0
m 4 3 1
m 5 3 2
m 6 1 0
m 6 1 3
m 1 2 1
m 1 3 1
m 2 1 1
m 3 0 0
g 3 3 2
m 4 1 0
m 5 1 2
f 5
m 6 0 3
m 1 3 0
m 1 1 2
m 2 2 2
p
m 3 3 2
p
m 4 3 0
m 5 4 3
m 5 3 1
m 6 4 2
m 1 1 0
m 2 1 0
m 2 1 1
m 3 0 2
m 3 1 3
f 3
m 4 4 0
b 4
g 4 3 4
m 5 3 2
f 5
m 6 1 0
m 1 1 3
m 1 1 3
m 2 0 2
m 2 4 3
m 3 4 0
m 3 4 3
m 4 1 0
m 4 3 1
m 5 1 0
m 5 3 0
m 6 3 2
m 6 1 2
q 6
m 1 1 0
m 2 1 0
b 2
f 2
q 2
g 2 1 3
m 3 1 2
f 3
m 4 4 3
m 4 2 0
g 4 2 0

