B 5 10 3 8
m 1 2 3
b 1
g 1 7 0
m 2 2 4
g 2 3 2
m 3 1 1
m 1 2 7
m 2 8 0
m 2 1 2
f 2
q 2
p
m 3 0 3
m 1 4 5
m 1 4 5
f 1
m 2 1 7
m 2 2 4
m 3 4 9
m 3 3 7
m 1 1 4
m 2 3 4
m 3 9 0
m 1 0 0
m 1 2 0
m 2 3 1
m 2 4 0
m 3 8 2
m 3 4 4
m 1 5 2
m 1 1 3
m 2 2 4
m 2 1 7
f 2
m 3 8 0
m 3 2 6
m 1 1 0
m 2 1 2
m 2 1 7
m 3 2 4
m 3 0 4
m 1 3 7
m 1 3 2
m 2 3 3
m 2 3 6
m 3 3 5
m 3 2 9
m 1 4 2
m 2 5 0
m 2 1 8
q 2
m 3 6 4
m 3 2 0
m 1 2 2
m 2 0 1
m 3 9 0
m 3 0 2
m 1 5 1
m 1 0 7
m 2 3 2
m 2 1 8
m 3 8 3
b 3
f 3
m 1 9 1
m 1 1 5
m 2 3 4
m 3 5 2
m 3 1 7
f 3
m 1 0 3
m 2 3 5
m 2 4 4
m 3 1 5
m 1 9 3
m 1 2 8
m 2 5 0
m 2 1 2
b 2
m 3 3 4
m 3 3 9
m 1 2 1
p
m 2 4 6
g 2 6 2
m 3 3 4
m 1 0 4
m 2 6 1
b 2
m 3 8 0
m 1 8 4
m 2 8 0
m 2 3 6
m 3 1 0
m 3 2 4
m 1 9 1
m 1 0 2
f 1
m 2 1 5
p
m 3 0 6
m 3 4 3
m 1 1 4
m 2 8 0
f 2
m 3 2 8
m 3 1 6
m 1 1 4
m 2 9 1
g 2 2 3
m 3 0 3
m 1 5 2
m 2 7 4
m 2 0 3
m 3 4 9
m 1 2 1
b 1
g 1 4 2
m 2 0 9
b 2
m 3 9 1
m 1 2 4
m 1 0 2
b 1
m 2 1 8
q 2
m 3 7 4
m 1 3 4
m 1 1 5
b 1
g 1 4 3
m 2 8 3
m 3 1 7
m 3 2 6
m 1 4 0
m 2 7 4
m 2 4 8
b 2
q 2
m 3 5 0
m 2 8 3
f 2
m 3 8 3
m 1 2 5
b 1
f 1
m 2 0 3
m 3 1 9
m 1 4 8
m 2 1 4
f 2
m 3 0 6
p
m 1 8 0
b 1
m 2 2 7
m 2 1 6
g 2 9 3
p
m 3 1 4
m 3 0 2
m 1 4 6
m 1 2 3
m 2 8 3
m 3 3 2
m 1 8 0
m 2 8 3
m 2 2 7
m 3 1 4
m 3 4 9
m 1 8 3
m 1 2 2
q 1
m 2 8 0
m 3 2 0
m 1 1 4
m 2 8 3
m 2 1 0
m 3 0 3
m 3 3 1
m 1 2 7
m 1 2 5

