B 7 4 5 5
m 1 0 2
m 1 1 0
b 1
q 1
m 2 1 3
b 2
m 3 1 3
m 3 3 0
m 4 1 0
b 4
f 4
q 4
m 5 0 1
m 5 0 1
m 1 0 2
m 1 4 1
m 2 6 2
m 3 3 5
m 4 2 4
m 4 3 1
m 5 0 5
m 1 5 1
m 1 4 0
m 2 0 6
m 3 5 3
m 3 6 3
b 3
m 4 2 4
m 5 2 2
m 5 5 3
m 1 1 6
m 2 6 0
m 3 3 0
b 3
f 3
m 4 2 3
p
m 5 1 1
m 5 6 3
m 1 0 0
m 2 0 3
m 2 2 2
m 3 1 2
f 3
m 4 6 3
b 4
m 5 2 0
b 5
m 1 2 4
b 1
m 2 0 5
m 3 2 5
m 3 3 3
m 4 2 4
m 5 4 1
f 5
m 1 3 4
m 2 2 4
m 2 1 1
m 3 3 4
m 3 4 0
m 4 1 2
m 5 3 1
m 1 2 5
m 2 0 5
m 2 0 3
m 3 0 5
m 3 3 3
b 3
m 4 2 5
m 4 5 1
m 5 1 2
m 5 0 2
q 5
m 1 2 4
m 1 4 1
m 3 2 5
f 3
m 4 2 3
m 4 2 3
p
m 5 5 3
m 5 1 3
m 2 2 3
m 2 2 3
m 3 2 3
b 3
m 4 1 6
m 5 3 4
p
m 1 0 5
f 1
m 2 2 1
m 2 6 1
m 3 2 5
m 4 2 5
b 4
f 4
m 5 0 5
m 1 2 3
m 1 5 2
b 1

