B 5 6 3 5
m 1 4 0
m 1 0 2
m 2 2 4
m 2 1 4
m 3 0 2
m 1 2 1
m 1 3 2
m 2 3 2
p
m 3 2 5
m 3 4 0
q 3
m 1 3 5
m 2 5 0
m 3 5 1
b 3
m 1 2 4
m 2 0 1
f 2
m 3 2 4
m 3 4 2
f 3
m 1 4 3
m 2 3 4
m 2 0 4
m 3 3 1
m 3 3 0
b 3
m 1 5 4
g 1 1 3
m 2 3 2
m 3 3 1
m 3 3 2
m 1 0 1
m 1 0 2
m 2 0 4
m 3 3 0
g 3 4 3
m 2 3 0
m 2 1 4
m 3 5 0
b 3
m 1 3 4
m 1 1 1
m 2 4 0
m 3 5 0
m 3 0 5
b 3
f 3
q 3
m 1 3 0
m 1 0 3
m 2 1 1
m 3 0 2
g 3 5 3
m 1 3 4
f 1
m 2 3 2
m 2 3 1
m 3 4 3
m 3 2 0
m 1 1 4
m 1 0 5
m 2 5 4
m 2 3 1
q 2
m 3 4 4
m 1 1 4
m 1 1 2
m 2 2 5
m 3 3 0
m 1 0 4
m 2 4 4
m 2 1 2
m 3 3 3
m 3 3 2
q 1
m 2 3 1
m 3 2 2
b 3
m 2 3 2
m 2 0 3
m 3 0 5
f 3
g 3 1 1
m 1 3 1
m 3 0 1
q 3
m 1 3 1
m 1 4 1
m 2 5 1
m 2 3 5
m 3 0 1
m 3 2 4
m 1 0 1
f 1
m 2 3 2
m 3 3 2
q 3
g 3 1 0
m 1 2 0
g 2 2 3
m 3 0 1

