B 8 5 3 19
m 1 6 0
m 2 4 7
m 2 2 3
m 3 3 7
m 1 3 4
b 1
m 2 2 2
m 3 2 4
m 1 3 1
m 2 3 4
b 2
f 2
m 3 3 1
m 3 4 0
b 3
m 1 3 6
m 2 1 4
m 2 7 4
b 2
q 2
m 3 3 3
m 1 1 1
m 2 2 0
m 2 6 3
m 3 1 7
m 1 3 7
m 1 0 3
m 2 0 1
m 2 3 2
m 3 3 1
m 1 1 2
p
m 2 4 5
m 3 6 0
m 1 4 1
q 1
m 2 2 6
m 2 6 4
b 3
m 1 0 0
b 1
q 1
m 2 2 5
b 2
m 3 4 5
m 3 2 2
m 1 2 7
m 2 1 5
m 2 6 0
m 1 1 6
m 1 2 1
g 1 0 4
m 3 2 7
m 3 3 3
m 1 0 5
m 1 6 3
p
m 2 3 5
m 2 6 0
m 3 0 3
m 3 0 1
m 1 0 7
m 2 4 0
m 2 2 4
m 3 4 4
q 3
m 1 3 4
m 2 2 5
m 1 3 5
m 2 2 4
m 3 0 0
m 3 5 2
f 1
m 2 0 5
m 1 3 4
m 2 2 6
m 2 6 3
g 2 1 4
m 3 5 0
b 1
m 2 4 0
m 3 3 0
f 3
m 1 5 2
p
m 2 4 5
m 2 2 4
m 3 1 7
m 3 1 0
m 1 2 4
m 1 3 0
m 2 3 4
m 3 1 5
m 3 5 1
m 1 0 7
m 1 3 1
m 2 4 0
m 3 4 0
g 3 0 0
m 1 3 7
m 1 7 2
f 1
m 2 6 4
m 3 7 4
m 3 7 1
m 1 2 6
m 2 3 4
m 3 3 4
m 3 0 4
m 1 0 3
q 1
m 2 5 1
m 3 0 7
m 3 1 0
q 3
p
m 1 1 6
m 2 2 6
m 2 4 3
m 3 2 6
m 3 5 1
q 3
m 1 3 3
m 1 3 3
g 1 4 6
m 2 3 7
m 2 5 2
m 3 1 0
m 3 7 4
m 1 6 1
q 1
m 2 3 7
m 2 3 4

