B 5 9 2 33
m 1 4 1
m 2 3 2
f 2
m 1 3 6
m 1 4 3
m 2 5 4
m 1 1 4
q 1
m 2 5 0
f 2
q 2
m 1 3 1
m 1 4 3
m 2 8 0
f 2
q 2
m 1 2 1
m 2 2 1
m 2 1 2
b 2
p
m 1 8 2
m 2 2 4
m 1 0 4
q 1
g 1 4 2
p
m 2 6 0
m 2 1 5
m 1 7 0
m 1 0 0
q 1
m 2 2 0
m 2 4 2
m 1 4 3
m 1 2 4
m 2 2 8
m 1 1 0
m 1 4 0
b 1
m 2 7 0
b 2
m 1 1 8
m 1 2 5
m 2 0 7
f 2
m 1 6 2
b 1
g 1 2 3
m 2 2 0
m 2 4 8
m 2 5 3
m 2 1 2
m 1 2 2
m 1 1 1
f 1
q 1
m 2 2 6
m 1 3 3
m 2 6 4
f 2
m 1 4 2
m 1 0 5
m 2 4 1
m 1 7 3
m 2 7 3
m 1 7 3
b 1
p
m 2 7 2
b 2
m 1 2 6
q 1
m 2 6 1
m 1 4 3
m 1 0 2
g 1 2 3
m 2 4 4
f 2
q 2
m 1 5 4
b 1
m 2 8 3
m 2 3 4
m 1 3 8
m 1 0 0
m 2 7 4
m 2 3 0
m 1 7 1
m 1 3 6
m 2 3 2
b 2
m 1 3 0
m 2 3 2
m 2 2 4
f 2
m 1 7 1
m 1 1 5
m 2 0 1
m 1 2 5
m 1 3 3
m 2 0 3
m 2 1 7
m 1 3 1
m 1 2 4
g 1 2 3
m 2 4 7
m 1 3 1
m 1 2 0
m 2 6 0
p
m 1 7 3
b 1
m 2 6 4
m 2 3 7
m 1 0 4
f 1
q 1
m 2 3 1
m 1 8 0
m 1 3 2
m 2 7 2
m 2 1 3
m 1 0 7
g 1 3 1
m 2 6 0
m 2 0 8
b 2
m 1 6 1
m 2 4 3
m 2 2 2
m 1 6 0
m 2 3 8
m 2 4 8
m 1 1 4
m 2 6 0
m 2 3 2
b 2
m 1 6 1
m 1 2 7
q 1
m 1 4 2
q 1
m 2 5 3
m 1 0 4
m 2 6 0
m 2 4 5
g 2 8 3
m 1 6 4
b 1
q 1
m 1 3 2
m 2 6 1
f 2
p
m 1 3 2
m 1 0 3
m 2 6 1
b 2
m 1 3 2
m 1 3 4
m 2 2 6
m 2 3 6
q 2
q 1
m 2 1 4
m 2 3 1
m 1 6 4
m 1 3 8
m 2 5 3
m 2 1 8

