B 10 8 6 10
f 1
m 2 5 0
m 2 5 1
q 2
m 3 6 0
m 4 3 3
m 5 2 8
m 5 3 7
b 5
p
m 6 0 8
m 1 0 9
m 1 7 7
m 2 4 4
m 2 9 3
m 3 0 3
f 3
m 4 8 5
m 4 6 1
m 5 7 2
m 6 4 6
b 6
m 1 2 4
m 1 9 1
m 2 4 6
m 2 5 3
m 3 1 2
m 4 7 8
m 4 4 3
m 5 1 1
m 6 4 7
m 1 4 3
m 1 8 6
g 1 7 4
m 2 0 2
m 3 6 2
m 3 5 4
m 4 6 6
m 4 8 0
m 5 1 4
m 6 0 1
b 1
m 2 5 7
m 2 0 5
m 5 3 7
m 5 1 6
m 6 4 0
m 1 7 8
m 2 8 2
m 2 0 3
m 3 5 9
m 4 5 4
b 4
m 5 0 4
m 5 7 6
q 5
m 1 7 7
m 1 7 0
g 1 3 3
m 2 9 0
m 2 1 7
m 3 8 4
m 3 2 3
m 4 3 6
m 5 2 5
m 6 5 3
f 6
m 1 8 0
m 1 7 5
f 1
m 2 4 1
m 3 5 5
m 3 0 3
m 4 5 6
g 5 6 5
m 6 4 9
f 6
m 1 7 0
m 1 8 3
b 1
m 2 0 1
m 3 1 3
m 3 6 7
m 4 7 0
m 4 4 5
m 5 6 0
f 5
m 1 0 2
m 1 7 3
m 2 5 7
m 2 6 7
m 3 5 6
f 3
m 4 0 3
m 4 4 0
f 4
m 5 2 5
b 5
m 6 7 5
m 6 2 3
m 1 2 3
m 1 2 5
m 2 0 0
f 2
m 3 0 5
m 3 0 1
m 4 1 4
b 4
m 5 0 7
q 5
m 6 0 0
m 1 2 4
p
m 2 1 6
p
m 3 6 9
m 3 8 6
m 5 0 1
m 6 2 3
m 6 8 3
f 6
m 1 4 9
f 1
p
m 2 4 3
b 2
m 4 7 1
m 4 3 4
m 5 5 3
m 6 1 3
m 6 3 6
m 1 0 2
m 2 4 9
m 2 7 1
q 2
m 3 6 9
m 3 7 2
m 5 1 3
f 5
q 5
m 6 4 4
q 6
m 1 0 1
m 1 4 0
m 2 5 1
m 3 6 2
m 4 0 2
m 4 6 3
m 5 2 4
m 6 3 3
m 6 5 2
m 1 5 1
m 1 3 1
m 2 0 2
f 2
m 3 7 3
m 4 5 3
m 5 1 2
m 6 2 4
m 6 1 5
b 6
m 1 3 4
b 1
m 2 4 7
m 3 6 9
m 3 2 2
m 4 1 8
f 4
m 5 4 6
m 6 4 9
m 1 1 8
q 1
m 2 5 3
m 2 6 7
p
m 3 3 7
m 3 9 4
m 4 6 5
m 4 3 2
m 5 7 9
g 5 4 5
m 6 6 0
m 1 5 9
m 2 6 2
m 3 5 2
m 4 1 2
m 4 4 0
m 5 5 9
f 5
m 6 5 7
m 6 5 1
m 1 1 8
m 2 6 9
m 3 0 3
m 3 1 4
m 4 4 7
m 4 9 0
b 4
m 5 2 4
m 5 9 4
f 5
m 1 7 9
m 1 0 6
f 1
m 2 6 3
m 3 7 8
b 3
m 4 1 2
b 4
m 5 2 9
m 5 9 1
m 6 7 2
m 2 0 0
m 3 6 9
m 3 7 4
p
m 4 1 2
p
m 5 7 8
m 6 7 2
m 1 1 8
m 1 2 1
m 2 2 1
m 2 7 2
q 2
m 3 1 8
m 3 8 7
m 4 0 3
m 4 7 6
m 5 0 1
m 5 3 6
b 5
f 5
m 6 0 2
f 6
m 1 3 2
m 1 3 6
m 2 6 2
m 3 5 9
q 3
m 4 1 8
p
m 5 8 1
m 5 5 1
m 6 3 0
m 6 4 3
m 1 2 9
m 1 6 4
m 2 0 3
m 3 0 1
m 4 5 9
m 5 7 9
m 5 1 7
m 6 2 4
b 6
m 1 5 9
m 1 8 7
m 2 4 6
m 2 0 1
m 3 1 0
p
m 4 5 3
f 4
m 5 0 2
m 6 2 9
m 6 0 0
m 1 0 6
m 1 7 6
b 1
f 1
m 2 9 3
m 3 4 6
m 3 1 6
m 4 7 2
m 4 3 2

