B 8 6 5 8
m 1 1 2
m 1 1 1
m 2 0 0
m 2 0 4
m 3 1 6
m 3 6 4
m 4 2 4
g 4 4 6
m 5 4 1
m 5 5 2
m 1 3 0
m 2 1 5
m 3 0 7
m 4 3 4
m 5 1 6
b 5
m 1 3 6
m 2 2 7
m 3 1 2
m 5 1 6
m 5 2 1
b 5
m 1 1 7
m 1 5 5
f 1
m 2 3 4
m 2 2 0
m 3 2 2
q 3
m 4 3 4
m 5 5 6
m 1 0 5
m 2 3 5
m 2 0 5
m 3 3 0
b 3
m 4 2 0
m 4 2 4
b 4
m 5 4 4
m 1 0 4
m 1 1 2
m 2 5 4
m 2 3 0
b 2
f 2
m 3 3 3
m 4 3 1
p
m 5 3 5
m 5 7 1
b 5
m 1 5 2
m 1 3 1
m 2 4 7
m 2 5 2
m 3 5 6
m 3 1 0
p
m 4 5 6
m 4 5 0
m 1 2 0
m 1 5 4
m 2 3 4
m 2 7 0
f 2
m 4 5 2
m 4 3 4
f 4
m 5 0 0
m 5 6 4
m 1 0 4
b 1
m 2 2 5
m 3 5 7
m 3 7 1
m 4 1 5
m 4 1 5
m 5 2 4
m 5 6 1
q 1
g 1 4 3
m 2 7 2
m 2 5 4
m 3 2 3
m 3 1 3
g 3 5 5
m 4 6 0
m 5 4 7
m 5 0 3
m 1 4 1
m 1 7 5
m 2 6 2
m 2 3 2
p
m 3 4 1
m 4 2 4
m 4 2 3
m 5 4 7
p
m 1 4 1
m 2 0 4
m 3 1 0
m 3 4 1
m 4 2 2
m 5 4 7
m 5 5 2
f 5
q 5
m 1 3 6
q 1
m 2 7 3
m 3 2 4
m 4 1 5
m 5 2 0
m 1 2 0
f 1
m 2 2 0
m 2 2 1
f 3
m 4 3 5
m 5 1 0
m 1 5 6
m 1 4 1
m 2 0 4
m 2 5 3
f 2
m 3 1 0
m 3 0 0
m 4 5 6
m 4 4 0
b 4
f 4
m 5 4 1
m 2 3 4
m 2 4 3
q 2
m 3 6 2
m 3 6 5
m 4 1 0
m 4 1 0
m 5 3 6
m 5 7 3
m 1 3 6
m 2 2 0
m 3 3 5
m 3 2 5
p
m 4 4 1
p
m 5 5 4
m 5 2 4
m 1 1 5
m 2 1 0
m 3 2 4
m 4 5 4
m 4 4 5
g 5 1 1
m 1 2 4
m 2 0 1
m 3 6 2
m 4 1 5
m 4 7 5
b 4
m 5 3 4
m 5 7 1
m 1 2 0
m 1 5 3

