B 6 9 5 6
m 1 3 0
m 2 1 0
b 2
p
m 3 7 0
m 3 0 0
m 4 1 5
m 4 4 4
m 5 0 0
f 5
q 5
m 1 4 5
q 1
m 2 8 3
m 3 2 1
q 3
m 4 8 1
m 5 0 2
q 5
m 2 4 1
m 3 6 5
m 3 5 6
q 3
m 4 4 0
m 5 8 0
q 5
m 1 1 0
q 1
m 3 8 4
m 3 1 7
m 4 5 5
m 5 2 6
m 2 4 2
m 3 7 5
m 4 1 0
m 5 0 0
m 1 4 3
m 1 5 6
g 1 4 4
m 2 7 2
q 2
m 3 5 0
m 3 2 2
f 3
m 4 4 1
m 4 2 0
b 4
f 4
m 5 8 3
m 5 2 6
g 5 1 4
m 1 4 5
m 2 7 2
m 3 8 4
m 5 5 0
m 5 0 0
m 1 8 2
f 1
m 2 1 2
m 2 1 3
m 4 8 2
m 5 6 4
f 5
m 1 8 1
m 1 2 5
q 2
m 3 4 5
m 3 1 2
m 4 1 5
g 4 6 2
p
m 5 2 3
g 5 5 4
m 1 6 4
f 1
m 2 2 3
m 2 4 5
m 3 3 6
f 3
m 4 5 3
m 4 0 2
f 4
m 5 8 3
b 5
m 1 5 8
m 1 4 0
m 2 0 4
m 2 2 0
m 3 7 3
m 4 8 3
m 5 1 8
m 5 0 7
q 5
m 1 2 0
m 2 2 4
m 3 1 1
m 3 3 7
m 4 5 0
b 4
m 5 0 1
m 1 6 0
m 2 2 8
q 2
m 3 5 0
m 3 3 4
m 4 3 0
m 5 8 4
m 1 1 2
m 1 4 7
m 2 1 2
m 4 1 3
q 4
m 5 0 8
p
m 1 5 3
m 1 0 5
m 2 5 7
m 3 4 7
g 3 8 1
m 4 6 4
m 5 8 4
m 1 6 0
m 1 1 5
m 2 1 3
b 2
m 3 8 3
m 3 2 2
f 3
p
m 4 3 3
m 4 0 8
m 5 1 5
m 1 4 5
m 1 1 8
f 1
m 2 4 3
f 2
m 3 1 5
m 3 3 2
q 3
m 4 1 3
m 4 2 0
p
m 5 4 4
m 5 3 6
b 5
m 1 7 2
m 1 2 4
q 1
m 2 5 3
m 3 1 5
m 4 0 7
m 4 0 8
m 5 5 7
m 1 3 1
m 1 5 1
f 1
m 2 8 3
b 2
m 3 8 4
f 3
m 4 8 4
m 4 2 4
p
m 5 4 3
m 5 5 6
g 5 1 3
m 1 0 7
m 1 3 7
g 1 3 5
m 2 3 1
q 2
m 3 4 1
m 4 6 4
m 5 2 1
m 5 5 7
m 1 8 3
m 2 0 1
m 3 4 3
m 3 0 7
b 3
m 4 1 5
g 4 2 3
m 1 4 1
m 1 3 1
p
m 2 1 5
m 3 2 1

