B 6 8 4 13
m 1 4 4
m 1 5 4
m 2 4 4
m 3 2 5
m 3 1 0
p
m 4 1 2
q 4
m 1 0 0
q 1
g 2 5 2
m 3 0 6
m 3 1 0
m 4 1 7
p
m 1 2 2
m 1 1 6
b 1
m 2 5 5
q 2
q 3
m 4 5 4
m 4 2 3
m 1 5 4
f 1
m 2 1 6
m 3 4 3
m 4 2 0
m 4 0 7
b 4
m 1 0 4
m 2 2 4
m 2 4 2
m 3 0 5
m 1 0 3
m 1 0 2
m 2 4 3
m 2 3 3
q 2
g 2 5 0
m 3 5 0
m 3 1 7
m 4 0 4
m 4 4 0
m 1 7 5
m 2 2 2
m 3 7 2
m 3 3 4
m 4 4 1
m 4 5 0
m 1 6 4
m 2 3 4
p
m 3 1 1
m 3 4 6
m 4 1 3
m 4 3 4
q 4
p
m 1 0 7
m 2 1 6
m 3 1 5
f 3
m 4 0 4
m 4 5 3
f 4
m 1 5 5
q 1
m 2 1 5
m 2 0 0
m 3 4 2
m 3 5 1
m 4 0 0
m 1 7 4
m 2 4 4
m 3 5 4
m 3 4 0
b 3
m 4 1 3
m 4 2 4
m 1 6 5
m 2 6 3
m 3 1 3
m 3 1 3
m 4 4 0
m 1 1 6
m 1 5 0
m 2 3 7
m 2 4 2
b 2
q 2
m 3 0 5
m 3 2 2
m 4 5 3
m 4 5 7
m 1 1 5
m 1 1 7
m 2 1 0
m 4 0 3
m 1 5 7
q 1
m 2 2 5
m 2 3 3
g 3 4 1
m 4 2 5
m 1 6 2
m 1 2 5
m 2 5 3
m 2 1 0
f 2
p
m 3 0 3
m 4 1 2
m 1 6 2
m 2 2 5
m 2 5 0
m 3 4 1
m 4 4 1
m 1 0 3
m 2 6 3
b 2
m 3 6 3
f 3
m 4 2 0
m 1 7 4
m 2 1 2
m 2 2 7
f 2
p
m 3 2 5
m 3 2 1
m 4 3 5
m 1 4 1
m 1 4 7
m 2 4 1
m 2 1 2
m 3 6 3
f 3
p
m 4 0 4
m 1 2 5
m 2 4 7
m 3 4 1
m 4 1 6
m 4 1 6
b 4
m 1 2 5
m 1 2 1
q 1
m 2 3 2
m 3 6 5
m 3 2 6
m 1 4 1
m 2 5 4
m 2 3 4
p
m 3 0 3
m 3 1 2
m 4 2 5
f 4
m 1 5 4
b 1
q 1
m 2 0 3
m 2 2 1
f 2
m 3 2 5
m 3 4 3
g 3 1 1
m 4 1 3
b 4

