B 7 4 2 9
m 1 0 2
m 1 6 1
f 1
m 2 2 2
q 2
m 1 6 0
m 2 6 3
m 2 3 0
m 1 1 5
m 1 6 2
p
m 2 2 4
m 1 1 0
f 1
m 2 0 0
m 2 6 1
m 1 0 2
m 1 4 0
m 2 2 5
m 2 6 3
m 1 0 1
b 1
m 2 2 3
m 1 5 3
m 2 5 1
m 1 4 3
f 1
m 2 3 0
m 1 3 1
m 1 1 4
m 1 0 0
m 2 5 2
m 1 0 2
m 2 0 2
m 2 2 0
m 1 1 4
m 1 0 0
m 2 1 2
m 1 2 2
m 1 3 0
q 1
m 2 5 3
m 2 5 3
p
m 1 0 5
g 1 0 3
m 2 1 2
p
q 1
m 2 4 0
b 2
m 1 2 4
m 2 1 1
m 2 3 3
m 1 3 3
m 1 5 2
m 1 3 1
m 1 4 1
m 1 1 2
b 1
m 2 0 5
m 1 4 3
q 1
m 2 3 0
m 2 6 3
m 1 6 1
m 1 5 2
q 1
g 1 2 5
m 2 3 0
m 2 1 2
m 1 1 2
m 2 2 4
m 1 3 1
m 1 2 1
m 1 3 1
m 2 5 3
m 1 1 3
m 1 0 1
g 1 0 2
m 2 0 5
m 2 6 1
g 2 1 0
m 2 2 3
m 1 0 5
m 1 4 1
f 1
m 2 3 0
m 2 5 1
m 1 2 4
m 1 4 0
q 1
m 2 0 5
m 2 4 1

