B 5 9 2 25
m 1 1 3
m 1 3 3
m 1 1 2
m 2 0 0
m 1 0 2
m 2 0 1
m 2 0 8
m 1 3 1
b 1
p
m 2 2 3
m 1 0 5
m 1 0 6
m 2 4 1
m 1 1 3
m 2 1 7
m 1 4 3
m 1 2 3
q 1
m 1 8 4
q 1
m 2 0 4
m 2 2 0
b 2
q 2
m 1 4 3
m 2 0 2
b 2
m 1 4 2
m 2 5 4
m 2 2 4
m 1 5 4
m 1 3 3
m 2 0 2
g 2 8 4
m 1 0 1
m 2 1 4
m 1 7 0
m 2 8 1
q 2
m 1 8 3
m 1 2 7
b 1
p
m 2 4 0
g 2 2 1
m 1 5 1
m 2 8 3
m 2 1 0
f 2
m 1 4 2
m 2 1 2
m 1 1 6
m 1 4 1
m 2 8 4
g 2 2 1
m 1 2 3
m 2 7 0
m 2 3 5
q 2
m 1 8 3
m 1 0 0
f 1
m 2 1 0
m 2 4 2
g 2 7 2
m 1 6 3
m 1 2 5
b 1
m 2 3 1
m 2 3 5
m 1 8 4
m 2 2 4
m 2 4 0
q 2
m 1 7 3
m 2 1 1
g 2 1 3
m 2 2 2
m 2 3 0
q 2
m 1 3 7
b 1
q 1
m 2 4 4
m 2 4 3
m 1 5 4
m 2 4 3
m 2 2 5
m 1 2 0
m 1 0 0
m 2 5 4
m 2 4 7
m 1 3 0
m 1 2 5
q 1
m 2 4 3
m 2 2 8
m 1 4 4
m 1 0 3
m 2 5 1
m 1 8 3
f 1
m 1 4 7
m 1 3 2
m 2 5 4
f 2
m 1 6 4
m 1 1 5
f 1
q 1
m 2 4 3
b 2
f 2
m 1 1 2
m 2 8 1
m 1 6 2
m 1 2 8
m 2 6 2
m 2 3 5
m 1 4 8
m 1 6 4
m 1 0 2
m 2 4 3
m 1 8 1
b 1
m 2 6 4
m 1 8 3
m 1 3 6
m 2 3 2
m 1 1 2
f 1
m 2 8 3
m 2 2 4
m 1 6 4
b 1
p
m 2 4 3
m 2 2 6
m 1 6 4
b 1
m 2 4 3
m 1 7 0
m 1 4 0
m 2 2 7
m 1 8 3
m 2 1 1
m 1 0 6
m 2 0 3
q 2
m 1 6 4
q 1
m 2 2 8
m 2 3 2

