B 4 5 5 1
m 1 1 3
m 1 1 2
m 2 3 3
b 2
m 3 2 2
m 3 1 3
f 3
q 3
m 4 4 1
m 5 0 0
m 5 3 4
m 1 0 3
m 1 3 0
b 1
m 2 2 0
m 2 2 1
m 3 1 2
m 4 3 0
m 5 0 3
m 5 3 4
b 5
g 5 2 2
m 2 1 4
m 2 3 4
p
m 3 1 0
g 3 3 3
m 4 4 0
m 5 2 3
m 5 3 0
m 1 2 3
m 2 1 3
m 3 4 0
m 3 3 2
f 3
g 3 3 0
m 4 1 1
m 4 3 3
g 4 0 0
m 5 4 1
q 5
m 1 3 1
m 1 2 3
m 2 1 0
m 3 0 1
m 4 2 1
f 4
m 5 4 1
m 5 0 0
g 5 2 3
m 1 0 0
m 1 1 2
b 1
m 2 1 0
m 3 0 1
m 3 1 4
m 4 1 1
m 5 1 1
m 5 1 0
m 1 1 2
m 1 3 0
f 1
m 2 1 1
m 3 1 0
f 3
m 4 1 3
g 4 0 1
m 5 0 2
m 1 0 4
m 2 1 3
m 2 1 3
q 2
m 3 1 1
m 3 0 4
f 4
m 5 4 1

