B 4 8 3 2
m 1 2 6
m 1 0 4
p
m 2 6 3
m 2 0 2
m 3 3 4
m 3 0 5
q 3
m 1 1 3
m 2 2 3
m 2 2 7
m 3 5 2
b 1
m 2 5 3
m 3 2 2
m 3 0 7
m 1 0 0
m 1 2 4
q 1
m 2 1 2
b 2
m 3 1 0
f 3
m 1 5 2
m 1 0 2
p
m 2 1 2
m 2 0 6
m 3 0 0
m 3 2 7
m 1 2 3
m 1 0 6
m 2 1 1
m 3 3 0
m 3 2 6
m 1 2 1
b 1
q 1
m 2 3 0
m 3 2 7
m 1 5 1
m 2 5 3
m 3 2 5
m 1 1 2
m 2 1 1
m 2 1 4
f 2
m 3 0 5
m 3 1 7
m 1 7 2
m 2 2 0
m 2 1 5
m 3 1 1
m 3 0 6
p
m 2 0 0
m 3 6 3
m 1 4 2
q 1
m 2 7 1
m 3 0 1
m 1 0 3
m 1 1 7
b 1
m 2 0 2
m 2 0 3
q 2
m 3 4 1
m 3 0 0
g 3 2 0
p
m 1 3 1
m 1 0 7
f 1
m 3 3 5
m 1 1 0
f 1
m 2 1 2
m 2 1 0
m 3 0 0
m 3 0 2
m 1 7 2
m 1 2 0
m 2 2 6
m 2 0 4
m 2 3 4
b 2
m 3 3 4
m 3 2 7
q 3
m 2 3 1
m 2 3 0
m 3 3 7
m 3 3 0
p
m 1 3 4
m 2 3 1
m 3 2 6
m 3 0 6
m 1 6 3
m 1 0 7
m 2 2 5
m 3 2 5
m 1 6 3
m 1 0 1
q 2
m 3 1 0
b 3
m 1 0 2
m 1 2 1
p

