B 14 20 3 46
m 1 13 1
m 2 2 15
m 3 2 0
m 1 8 3
m 1 12 12
m 2 0 7
m 2 1 17
m 3 10 2
m 3 4 16
m 1 6 1
m 1 12 13
m 2 4 13
b 2
m 3 0 6
m 3 9 5
m 1 4 2
m 1 7 14
p
m 2 11 16
m 3 12 3
m 3 11 19
m 1 19 4
m 1 3 15
m 2 12 16
m 2 8 10
m 3 13 10
m 3 12 12
m 1 1 1
g 1 2 10
m 2 11 10
m 2 2 4
m 3 6 10
m 1 9 12
m 1 8 8
g 1 2 10
m 2 16 7
m 2 5 7
p
m 1 8 16
f 1
m 2 7 12
m 3 0 9
m 3 8 5
m 1 10 7
m 2 6 10
m 3 17 10
m 1 9 10
m 2 7 6
m 3 8 6
m 3 7 1
m 1 4 3
m 1 3 11
m 2 2 14
m 3 16 5
m 3 3 15
b 3
m 1 16 2
b 1
m 2 1 9
m 3 17 9
m 1 2 0
q 1
m 2 17 2
m 3 4 7
q 3
m 1 0 19
m 2 10 7
b 2
q 2
m 3 9 2
m 3 12 9
m 1 12 5
m 1 13 12
m 2 16 5
m 3 2 8
m 3 13 3
b 3
b 1
m 2 18 2
m 3 8 2
m 1 18 5
q 1
m 2 12 10
p
m 3 10 1
m 1 13 2
b 2
f 2
m 3 11 0
m 3 2 4
m 1 19 8
m 1 11 0
m 2 7 17
m 2 10 12
m 3 7 8
m 1 12 3
m 2 8 11
m 2 0 1
f 2
q 2
m 3 5 7
m 3 4 8
m 1 13 1
m 1 9 12
m 2 0 12
m 2 6 12
q 2
m 3 19 8
m 3 11 11
m 1 6 3
m 2 5 11
m 2 10 5
m 3 9 4
f 3
m 1 10 7
m 1 2 10
q 1
g 2 8 2
m 3 0 19
m 1 18 12
f 1
m 2 12 19
m 3 7 19
f 3
m 1 4 11
m 1 3 2
m 2 10 4
m 2 7 17
g 2 10 9
m 3 2 1
m 3 6 4
m 1 8 13
m 2 18 6
m 3 1 10
m 1 2 8
m 2 14 0
m 3 12 13
m 3 12 10
b 3
m 1 9 7
m 2 0 15
m 3 13 11
m 3 1 12
b 3
f 3
m 1 11 10
m 1 11 6
p
m 2 0 12
m 2 1 9
q 2
m 3 17 2
b 3
p
m 1 7 16
p
m 2 12 5
q 2
m 3 19 5
m 3 2 2
m 1 15 9
m 2 9 7
m 2 7 17
q 2
m 3 6 5
m 3 10 10
m 1 11 8
m 2 1 18
b 2
m 3 7 12
m 1 4 1
m 2 12 5
m 2 5 11
m 1 6 1
m 1 4 7
m 2 17 11
m 2 9 2
m 3 5 13
m 3 2 7
m 1 17 12
m 1 6 13
q 1
m 2 5 8
m 3 4 1
m 1 5 12
m 1 5 14
m 2 6 2
g 2 7 10
m 3 6 1
m 1 11 16
m 1 7 16
m 2 11 5
m 3 18 3
m 1 15 12
m 1 7 2
q 1
m 2 18 10
m 3 11 12
m 3 3 14
m 1 15 13
m 2 9 3
m 2 10 18
b 2
m 3 14 13
m 3 3 1
m 1 17 12
m 1 7 12
m 2 8 14
m 2 8 0
q 2
m 3 0 11
m 3 13 5
q 3
m 1 0 2
m 2 11 9
m 2 0 18
f 2
m 3 1 5
b 1
m 2 12 3
b 2
m 3 2 13
m 3 10 6
f 3
m 1 3 17
m 2 8 10
m 3 10 3
m 1 7 10
m 1 0 18
b 1
m 2 18 8
f 2
m 3 2 19
m 3 2 15
q 3
m 1 16 5
m 2 7 14
m 2 3 17
m 3 1 13
m 3 0 12
b 3
f 3
m 1 18 13
m 1 3 7
m 2 15 12
m 2 2 4
m 3 0 10
m 3 11 6
g 3 9 11
m 1 18 6
m 1 6 14
g 1 10 8
m 2 17 8
m 2 11 2
m 3 0 3
m 1 5 7
p
m 2 12 19
m 2 8 10
m 3 11 3
m 3 5 1
g 3 10 11
m 1 12 4
m 2 7 8
m 3 7 13
m 1 17 8
m 1 2 7
q 2
p
m 3 15 9
m 3 12 6
m 1 9 0
m 2 8 3
m 2 1 2
p
m 3 18 6
f 3
m 1 4 13
q 1
m 2 7 19
m 2 13 1
b 2
g 2 13 12
m 3 18 4
m 2 12 2
m 3 16 9
f 3
m 1 6 6
m 1 3 0
b 1
f 1
m 2 15 10
m 2 7 3
f 2
m 3 10 7
m 1 6 13
m 1 12 13
b 1
m 2 7 17
m 3 12 8
q 3
m 1 12 2
m 1 0 2
f 1
m 2 0 4
m 3 1 12
m 3 12 19
m 1 3 9
m 2 7 12
m 2 2 12
f 2
m 3 5 2
m 1 0 6
m 1 0 14
f 1
q 1
m 2 0 4
m 2 8 8
m 3 4 14
m 1 1 2
m 1 2 0
f 1
m 2 17 4
m 2 3 15
p
m 3 13 13
q 3
m 1 13 0
m 1 8 11
f 1
g 1 12 2
m 2 18 6
f 2
m 3 6 16
m 3 2 8
m 1 7 5
m 1 10 6
m 2 5 5
m 2 6 17
m 3 14 9
g 3 1 4
m 1 18 4
m 2 0 5
m 2 7 0
m 3 9 2
m 3 7 11
q 3
m 2 6 2
m 3 16 1
m 3 12 10
m 1 4 2
m 1 9 8
m 2 11 6
m 2 7 5
m 3 14 1
m 1 8 7
f 1
m 2 17 11
m 2 0 2
m 3 15 10
m 1 17 9
m 1 3 9
b 1
q 1
m 2 0 4
m 2 9 12
m 3 9 18
m 1 15 4
m 2 11 9
m 2 5 9
m 3 3 1
m 2 11 9
m 2 2 15
g 2 8 2
m 3 11 2
m 1 6 1
m 1 3 8
f 1
m 3 13 9
m 1 5 7
m 1 0 6
q 1
m 2 6 13
m 3 7 13
m 3 13 2
m 1 3 3
m 1 9 4
m 2 6 10
m 2 5 10
m 3 18 11
m 1 7 11
m 1 9 3
m 2 7 2
m 2 4 14
m 3 12 7
m 3 1 7
b 3
m 1 11 10
m 1 11 8
m 3 5 18
m 3 6 3
f 3
m 1 9 9
m 2 17 12
m 2 12 9
f 2
m 3 6 1
m 1 12 7
m 2 18 8
m 2 13 6
m 3 3 2
m 1 10 3
m 2 15 5
m 3 18 3
m 1 16 13
m 2 7 11
m 3 19 4
g 3 2 12
p
m 1 19 9
m 1 11 13
m 2 16 0
m 3 5 3
m 1 5 8
m 1 0 14
b 1
m 2 11 2
m 2 13 3
m 3 7 7
q 3
m 1 4 19
m 2 9 10
m 2 6 6
m 3 0 0
m 3 2 10
m 1 19 8
m 2 12 8
m 2 10 15
f 2
g 2 0 11
m 1 1 9
m 2 0 11
q 2
m 3 0 4
m 3 11 9
b 3
m 1 15 5
m 1 3 16
m 2 11 12
m 2 10 7
m 3 1 12
m 3 12 15
m 1 15 9
m 1 10 11
q 1
m 2 16 13
p
m 3 6 19
b 3
m 1 10 2
m 2 9 4
m 3 16 9
m 1 1 9
f 1
m 2 16 1
g 2 5 12
m 3 12 8
g 3 16 11
m 1 7 9
m 1 12 5
m 2 14 1
m 3 10 11
m 1 6 9
m 2 4 11
f 3
g 3 2 12
m 1 16 13
m 1 2 15
q 1
m 2 14 9
f 2
m 3 17 13
m 3 10 9
m 1 13 18
f 1
p
m 2 17 12
m 3 8 6
m 3 4 13
m 1 13 0
m 3 17 11
m 3 5 10
m 1 17 0
m 2 4 13
m 2 12 4
g 2 2 9
m 3 15 4
m 1 16 2
m 1 3 8
b 1
m 2 6 4
m 3 4 8
m 3 0 4
m 1 4 4
m 2 4 3
m 2 4 7
f 2
m 3 13 17
m 3 7 13
m 1 10 14
b 1
m 2 5 3
m 2 12 11
m 3 13 3
m 3 8 16
b 3
p
m 1 13 3
m 2 11 2
m 3 19 1
m 3 11 3
b 3
m 1 8 3
m 1 2 17
m 2 11 5
m 3 12 14
b 3
q 3
m 1 6 3
m 3 16 5
m 1 18 7
m 2 7 6
m 2 9 12
f 2
m 3 11 6
f 3
q 3
m 1 0 1
m 3 0 12
q 3
m 1 13 0
m 2 10 4
m 2 3 2
q 2
m 3 6 1
m 3 12 4
m 1 10 3
m 2 6 14
m 3 6 12
m 3 10 9
f 3
m 1 11 11
m 1 1 18
f 1
m 2 7 11
m 3 8 8
m 1 18 8
m 1 6 12
f 1
m 2 13 10
m 2 3 6
m 3 18 6
g 3 5 5
m 1 5 2
m 2 4 3
m 3 4 18
m 1 3 7
m 1 0 6
m 2 9 10
m 2 6 5
q 2
m 3 9 3
m 3 1 0
m 1 17 8
m 2 8 1
m 2 9 2
m 3 1 9
m 1 6 4
m 1 10 9
m 2 11 9
m 3 18 11
m 1 15 1
b 1
m 2 2 10
m 2 13 5
m 3 9 2
m 3 7 12
m 1 18 11
m 2 17 10
m 2 13 1
m 3 6 9
m 1 12 10
m 2 14 13
q 2
m 3 0 15
m 1 4 3
m 1 4 19
m 2 9 8
m 2 11 19
f 2
m 3 13 9
m 3 3 15
b 3
m 1 9 2
m 2 0 1
m 2 7 15
m 3 19 10
m 3 10 0
f 3
g 3 12 13
m 1 16 0
m 1 13 15
m 2 12 16
m 3 4 12
b 3
g 3 12 9
m 1 0 6
b 1
m 2 12 8
m 3 15 4
m 1 3 0
m 1 9 10
m 2 13 10
b 2
m 3 8 11
m 1 18 11
b 1
q 1
m 2 13 10
m 2 11 4
f 3
m 1 6 1
m 1 11 9
m 2 17 5
m 1 0 5
m 2 14 9
m 2 7 18
m 3 0 10
m 3 2 6
f 1
m 2 17 8
b 2
m 3 6 1
m 1 14 11
f 1
m 2 18 11
b 2
m 3 11 10
m 1 16 10
m 2 11 6
m 2 9 18
m 3 0 6
m 1 0 6
m 2 3 1
m 2 10 13
m 3 13 3
m 1 3 4
m 2 4 8
m 2 2 2
m 3 0 6
m 1 8 10
m 1 11 18
m 2 6 1
m 3 9 8
m 1 5 3
m 2 1 11
m 3 2 3
m 3 5 9
m 1 0 17
m 2 12 3
m 3 0 4
m 1 15 6
b 1
m 2 6 5
m 2 0 3
b 2
f 2
m 3 11 6
m 3 7 14
m 1 13 3
m 1 13 5
m 2 11 9
m 2 13 13
m 3 1 13
m 3 11 4
m 1 7 13
m 1 4 0
g 1 8 5
m 2 12 3
m 2 9 2
m 3 11 9
m 1 12 8
m 2 3 1
m 2 13 6
m 3 4 1
f 3
m 1 13 3
m 2 3 16
m 2 4 13
b 2
p
m 3 16 9
m 3 9 5
p
m 2 9 3
g 2 11 4
m 3 7 11
m 1 18 8
f 1
m 2 9 4
m 2 2 15
m 3 1 9
m 1 9 2
m 2 0 6
m 2 3 17
m 3 10 13
m 1 8 1
m 1 0 8
m 2 3 4
m 2 6 15
m 3 9 12
p
m 1 15 9
m 2 18 12
b 2
m 3 3 6
m 1 8 15
m 1 7 6
m 2 18 8
m 2 3 12
b 2
m 3 12 6
m 3 5 13
b 3
f 3
m 1 0 0
m 2 9 2
g 2 14 12
m 3 17 10
m 1 8 13
f 2
m 3 3 6
q 3
m 1 18 12
b 1
m 2 19 10
m 3 5 3
m 3 10 18
f 3
m 1 14 13
m 2 10 3
m 3 17 12
m 3 1 15
g 3 11 12
m 1 7 11
f 1
m 2 19 8
m 2 13 0
q 2
m 3 3 15
f 3
f 1
m 3 5 3
m 3 6 2
m 1 15 4
q 1
m 2 8 13
m 2 4 3
m 3 8 6
q 3
m 1 18 2
m 2 0 18
b 2
m 3 8 17
m 3 10 15
m 1 7 6
m 1 2 15
m 2 1 11
m 2 1 3
m 3 16 1
m 3 9 10
m 1 12 14
b 1
m 2 9 17
m 2 5 7
m 3 13 1
m 3 3 17
m 1 19 8
m 1 8 3
m 2 18 3
m 2 0 5
f 2
m 3 1 12
m 3 10 3
m 1 0 6
m 2 12 14
m 3 11 5
m 3 9 7
f 3
m 1 6 18
m 2 8 1
m 2 1 8
m 3 4 5
m 3 4 19
m 1 19 8
m 2 19 8
m 2 8 0
m 3 5 14
m 3 7 4
m 1 16 5
m 2 3 5
g 2 3 6
m 3 14 1
m 3 2 6
m 1 13 0
m 2 10 2
m 3 4 4
m 1 19 9
f 1
m 2 1 12
m 3 13 9
b 3
m 1 12 8
m 1 12 18
p
m 2 8 13
m 2 13 7
b 2
m 3 7 17
m 2 9 14
m 3 12 18
q 3
m 1 0 5
b 1
f 1
q 1
m 2 15 11
m 2 10 4
m 3 7 4
m 3 4 16
m 1 9 8
g 1 9 10
m 2 11 6
m 2 10 6
m 3 16 1
m 3 8 2
f 3
m 1 9 16
m 2 19 10
m 2 0 13
m 3 6 5
m 1 16 2
p
m 2 6 4
m 3 13 3
m 3 7 3
m 1 19 8
b 1
m 2 19 3
m 2 6 5
m 3 1 17
m 1 4 5
m 2 14 11
m 2 9 2
f 2
m 3 13 9
q 3
m 1 0 5
m 1 0 3
m 2 4 8
m 2 13 9
m 3 17 11
m 3 4 11
m 1 2 1
m 1 0 4
m 2 19 8
m 3 19 5
m 1 6 5
m 2 5 2
m 2 12 2
m 3 4 8
m 3 13 2
m 1 9 2
m 2 0 5
m 2 5 4
f 2
q 2
m 3 13 3
m 1 13 3
m 3 6 5
m 3 8 8
m 1 4 13
m 3 9 4
m 3 3 18
m 1 9 4
m 1 11 1
m 2 12 10
m 2 13 1
m 3 1 1
q 3
m 1 12 8
m 1 10 5
m 2 19 10
m 2 1 8
q 2
m 3 15 5
m 3 3 13
m 1 6 4
q 1
m 2 4 13
m 3 11 9
m 3 11 14
m 1 1 19
f 1
g 1 4 10
m 3 14 1
m 1 10 4
m 1 4 5
m 2 0 12
m 1 6 15
m 2 9 8
m 3 13 10
m 1 16 1
m 1 3 1
m 2 9 4
p
m 3 1 12
m 3 11 14
q 3
m 1 14 13
m 1 5 5
m 2 3 11
m 2 0 14
q 2
q 3
p
m 1 16 10
q 1
m 2 18 2
m 3 4 7
m 1 13 19
m 1 4 1
b 1
m 2 3 15
f 3
m 1 11 4
b 1
m 2 6 5
m 2 10 16
p
m 1 17 4
m 1 2 17
p
m 2 0 6
m 2 3 12
q 2
m 3 7 15
m 3 12 4
m 1 15 5
m 1 7 12
m 2 4 13
m 1 16 0
m 2 1 12
m 2 1 3
m 3 1 10
m 1 3 16
m 3 6 7
m 3 3 15
m 1 5 16
b 1
q 1
m 2 13 9
m 3 13 14
m 3 2 4
f 3
m 1 7 0
m 1 6 19
m 2 14 1

