B 17 17 4 35
m 1 5 1
m 1 8 1
f 1
b 2
m 3 8 16
m 4 9 15
b 4
m 1 16 14
q 1
m 2 2 1
m 2 10 7
m 3 11 12
m 4 4 0
g 4 7 10
m 1 1 12
m 1 16 0
f 1
m 2 5 5
g 2 15 9
m 3 1 13
m 3 6 0
m 4 7 4
m 1 2 2
f 1
m 2 14 15
m 2 14 16
g 3 0 4
m 4 3 14
m 4 2 6
q 4
m 2 10 6
m 2 3 2
m 3 15 10
m 3 8 8
m 4 9 14
m 4 13 4
b 4
m 1 13 9
m 1 12 4
q 1
p
m 2 8 10
m 2 2 3
m 4 6 16
m 1 11 16
m 1 6 5
q 1
m 2 7 0
m 3 0 11
m 3 10 8
q 3
m 4 16 10
m 4 13 9
q 4
m 1 13 15
m 1 8 12
m 2 2 3
m 3 12 4
m 3 12 2
f 3
m 4 4 4
m 1 7 9
m 2 13 2
f 2
m 3 16 10
m 4 1 7
m 1 16 3
m 1 10 15
q 1
m 2 16 0
b 2
m 3 2 0
m 4 10 9
m 4 7 2
m 1 12 0
b 1
f 1
m 2 9 6
m 2 14 8
f 3
m 4 11 11
f 4
m 2 13 14
m 3 15 2
m 3 1 0
m 4 5 8
m 2 6 5
m 3 14 8
m 3 14 11
q 3
m 4 9 14
m 4 4 13
m 1 9 4
m 2 4 1
m 2 5 5
m 3 5 2
m 4 7 16
m 1 10 13
f 1
m 2 8 6
p
m 3 8 3
m 3 8 15
m 4 12 4
m 4 5 2
m 1 0 14
b 1
f 1
p
f 2
m 3 16 1
m 4 15 6
m 4 11 8
m 1 1 0
m 1 12 1
q 1
m 2 13 0
q 2
m 3 2 12
m 4 10 12
m 4 8 6
q 4
m 1 13 15
q 1
p
m 2 12 13
m 3 16 13
m 3 1 4
m 4 0 5
m 4 4 5
m 1 7 7
f 1
m 2 8 9
m 3 1 13
m 3 8 4
f 3
m 4 13 7
m 1 2 14
g 1 8 14
m 2 6 16
m 2 1 16
m 3 1 0
f 3
q 3
m 4 10 14
m 1 5 8
m 2 14 15
m 3 1 11
m 3 7 13
q 3
m 4 13 9
b 4
m 1 2 16
m 1 12 15
m 2 7 10
m 3 14 7
m 4 4 5
f 4
p
m 1 7 9
m 2 12 15
m 2 11 11
m 3 6 12
m 3 2 10
m 4 15 2
m 1 7 12
m 2 7 12
m 3 16 13
m 3 16 14
m 4 0 13
m 4 7 16
m 1 1 0
m 2 10 0
m 2 8 15
b 2
m 3 4 11
b 3
p
m 4 0 3
m 4 3 4
f 4
m 1 9 11
m 1 11 13
p
m 2 3 4
m 2 8 10
q 2
g 2 11 4
m 3 6 8
b 3
m 4 0 0
m 4 10 8
m 1 1 11
m 1 15 11
m 2 12 3
m 2 7 8
m 3 11 3
q 3
m 4 11 8
m 1 1 11
m 2 1 9
m 2 6 9
m 3 14 12
m 3 0 0
m 1 8 13
m 2 0 5
m 3 12 3
m 4 1 2
q 4
m 1 8 16
m 1 12 11
m 2 9 3
m 3 2 16
m 3 2 5
m 4 6 14
m 1 9 3
m 2 7 4
m 2 10 15
m 3 7 8
m 4 9 4
m 1 8 1
m 2 8 4
f 2
m 3 0 14
m 3 2 4
q 3
m 4 15 2
m 4 11 2
m 1 13 5
g 1 10 15
m 2 3 8
m 3 14 7
m 4 1 4
m 4 14 5
m 1 7 8
m 1 13 8
m 2 1 14
m 3 6 16
m 3 12 2
b 3
m 4 5 3
m 4 15 5
m 1 4 5
m 1 0 6
m 2 6 1
q 2
m 3 15 7
m 3 3 4
m 4 1 11
f 4
m 1 11 3
m 1 5 12
m 2 4 3
m 2 0 11
m 3 6 14
m 4 2 16
m 4 3 0
g 4 14 1
m 1 11 8
m 1 10 15
f 1
m 2 13 12
m 2 3 16
m 3 1 7
m 3 13 13
m 4 8 4
m 4 4 5
m 1 9 4
b 1
m 2 1 11
m 3 15 1
p
m 4 14 11
m 1 14 12
m 2 14 12
b 2
m 4 10 0
q 4
m 1 14 15
m 2 9 11
m 2 6 1
m 3 16 0
m 3 14 16
q 3
m 4 7 4
m 1 4 2
m 1 12 12
f 1
m 2 4 7
m 3 9 0
m 4 2 6
m 4 12 5
m 1 0 5
m 2 8 0
m 3 8 14
m 4 11 7
m 1 2 9
m 1 10 15
m 2 14 4
m 2 4 13
m 3 16 5
q 3
m 4 9 12
m 4 15 4
f 4
m 1 5 14
m 1 15 7
b 1
m 2 2 8
m 2 3 12
m 3 4 10
f 3
m 4 1 0
m 4 13 8
m 1 11 0
m 1 8 9
b 1
m 2 15 11
m 2 15 12
m 3 4 6
m 3 15 1
g 3 4 4
p
m 1 4 0
m 2 13 3
m 2 15 3
m 3 15 11
m 3 16 3
f 3
m 4 7 8
g 4 5 16
p
m 1 7 16
m 2 13 3
m 3 6 14
m 4 9 14
m 1 0 1
m 1 16 13
q 1
m 2 3 7
m 2 15 14
b 2
m 3 8 15
m 4 8 14
f 4
m 1 12 16
m 1 8 15
b 1
m 2 6 16
m 2 14 14
m 3 7 10
m 4 5 8
m 4 7 4
m 1 16 9
m 1 3 2
m 2 1 16
p
m 3 2 10
b 3
g 3 14 2
m 4 10 11
m 1 16 9
m 1 14 4
m 2 15 0
m 3 8 12
m 3 9 16
m 4 14 12
m 1 15 7
m 1 15 4
b 1
m 2 5 3
m 2 2 0
m 3 7 5
p
m 4 8 15
m 1 4 10
m 1 9 15
b 1
m 2 2 6
m 2 13 4
q 2
m 3 11 6
m 3 16 13
m 4 7 6
q 4
m 1 9 11
q 1
m 2 3 7
q 2
m 3 15 2
m 4 13 2
m 4 5 9
q 4
m 1 3 12
q 1
m 2 8 0
m 3 5 15
q 3
m 4 15 4
m 4 16 3
m 1 2 8
m 1 13 3
q 1
m 2 9 1
q 2
m 4 1 12
m 4 6 0
f 4
m 1 2 16
m 1 5 7
m 2 4 0
m 2 13 16
m 3 5 3
b 3
m 4 9 0
f 4
m 1 15 11
m 2 16 10
m 2 8 4
b 2
m 3 9 15
m 3 14 5
m 4 3 6
m 1 4 5
m 2 15 6
m 2 0 11
q 3
m 4 1 13
m 4 9 5
m 1 12 10
m 1 6 7
m 2 5 6
m 3 12 8
m 4 11 5
m 1 1 3
m 1 12 11
m 2 6 1
m 2 2 13
m 3 4 10
m 4 12 0
b 4
q 4
m 1 14 16
m 1 13 3
m 2 8 9
m 3 7 1
m 3 6 10
m 4 5 3
m 2 15 16
m 2 15 5
q 2
m 3 14 11
m 4 0 4
m 4 6 12
f 4
q 4
g 4 8 3
m 1 9 1
m 1 4 0
m 2 9 15
m 2 4 0
m 3 4 5
f 3
q 3
m 4 4 11
m 4 1 0
m 1 11 5
m 1 0 0
b 1
m 2 6 13
m 2 15 9
b 2
m 3 12 4
m 4 2 8
m 4 15 11
m 1 3 7
q 1
m 2 6 10
m 2 14 2
m 3 2 16
m 3 5 8
b 3
m 4 12 4
b 1
m 2 10 1
b 2
m 3 10 11
m 3 14 11
m 4 6 14
m 4 4 6
g 4 1 10
m 1 9 9
m 1 13 5
m 2 8 8
b 2
m 3 15 7
m 3 9 4
m 4 9 4
m 4 7 11
m 1 10 6
m 3 9 2
p
m 4 12 0
q 4
m 1 16 0
m 3 6 16
p
m 4 12 16
m 4 8 9
m 1 14 12
m 1 0 6
p
m 2 1 13
g 2 12 7
m 3 11 3
m 4 2 9
g 4 14 13
m 1 8 1
m 1 3 7
b 1
m 2 14 5
m 3 13 15
g 3 13 2
m 4 9 6
m 2 6 12
f 2
m 3 8 0
m 4 16 4
m 1 7 16
m 1 1 1
p
m 2 3 14
m 3 8 16
q 3
m 4 9 8
m 1 11 3
m 2 15 16
m 3 10 7
m 4 5 3
m 1 6 16
m 1 7 4
q 1
m 2 2 6
m 2 0 5
f 2
m 3 14 12
m 4 6 13
m 4 15 4
b 4
m 1 1 0
m 2 2 6
m 2 3 4
m 3 0 14
m 4 10 6
m 4 4 7
f 4
m 1 16 14
f 2
m 3 8 16
m 4 9 8
m 1 1 13
m 1 6 11
f 1
m 2 11 2
p
m 3 14 7
m 4 8 1
q 4
m 1 4 10
f 1
m 2 3 11
g 2 11 10
p
m 3 9 1
m 4 1 3
g 4 5 15
m 1 6 14
b 1
f 1
m 2 7 9
m 2 15 14
m 3 10 10
m 3 4 0
f 3
q 3
m 4 10 0
b 4
m 1 6 16
m 2 15 1
m 2 15 0
q 2
m 3 1 14
m 3 9 16
m 4 5 8
m 1 6 2
q 1
m 2 15 15
m 3 10 4
g 1 15 5
m 2 9 11
q 2
m 3 0 4
m 3 13 7
m 4 15 16
m 1 7 9
q 1
m 2 8 9
f 2
m 3 8 4
p
m 4 10 10
m 1 8 10
b 1
m 2 12 0
m 3 7 16
m 4 2 0
g 4 0 1
m 1 11 2
m 1 12 15
m 2 16 16
m 3 10 9
m 4 1 4
m 1 7 2
f 1
m 2 10 14
m 2 9 1
m 3 7 3
b 3
m 4 11 2
m 1 11 13
m 3 12 4
m 3 4 6
m 4 4 6
f 4
p
m 1 4 6
b 1
m 2 2 10
m 2 6 6
m 3 1 3
m 3 11 2
q 3
m 4 3 7
m 4 5 7
m 1 11 15
m 1 5 9
m 2 15 2
m 2 2 13
m 3 15 2
b 3
q 4
m 1 11 4
q 1
m 2 1 3
m 2 4 3
m 3 14 1
b 3
m 4 3 7
m 4 1 0
q 4
m 1 5 1
m 2 5 9
m 3 1 13
m 3 4 2
p
m 4 7 2
m 4 11 15
f 4
m 1 15 9
m 1 9 4
m 2 5 8
m 2 4 4
f 2
m 3 14 13
m 4 10 0
m 1 14 12
q 1
m 2 3 14
m 2 9 10
f 2
m 3 1 3
m 3 5 13
b 3
q 3
m 4 9 6
m 4 8 3
f 4
m 1 10 10
m 2 16 10
m 2 7 5
f 2
m 3 11 2
m 3 5 13
m 4 11 13
f 4
m 1 15 16
m 1 13 3
m 2 15 1
m 2 6 4
m 3 5 8
m 4 3 10
m 1 15 7
f 2
f 3
m 4 10 14
m 2 12 0
m 3 10 14
m 4 10 4
m 4 0 4
b 4
f 4
m 1 7 8
m 1 3 9
p
m 2 14 4
m 2 11 2
b 2
m 3 6 5
m 4 16 2
b 4
m 1 5 1
q 1
m 2 14 4
f 2
m 3 2 8
m 3 14 15
b 3
m 4 14 7
m 1 16 10
g 1 14 8
m 2 8 0
m 3 5 1
m 3 15 15
m 4 1 3
g 4 4 11
m 1 8 16
m 1 15 7
m 2 5 1
b 2
m 3 14 4
m 4 5 10
m 1 12 8
m 2 6 13
p
m 3 9 12
m 4 3 5
m 4 3 4
f 4
m 1 16 5
m 2 11 5
m 4 8 16
m 4 13 9
m 1 1 3
m 1 9 11
f 1
m 2 5 0
q 2
m 3 10 15
m 3 6 9
m 4 14 7
m 1 14 4
m 1 8 0
m 2 9 0
m 2 9 14
m 3 10 0
m 3 12 6
m 4 2 6
m 1 0 0
f 1
m 2 1 10
m 2 14 5
m 4 1 10
m 4 9 10
m 1 1 13
m 1 13 9
m 2 5 16
m 2 4 1
m 3 6 3
q 3
m 4 8 4
m 4 4 5
m 1 14 8
f 1
m 2 2 4
m 2 2 4
m 3 2 10
m 4 14 4
m 1 14 4
b 1
f 1
m 2 8 0
m 2 5 15
m 3 9 11
m 3 14 14
m 4 15 3
q 4
g 4 4 8
m 1 5 1
q 1
m 2 5 15
m 3 7 4
m 3 11 9
m 4 7 13
m 4 15 3
m 1 9 14
m 1 5 7
q 1
m 2 12 1
m 3 16 0
m 3 11 6
m 4 6 16
m 4 0 10
m 1 11 13
q 1
m 2 8 16
m 3 7 16
m 3 14 6
b 3
m 4 15 13
m 1 11 9
b 1
m 2 11 8
m 2 12 1
m 3 0 9
m 4 11 13
b 4
m 1 15 16
m 1 16 3
m 2 8 0
g 2 12 1
m 3 5 5
m 4 8 0
m 4 6 4
q 4
m 1 10 11
m 1 2 0
m 2 12 16
m 2 12 9
m 3 7 12
m 3 3 3
b 3
m 4 4 5
m 4 4 14
b 4
g 4 0 6
m 1 10 11
f 2
m 3 6 11
m 3 13 14
m 4 5 8
m 4 10 1
b 4
f 4
p
m 1 14 0
m 1 2 4
m 2 7 16
m 2 11 6
m 3 11 16
m 4 12 0
m 4 1 11
m 1 8 15
m 1 11 9
m 2 11 13
m 3 11 5
m 3 8 15
m 4 0 11
g 4 6 10
m 1 11 8
m 1 16 9
f 1
m 2 13 7
m 3 11 2
m 3 5 16
m 4 6 14
b 4
m 1 12 16
m 1 5 6
f 2
m 3 16 8
m 4 13 10
m 4 16 3
m 1 6 13
f 1
m 2 15 4
m 2 0 8
m 3 3 5
m 4 5 1
b 4
m 1 9 14
m 2 9 4
m 3 5 10
m 4 1 13
m 4 10 11
g 4 9 3
m 1 13 9
m 1 8 5
m 2 8 7
m 3 12 4
m 3 4 9
m 4 0 0
m 4 6 1
p
m 1 12 7
p
m 2 6 1
m 3 15 7
m 4 8 0
m 1 15 7
m 1 1 1
m 2 2 9
m 2 11 12
p
m 3 1 13
m 3 16 11
m 4 13 10
m 1 13 3
m 1 4 11
m 2 15 0
m 2 4 3
m 3 5 3
m 4 15 16
m 1 5 8
m 1 16 16
m 2 2 10
m 2 9 11
m 3 2 0
m 3 15 11
f 3
g 3 1 9
m 4 9 1
m 1 6 14
m 1 8 9
b 1
q 1
m 2 16 10
m 2 14 8
f 2
q 2
m 3 1 11
m 3 5 5
m 4 8 15
m 1 7 12
m 1 7 7
m 2 7 0
m 3 3 2
m 4 16 6
m 1 15 7
p
m 2 6 1
b 2
m 3 11 13
m 3 7 1
m 4 15 0
m 4 7 2
q 4
m 1 14 16
q 1
m 2 1 13
m 2 4 14
m 3 13 11
m 4 16 15
m 4 7 1
m 1 1 13
m 2 11 2
m 2 1 3
b 2
p
m 3 12 4
m 3 11 8
m 4 5 1
m 1 11 5
m 2 9 12
m 3 9 14
m 4 8 0
m 1 5 1
m 2 10 11
m 3 2 10
b 3
m 4 8 9
m 4 12 12
g 4 6 0
m 1 4 13
p
m 2 11 1
q 2
m 3 4 5
m 3 2 3
b 3
m 4 4 0
f 4
g 4 4 8
m 1 10 14
b 1
q 1
m 2 8 1
b 2
f 2
m 3 3 0
m 4 2 8
m 4 3 12
m 1 3 3
b 1
m 2 4 5
m 3 11 12
b 3
m 4 9 0
m 1 8 16
m 1 9 16
m 2 9 14
m 2 11 4
b 2
q 2
m 3 15 1
m 3 1 9
b 3
m 4 9 14
m 4 13 10
q 4
m 1 5 6
m 2 12 16
m 2 16 1
m 3 6 1
m 3 4 8
g 3 3 0
m 4 13 9
m 4 8 4
m 1 8 0
m 1 10 1
f 1
m 2 8 15
m 4 2 9
m 4 7 6
m 1 7 15
m 1 3 0
m 2 14 3
m 3 2 4
m 4 7 9
b 4
f 4
m 1 8 6
m 1 10 0
m 2 7 2
m 2 1 15
m 3 3 3
f 3
m 1 13 15
m 2 2 16

