B 8 8 3 8
m 1 5 1
m 1 3 6
f 1
m 2 3 6
m 2 7 1
m 3 3 7
m 1 6 2
m 1 1 6
m 3 1 0
m 3 5 6
m 1 2 1
m 1 2 7
m 2 4 7
m 2 4 0
q 2
m 3 5 1
m 3 1 4
m 1 3 5
f 1
m 2 4 0
m 2 6 5
m 3 4 3
m 3 5 6
m 1 2 2
m 2 4 3
m 3 0 3
g 3 5 3
m 1 7 6
q 1
m 2 4 3
m 2 6 2
m 1 4 1
m 2 7 0
q 2
m 3 7 5
m 1 4 2
p
m 2 5 2
m 3 7 6
m 1 5 1
m 1 1 2
b 1
m 2 7 0
m 3 4 5
m 1 5 1
m 1 1 4
m 2 0 3
m 2 3 5
q 2
p
m 3 6 2
p
m 1 1 1
b 1
m 2 6 2
m 2 3 1
m 3 5 2
b 3
m 1 3 3
m 1 0 1
f 1
g 1 7 4
m 2 4 2
f 2
g 2 4 1
m 3 7 5
m 3 2 4
m 1 0 6
f 1
m 2 7 1
f 2
q 2
m 3 4 3
m 3 6 4
f 3
m 1 4 3
f 2
q 2
m 3 4 4
b 3
m 1 3 6
f 1
m 2 4 7
m 3 0 5
m 3 6 2
m 1 1 3
m 1 7 7
f 1
q 2
g 2 3 0
m 3 1 7
f 3
m 1 6 2
m 2 5 1
m 2 3 0
m 3 2 7
m 1 2 7
m 1 2 1
m 2 3 7
g 2 5 0
m 3 1 4
m 3 6 1
b 3
f 3
g 3 1 3
m 1 0 6
m 1 0 7
q 1
g 1 0 3
m 2 4 3
b 2
q 2
m 3 1 6
m 1 4 7
m 1 6 4
m 2 4 0
m 2 2 5
f 2
m 3 7 6
f 3
m 1 4 3
f 1
m 2 7 6
f 2
g 2 0 1
m 3 1 1
m 3 0 2
m 1 4 3
m 1 2 3
m 2 3 7
m 2 2 0
m 3 4 0
m 3 2 6
p
m 1 4 3
m 1 7 0
m 2 6 3
m 2 6 4
m 3 5 5
m 1 3 5
m 1 2 1
b 1
m 2 3 2
m 3 4 4
m 3 6 0
m 1 1 6
m 1 3 5
m 2 7 2
m 2 3 6
m 3 1 4
b 3
m 1 5 1
m 1 7 7
m 2 1 6
b 2
p
m 3 6 4
m 3 6 5
m 1 0 0
m 2 2 6
m 3 4 7
m 1 5 3
m 1 6 5
p
m 2 4 7
m 2 1 4
m 3 6 4
m 3 5 1
m 1 1 1
b 1
m 2 4 3
m 3 4 7
m 1 3 7
m 1 3 3
m 2 5 1
m 3 2 3
q 3
m 1 7 0
m 2 1 6
m 2 7 3
q 2
m 3 6 6
m 3 6 1
m 1 4 0
m 2 7 6
m 2 3 5
g 2 1 4
m 3 4 5
f 3
m 1 4 3
m 1 2 4
m 2 4 7
b 2
m 3 6 4
f 3
m 1 7 1
m 1 4 7
m 2 4 3
m 2 6 2
m 3 7 6
m 1 4 0
f 1
m 2 3 4
m 3 6 4
m 1 7 6
m 2 4 7
m 2 1 7
m 3 7 5
m 1 1 6
m 1 0 7
b 1
g 1 5 7
m 2 7 6
m 2 4 2
m 3 6 4
m 3 0 1
q 3
m 1 0 4
g 1 4 2
m 2 4 5
m 3 4 5
m 3 5 0
m 1 4 5
m 1 7 6
m 2 4 5
m 3 7 5
m 2 3 5
m 2 1 7
m 3 1 0
m 2 3 5
m 3 4 5
m 1 6 4
m 2 3 5
m 2 1 0
p
m 3 4 5
q 3
m 1 5 1
m 1 5 0
f 1
m 2 4 5
m 2 7 6

