B 5 10 3 17
m 1 3 2
m 1 1 1
m 2 3 4
m 3 0 1
m 3 0 9
m 1 5 2
p
m 3 4 0
f 3
m 1 0 4
m 3 3 4
f 3
m 1 4 7
m 1 0 3
g 1 4 3
m 2 0 1
m 1 6 3
m 1 3 4
m 2 1 4
m 2 4 7
m 3 1 4
m 1 3 3
q 1
m 3 3 0
m 3 3 2
b 3
f 3
m 2 3 5
m 3 5 0
m 3 3 4
m 1 4 8
m 1 1 0
q 1
m 2 3 4
m 2 3 1
g 2 0 1
m 1 1 6
m 2 2 2
m 3 2 6
m 3 4 9
q 3
m 1 1 3
m 1 0 0
m 2 5 0
f 2
m 3 3 6
m 1 8 2
m 1 1 2
m 2 1 2
m 2 1 7
g 2 0 4
m 3 9 1
m 1 0 8
m 1 3 7
m 2 0 5
m 3 2 7
m 3 3 6
p
m 1 9 1
m 1 3 2
q 1
m 2 2 3
m 3 5 4
m 3 3 7
m 1 3 4
m 1 1 3
q 1
m 2 6 0
m 2 4 9
m 3 9 3
m 3 0 2
m 1 5 4
m 1 1 5
m 2 2 8
m 2 3 3
m 3 0 3
p
m 1 3 3
b 1
m 2 8 1
m 2 2 9
m 3 3 6
f 3
m 1 1 1
m 2 9 3
m 2 4 0
m 3 4 8
m 1 2 6
m 1 3 6
m 2 4 2
p
m 3 2 9
m 2 0 2
m 2 1 5
b 2
m 3 5 4
m 3 1 6
m 1 8 1
b 1
m 2 9 1
b 2
q 2
m 3 6 0
m 1 8 3
m 2 2 7
f 2
m 3 0 5
m 3 0 2
m 1 6 4
m 1 3 5
m 2 3 5
m 2 0 2
m 3 4 6
m 1 1 9
m 1 3 3
m 2 1 2
m 2 0 0
q 2
m 3 4 2
b 3
m 1 4 3
m 1 1 3
m 2 0 2
m 3 2 7
m 1 4 4
q 1
m 2 8 1
m 2 3 3
g 2 7 0
m 3 5 2
m 1 1 2
m 1 2 1
m 2 1 4
m 2 2 1
m 3 0 6
f 3
m 1 1 3
m 2 0 9
m 2 4 5
q 2
m 3 0 6
m 1 5 2
m 2 0 9
m 3 5 2
f 3
m 1 4 0
m 2 1 8
m 3 5 2
m 3 2 9
m 1 0 0
m 1 1 2
g 1 1 0
m 2 4 2
m 3 5 2
m 1 3 8
m 2 2 6
m 3 5 2
m 1 5 2
p
m 2 5 2
p
m 3 4 2
g 3 8 4
m 1 4 2
m 2 9 3
m 2 4 4
m 3 0 2
m 1 3 9
q 1

