B 8 8 4 7
m 1 0 2
m 2 5 6
m 2 6 0
m 4 2 6
f 4
m 1 3 3
m 2 5 6
m 2 0 6
b 2
m 3 3 2
m 3 3 1
m 4 5 5
m 4 1 6
g 4 2 3
m 1 4 3
q 1
m 2 5 2
m 2 6 0
m 3 6 6
m 3 0 3
f 3
q 3
m 4 7 3
m 4 7 6
q 4
m 1 4 4
m 1 1 5
f 1
m 2 4 3
m 3 4 5
m 3 3 5
m 4 7 4
m 4 6 2
q 4
m 1 0 3
m 1 0 3
m 2 1 5
b 2
m 3 1 6
m 4 7 3
g 4 6 5
m 2 7 6
q 2
m 3 1 5
m 1 6 4
m 1 4 4
g 1 4 7
m 3 1 1
m 3 3 5
m 4 5 3
m 1 7 7
p
m 2 1 6
m 3 1 6
m 4 5 6
m 4 6 4
m 1 2 1
p
m 3 1 6
m 3 1 0
m 4 3 6
m 1 4 0
m 2 0 0
m 3 0 7
m 4 1 4
m 4 1 4
m 1 5 0
m 2 1 7
g 2 4 5
m 3 7 5
m 3 2 5
m 4 5 6
m 4 7 3
m 1 2 1
m 2 2 4
g 2 4 1
f 3
m 4 7 4
m 4 0 0
m 1 2 2
m 2 7 4
m 2 4 4
m 3 3 2
m 3 7 7
m 4 2 7
q 4
b 1
m 2 3 2
m 3 3 2
m 4 0 2
m 4 5 5
m 1 6 4
m 1 2 6
m 2 1 6
m 2 7 3
q 2
m 3 5 1
b 3
m 4 0 2
m 4 6 7
m 1 0 3
m 2 6 4
m 2 6 2
m 3 4 3
m 3 3 2
q 3
m 4 2 4
q 4
m 1 1 7
m 2 0 7
q 2
p
m 3 1 3
m 3 1 4
m 4 2 4
m 4 4 2
m 1 5 6
m 2 5 0
b 2
m 3 1 7
m 3 4 3
f 3
m 4 0 7
m 1 6 4
q 1
m 2 7 5
m 2 6 2
m 3 1 5
m 3 1 4
m 4 0 1
m 4 7 7
m 3 5 2
m 3 1 2
m 4 5 6
m 4 5 0
m 1 2 7
f 1
m 2 1 5
m 3 1 7
m 3 1 5
q 3
m 4 7 3
m 4 2 4
m 1 0 0
m 1 2 3
m 2 5 7
m 2 4 7
p
m 3 1 7
m 4 2 0
m 1 7 0
m 2 0 3
m 3 2 4
b 3
f 3
m 4 1 0
m 4 6 6
m 1 1 5
m 1 0 2
f 1
m 2 6 4
q 2
m 3 0 3
m 4 1 0
f 4
m 1 0 3
m 1 1 1
m 2 5 0
m 3 1 5
p
m 4 0 2
m 1 6 4
m 3 5 0
m 3 3 0
b 3
m 1 2 5
m 1 4 3
m 2 1 6
m 2 6 5
q 2
m 3 1 4
m 3 3 3
m 4 5 2
m 1 7 4
f 1
p
m 2 3 4
m 2 0 2
f 2
q 2
m 3 1 7
f 3
m 4 1 0
m 1 5 0
m 1 2 3
m 2 1 7
m 3 7 4
m 3 6 2
m 4 7 6
m 4 3 7
m 1 1 6
m 2 1 5
m 2 0 0
b 2
f 2
g 2 2 0
m 3 5 4
m 4 5 6
m 1 7 6
m 1 4 3
m 2 3 6
m 3 0 3
m 3 6 0
m 4 5 0
m 4 1 3
g 4 4 5
m 1 3 6
q 1
m 2 1 7
m 2 5 3
b 2
f 2
m 3 2 0
m 3 5 7
m 4 1 5
f 4

