B 5 5 2 21
m 1 4 2
m 1 2 0
m 2 3 2
m 2 1 2
g 2 2 4
m 1 2 0
m 1 1 1
m 2 1 3
m 1 3 3
m 2 4 1
m 1 2 0
m 2 3 4
m 2 3 0
q 1
p
m 2 2 0
b 2
f 2
m 1 2 2
m 2 3 4
m 2 4 0
m 1 0 1
m 1 3 2
m 2 0 0
m 1 3 4
f 1
m 2 4 0
m 1 4 0
m 1 0 1
m 2 4 1
m 2 1 4
m 1 2 1
m 1 2 0
q 1
m 2 3 2
m 2 3 1
b 2
f 2
g 2 3 3
m 1 4 0
f 1
m 2 3 0
m 1 3 2
m 2 0 1
m 2 2 0
m 1 0 1
m 2 4 0
q 1
m 2 3 0
q 2
g 2 1 0
m 1 3 4
m 1 4 3
m 2 4 0
m 1 0 1
m 1 1 4
q 1
m 2 4 3
m 1 3 0
p
m 2 4 2
m 1 3 0
m 1 2 2
b 1
m 2 4 4
q 2
p
m 1 0 1
p
m 2 4 2
m 2 1 4
q 2
p
b 1
m 2 0 4
m 1 4 2
m 1 0 1
m 2 4 2
m 1 3 2
m 2 0 3
m 2 4 1
m 1 4 2
m 1 3 4
m 2 4 1
m 2 4 2
m 1 2 0
q 1
m 2 4 2
m 1 0 1
m 1 3 3
q 1
p
m 2 3 2

