B 6 9 5 8
m 1 0 4
f 1
m 2 8 3
m 2 4 8
m 3 3 6
m 3 4 8
m 4 4 3
b 4
m 5 3 6
m 5 4 0
m 1 1 2
m 1 4 4
f 1
m 2 5 3
m 2 2 5
m 3 0 2
m 3 2 0
m 4 1 4
m 5 7 1
m 5 3 3
f 5
m 1 5 5
m 1 1 7
p
m 2 6 2
g 2 0 2
m 3 0 1
m 4 4 3
f 4
m 5 0 3
m 5 0 5
g 5 3 4
m 1 2 3
m 1 1 5
m 3 0 3
m 4 2 5
m 5 0 4
m 1 7 5
m 2 5 3
m 3 7 5
m 3 3 5
m 4 7 0
m 4 3 7
f 4
q 4
m 5 1 0
m 5 3 8
m 1 4 2
m 1 4 1
b 1
m 2 3 2
m 3 8 2
m 4 1 1
q 4
p
m 5 4 1
m 1 7 5
m 2 3 7
f 2
m 3 0 5
m 4 8 2
m 4 3 6
m 5 4 4
m 1 3 1
m 1 1 8
m 2 1 0
m 3 7 2
m 4 4 2
q 4
m 5 6 2
g 5 8 1
m 1 4 6
m 1 2 1
f 1
m 2 7 4
q 2
m 3 6 2
m 3 2 3
m 4 4 5
m 4 3 3
m 5 4 3
m 5 4 5
m 1 3 1
m 1 2 4
m 2 7 2
m 3 6 1
m 3 3 0
p
m 4 3 0
p
m 5 4 0
m 1 8 2
m 1 5 3
m 2 1 4
m 3 7 5
m 4 6 1
m 4 4 3
m 5 6 2
m 1 5 1
m 1 2 5
m 2 0 0
m 3 6 5
m 3 4 8
m 4 0 3
m 5 6 2
m 5 4 0
m 1 0 3
m 1 2 6
m 2 6 0
m 2 5 0
m 3 1 4
m 4 3 1
p
m 1 5 2
m 2 6 2
m 2 1 3
m 3 4 1
m 4 6 0
m 4 3 5
m 5 6 1
m 5 2 8
m 1 0 4
m 1 2 2
m 2 7 4
f 2
p
m 3 0 6
m 3 3 6
m 4 2 3
m 4 4 0
m 5 6 5
m 5 1 0
m 1 7 0
g 1 2 3
m 2 8 0
b 2
m 3 7 5
m 4 1 3
m 4 1 1
p
m 5 8 0
p
m 1 7 4
m 1 2 5
m 3 3 1
m 3 1 0
m 4 8 5
b 4
m 5 7 5
m 5 3 5
m 1 8 0
m 1 3 1
m 3 1 8
m 4 7 5
m 4 2 8
m 1 6 5
m 1 4 3
b 1
m 3 5 5
q 3
m 4 6 1
q 4
m 5 0 2
m 1 2 4
m 1 0 1
m 2 3 0
m 2 3 5
m 3 8 5
m 4 6 1
m 5 7 5
m 2 6 2
m 2 4 8
m 3 6 2
f 3
m 4 1 3
m 5 4 3
m 5 0 8
f 5
m 1 7 0
m 1 5 3
b 1
m 2 6 2
m 2 0 7
m 3 4 5
m 3 4 6
f 3

