B 9 6 3 22
m 1 8 0
m 1 4 4
m 2 2 0
m 3 0 0
m 3 5 2
q 3
m 1 0 5
m 2 4 0
m 3 1 7
m 1 1 5
m 2 8 0
m 3 0 1
m 3 7 2
f 3
m 1 1 0
m 1 2 1
m 2 1 1
m 2 2 0
m 3 1 3
m 3 7 1
m 1 3 0
m 1 0 2
b 1
m 2 5 1
m 2 7 1
m 3 6 5
g 3 5 1
m 1 5 2
g 1 3 1
m 2 3 8
m 2 7 2
m 3 3 3
m 3 2 4
m 1 4 0
m 2 1 6
m 2 8 3
m 3 5 0
m 1 4 1
m 2 3 0
m 2 5 5
m 3 2 4
m 3 5 5
m 1 5 0
m 1 4 1
m 2 4 5
m 2 4 1
m 3 2 8
m 3 4 1
m 1 4 7
m 2 2 1
m 2 8 3
m 3 3 1
m 1 0 5
m 2 3 2
m 2 3 2
m 3 3 4
m 3 1 1
f 3
m 1 8 2
p
p
m 3 5 7
m 2 0 6
m 2 2 0
b 3
m 1 8 3
b 1
f 1
g 1 5 4
m 2 5 3
m 2 0 2
m 3 0 0
m 1 0 7
m 2 3 6
m 2 2 4
m 3 5 7
m 3 6 2
q 3
m 1 3 0
m 2 3 4
m 2 5 5
q 2
m 3 5 5
m 3 8 5
m 1 7 2
b 1
p
m 2 3 0
m 3 3 2
m 3 0 3
m 1 2 5
m 2 4 5
m 3 6 1
m 3 6 1
q 3
m 1 3 6
f 1
m 2 3 4
m 2 4 1
m 1 2 4
m 1 1 4
m 2 3 0
m 2 1 0
m 3 3 5
f 3
q 3
m 1 6 0
b 1
f 1
m 2 8 3
m 2 1 5
m 3 0 7
m 1 6 1
m 2 1 8
m 3 4 7
m 3 3 5
b 3
m 1 3 2
m 1 2 4
m 2 4 5
m 2 8 2
m 3 4 7
m 1 5 7
p
m 2 4 0
m 2 3 0
m 3 4 0
m 3 0 1
m 1 3 2
m 2 0 7
m 3 0 7
m 3 5 4
m 1 2 2
m 1 7 5
m 2 2 1
m 2 5 3
q 2
m 3 3 4
f 3
m 1 3 7
p
m 2 0 4
m 2 0 2
g 2 5 7
m 3 2 4
m 1 8 4
b 3
m 2 6 0
m 3 2 1
m 1 3 2
m 1 6 1
m 2 0 7
m 2 8 5
m 3 8 1
m 3 4 0
m 1 0 7
m 3 3 6
m 3 5 3
m 1 3 5
m 1 3 2
p
m 2 1 3
m 2 8 0
m 3 2 4
m 1 6 4
m 2 3 7
m 3 3 3
m 3 7 1
q 3
m 1 3 4
m 2 3 7
b 2
p
m 3 0 7
m 1 1 0
m 2 4 7
m 3 8 3
m 1 3 4
m 1 0 2
m 2 2 4
m 2 3 3
m 3 3 7
m 3 5 2

