B 4 5 4 5
m 1 0 1
q 1
m 2 4 3
m 2 3 4
b 2
m 3 0 2
m 3 2 2
m 4 1 2
m 1 4 0
m 1 2 2
q 1
m 2 3 3
m 2 2 1
g 2 2 1
m 3 0 3
m 3 2 2
q 3
m 4 3 2
m 4 1 4
m 1 1 1
m 2 3 3
m 2 0 3
f 2
m 3 0 3
m 3 1 3
f 3
m 4 0 3
g 4 1 2
m 1 0 2
q 1
m 2 1 1
f 2
b 3
q 4
m 1 0 2
m 2 3 3
m 3 1 0
m 3 0 3
m 4 1 3
m 4 2 4
m 1 0 3
q 1
m 2 3 2
m 3 3 0
b 3
m 4 3 2
m 1 3 4
m 1 3 0
q 1
m 2 1 1
m 2 2 0
f 2
m 3 3 2
m 4 3 2
m 4 2 1
b 4
q 4
m 1 0 0
b 1
m 2 3 2
m 3 3 3
m 3 0 4
b 3
m 4 1 3
g 4 3 1
m 1 1 3
m 1 2 0
m 2 3 2
m 2 1 2
g 2 3 0
m 3 0 2
f 3
m 1 3 1
b 1
m 2 3 2
m 3 2 3
m 4 0 1
m 4 1 0

