B 8 5 3 5
m 1 1 3
m 1 0 4
q 1
m 3 0 1
m 3 7 0
g 3 3 1
m 1 3 3
m 2 0 3
m 2 1 4
m 3 3 2
m 1 0 2
b 1
m 2 4 7
m 3 4 3
m 1 4 5
m 1 4 2
f 1
m 3 2 7
m 3 6 3
m 1 3 7
m 2 6 2
m 2 7 2
f 2
q 2
m 3 1 3
q 3
p
m 1 4 2
m 2 2 2
m 3 1 7
m 1 0 0
g 1 1 0
m 2 5 0
m 3 7 2
m 1 2 1
m 2 4 2
m 2 6 2
p
m 3 0 0
m 1 3 1
f 1
p
m 1 0 3
m 1 7 1
m 2 3 5
m 2 0 1
m 3 4 4
m 3 0 3
m 1 1 4
m 2 4 2
m 2 3 4
m 3 3 5
m 3 2 4
m 1 2 2
f 1
m 2 4 2
m 2 7 1
f 2
m 1 4 0
m 1 6 4
m 2 3 5
m 3 0 3
m 1 0 2
g 1 0 5
p
m 2 0 4
m 2 2 2
m 3 4 3
m 3 3 3
m 1 1 2
m 1 5 2
m 2 1 4
m 2 5 1
m 3 4 3
m 3 1 1
m 1 4 2
m 2 6 3
m 2 6 3
m 3 6 0
m 1 5 2
m 1 5 2
q 2
m 3 3 7
m 1 6 2
m 1 5 1
m 2 1 4
m 2 5 4
m 3 4 3
m 3 5 3
b 3
m 1 5 2
m 2 4 6
m 3 4 5
m 3 6 0
m 1 3 7
m 2 4 6
m 2 6 4
q 2
m 3 5 3
f 3
m 1 3 7
m 1 0 3
m 2 2 1
m 2 1 3
f 2
m 3 0 4
m 3 3 4
m 1 4 7
m 1 5 0
m 2 2 0
m 2 2 4
m 3 0 0
m 3 5 1
m 1 1 2
m 2 4 2
m 3 4 5
m 1 4 6
m 2 3 7
m 2 3 1
b 2
m 3 1 1
f 3
m 1 4 4
m 2 1 6
m 2 6 0
m 3 0 3
m 1 3 0
p
m 2 6 3
m 2 2 3
m 3 4 6
f 3
m 1 4 5
m 2 0 4

