B 5 5 2 8
m 2 1 4
m 1 0 1
m 1 0 0
q 1
m 2 1 4
m 1 4 4
m 1 1 4
p
m 2 3 0
m 1 4 4
q 1
m 2 3 1
m 1 0 4
f 1
m 2 0 0
m 2 4 3
m 1 3 1
m 1 4 4
f 1
g 1 0 3
m 2 3 0
m 1 2 4
m 2 1 2
m 2 3 2
q 2
m 1 1 1
p
m 2 0 0
m 2 4 0
m 1 3 3
m 2 2 4
m 1 1 1
m 2 0 2
m 1 4 2
m 1 4 0
q 1
m 2 3 1
f 2
m 1 3 1
m 1 0 2
m 2 3 1
q 2
m 1 3 1
m 1 0 2
q 1
m 2 3 1
m 1 3 1
m 1 4 2
m 2 0 2
m 1 1 4
m 1 1 4
m 2 1 2
m 1 3 2
m 2 4 3
m 1 3 2
m 1 4 0
m 2 0 1
q 2
m 1 1 4
g 1 1 3
m 2 2 1
m 2 0 2
p
m 1 2 2
m 1 4 0
m 2 3 2
m 1 0 2
m 1 3 3
m 2 1 1
m 2 3 4
q 2
m 1 3 0
m 1 0 0
m 1 3 0
b 1
m 2 3 0
q 2
m 1 3 1
m 1 4 4
m 2 3 0
b 2
m 1 2 2
m 1 0 1
q 1
f 2

