B 8 8 4 18
m 1 1 6
m 1 6 3
m 3 5 7
m 3 1 7
q 3
m 4 4 6
m 4 2 6
f 4
m 1 5 6
m 1 2 0
p
m 2 3 7
b 2
m 3 3 0
m 4 3 4
f 4
m 2 2 5
p
m 3 7 0
b 3
m 4 5 6
m 4 0 2
m 2 2 4
p
m 4 5 5
f 4
q 4
m 1 5 0
m 1 0 1
p
m 2 7 3
m 2 0 6
m 3 1 2
m 4 4 4
m 4 6 1
m 1 3 2
m 1 7 2
m 2 4 6
m 2 4 3
p
m 3 0 1
m 4 4 5
m 4 5 7
m 1 5 6
m 1 5 6
m 2 3 3
m 2 5 4
m 3 7 7
b 3
m 4 1 1
m 4 2 1
m 2 1 5
m 3 2 5
f 3
m 4 4 4
m 1 0 5
m 2 6 7
f 2
g 2 6 2
m 3 3 0
m 4 5 0
m 4 7 6
m 1 5 5
m 2 2 6
m 2 4 4
m 3 0 4
m 4 6 3
m 4 0 3
m 1 3 2
m 2 0 6
m 3 5 6
m 3 7 0
g 3 7 7
m 4 1 4
m 4 1 7
f 4
m 1 7 4
m 2 5 2
m 2 4 7
q 2
m 3 1 4
b 3
m 4 0 0
p
m 1 6 6
m 1 3 5
m 2 7 5
m 2 0 0
m 3 7 4
m 3 7 3
m 4 3 5
m 4 1 7
m 1 3 1
q 1
m 2 6 3
f 2
m 3 3 2
m 4 0 6
m 4 3 4
m 1 1 5
m 1 4 3
m 2 7 2
q 2
m 3 1 7
m 4 3 5
m 1 1 7
m 1 0 7
m 2 7 2
m 3 7 2
m 3 2 4
q 3
m 4 4 6
m 4 5 6
q 4
m 1 6 7
m 2 0 4
m 2 5 6
m 3 3 5
m 4 0 3
m 4 4 4
b 4
q 4
m 1 7 2
m 1 1 4
m 2 2 2
m 2 4 6
m 3 0 4
m 4 6 3
m 2 2 0
f 2
m 3 3 5
m 4 1 5
q 4
m 1 1 7
m 1 1 0
m 2 1 5
m 2 6 7
m 3 3 1
m 3 7 4
m 4 4 1
f 4
m 1 3 2
m 1 3 3
q 1
m 2 4 5
m 3 1 3
m 4 0 6
q 4
m 1 7 2
b 1
m 2 1 7
m 3 6 0
m 3 3 7
m 4 2 6
f 4
m 1 3 0
m 1 5 3
m 2 0 3
m 3 5 2
m 3 1 6
f 4
m 1 0 2
m 1 6 7
f 1
m 2 5 6
m 2 7 4
m 3 1 7
m 3 1 5
m 4 7 2
m 1 7 0
m 2 0 3
f 2
m 3 5 5
m 4 1 7
m 2 3 4
m 3 0 4
b 3
m 4 5 6
q 4
f 1
m 2 1 7
m 2 6 0
m 3 0 4
m 4 5 6
f 4
m 1 1 7
m 2 3 2
m 2 3 1
m 3 3 2
m 4 6 3
m 1 6 3
m 1 0 1
m 2 4 6
m 3 2 1
b 3
m 4 3 5
m 1 2 4
m 1 1 1
f 1
m 2 6 3
m 2 7 4
b 2
q 2
m 3 1 3
g 3 6 0
m 4 2 4
m 4 4 5
b 4
m 1 0 3
f 1
m 2 4 6
m 3 3 6
m 4 4 6
m 4 4 7
m 1 0 4
m 1 7 0
m 2 1 7
m 3 3 6
m 4 5 6

