B 6 9 6 7
m 1 5 1
m 2 3 4
m 2 3 6
m 3 2 3
m 4 5 3
m 5 6 2
m 6 2 4
m 6 3 4
m 1 5 5
p
m 2 7 5
f 2
p
m 3 0 2
m 4 3 1
m 5 7 3
m 5 2 8
m 6 1 0
m 1 6 2
m 1 0 6
b 1
m 2 4 7
m 3 8 3
m 3 3 5
b 3
m 4 4 4
m 5 0 2
f 5
m 6 0 3
m 1 7 5
m 2 0 3
g 2 0 4
m 3 8 5
m 3 3 8
m 4 1 1
m 4 1 2
m 5 0 7
m 5 1 0
m 6 0 2
m 1 4 1
m 2 0 0
m 3 3 2
m 3 3 5
m 4 4 5
m 5 8 5
m 6 2 4
m 1 8 1
m 1 5 1
m 2 5 6
m 2 2 2
q 2
m 3 7 2
m 3 1 4
m 4 0 4
m 4 1 1
m 5 4 2
m 5 5 5
m 6 0 0
m 6 1 0
f 6
m 1 8 1
m 1 1 8
m 2 0 3
m 2 4 0
m 3 4 1
m 3 3 7
m 4 3 3
f 4
m 6 7 5
m 6 0 6
f 6
m 2 8 4
m 2 3 6
q 2
m 3 4 5
m 4 1 0
m 4 1 0
g 4 2 3
m 5 2 5
m 6 2 6
b 6
m 1 1 2
m 1 4 6
m 2 5 0
m 2 2 6
b 2
m 4 1 0
m 4 5 3
m 5 7 5
m 5 4 2
b 6
q 6
m 1 4 5
m 1 4 1
m 2 1 0
m 2 4 0
b 2
m 3 0 6
m 4 5 1
m 5 0 3
m 5 4 1
m 6 4 2
m 6 1 3
m 1 1 3
m 2 4 2
m 2 0 4
g 2 7 0
m 3 8 0
m 4 3 0
m 4 0 0
b 4
m 5 5 0
m 6 7 5
m 6 2 6
f 6
m 1 0 2
m 1 5 0
m 2 2 0
m 2 2 3
b 2
m 3 3 4
m 3 4 7
b 3
m 4 5 0
m 4 0 0
m 5 3 6
m 6 4 5
m 1 4 4
q 1
m 2 2 5
m 2 5 2
m 3 3 6
m 3 3 5
m 4 6 1
f 4
m 5 1 8
m 6 7 5
m 1 7 2
q 1
m 2 8 0
m 3 5 1
m 4 6 1
q 4
m 5 4 5
m 5 2 4
p
m 6 8 0
m 6 0 6
m 1 1 2
g 1 2 4
m 2 5 1
m 2 4 8
m 3 5 1
m 3 3 4
m 4 6 1
m 5 4 5
m 6 5 0
q 6
m 1 2 5
m 2 5 1
m 2 2 1
m 3 3 0
m 4 2 5
b 4
m 5 1 4
m 6 4 5
m 6 3 2
m 1 5 0
m 1 2 4
b 1
m 2 5 2
m 2 5 3
m 3 8 0
m 3 1 6
m 4 3 7
m 4 5 3
b 4
m 5 7 5
m 6 2 0
m 6 0 8
b 6
q 1
m 2 4 8
b 2
m 3 3 4
m 3 5 2
b 3
p
m 4 4 8
m 5 8 5
m 6 7 5
m 6 4 8
f 6

