B 10 10 6 9
m 1 9 2
m 1 8 8
m 2 3 8
m 2 1 7
b 2
m 3 7 8
p
f 4
q 4
m 1 2 7
f 1
m 2 6 4
m 2 7 3
m 3 9 7
m 3 9 7
b 3
m 4 3 9
b 5
q 5
m 6 4 3
m 6 7 6
m 1 4 5
m 1 2 6
q 1
m 2 2 3
m 2 5 1
m 3 2 6
m 3 4 6
m 4 4 4
m 5 0 3
m 5 4 9
m 6 0 4
m 1 3 8
m 2 2 0
m 3 5 9
m 3 2 9
m 4 3 6
m 5 4 9
m 5 5 8
m 6 7 0
m 1 0 8
m 1 9 8
q 1
m 2 6 6
m 2 8 3
m 3 2 6
m 3 4 1
m 4 5 8
m 4 9 9
m 5 6 1
m 6 5 2
b 6
f 6
m 2 3 9
m 3 4 2
m 3 3 9
m 4 0 6
m 5 9 8
m 5 2 2
b 5
m 6 3 6
m 1 4 9
g 1 1 6
m 2 5 1
m 2 8 5
q 2
m 3 7 7
m 3 8 9
m 4 0 6
q 4
g 4 2 5
m 5 5 1
m 5 0 4
q 5
b 6
m 1 9 7
m 2 3 9
b 2
m 3 3 1
m 3 0 8
m 4 9 6
m 4 8 5
m 5 2 2
m 6 9 1
m 6 2 7
m 1 4 3
m 2 5 0
m 3 0 9
m 3 5 1
m 4 1 9
m 4 1 5
b 4
m 5 8 3
m 6 5 3
f 6
m 1 7 3
m 1 9 5
m 2 6 5
m 2 3 8
b 2
f 2
m 3 1 1
b 3
m 4 7 0
g 4 6 6
m 5 8 0
m 6 2 3
m 6 5 6
f 6
g 6 2 6
m 1 3 9
m 2 8 1
m 2 1 4
q 2
m 3 3 6
m 3 9 8
m 4 4 9
m 5 1 2
m 5 5 7
b 5
q 5
m 6 2 5
q 6
m 1 1 7
m 1 6 9
m 2 2 0
m 2 4 6
f 2
g 2 7 1
m 3 0 4
m 4 7 3
m 4 4 1
m 5 0 9
q 5
m 6 2 3
m 6 5 6
m 1 2 7
m 2 7 0
m 2 3 7
m 4 1 6
q 4
m 5 7 0
m 5 1 8
q 5
m 6 8 6
m 1 7 6
m 2 1 7
m 2 3 6
m 4 5 3
m 4 7 2
m 5 8 8
q 5
m 6 0 0
q 6
p
m 1 5 5
m 1 8 7
m 2 5 7
m 3 5 0
m 4 9 2
p
m 5 7 4
m 6 5 7
q 6
g 6 9 0
m 1 9 7
b 1
m 2 8 7
f 2
m 3 2 8
m 4 8 9
m 4 3 9
m 5 9 2
f 5
m 6 8 9
m 6 5 2
f 6
m 1 7 6
m 2 0 4
m 2 7 4
p
m 3 5 7
m 3 1 9
m 4 8 7
m 5 9 2
m 5 5 5
m 6 3 1
m 6 2 4
m 1 9 3
m 1 9 6
m 2 1 0
m 3 9 3
m 3 4 2
m 4 1 1
m 5 5 6
m 5 2 3
m 6 0 4
m 1 7 0
b 1
m 2 1 2
m 3 3 1
p
m 4 0 4
m 4 2 4
m 5 3 3
f 5
m 6 3 6
m 6 8 3
m 1 6 1
m 1 2 5
m 2 2 1
m 2 6 7
f 2
m 3 1 0
m 3 5 8
f 3
m 4 4 3
m 5 0 3
p
m 6 3 1
m 6 5 6
f 6
g 6 8 8
m 1 6 7
m 2 5 3
m 2 0 7
m 3 8 4
m 4 1 7
p
m 5 2 4
m 6 4 1
m 6 4 7
m 1 2 6
m 1 4 0
m 3 0 6
f 3
m 4 5 3
m 5 0 6
m 5 8 8
m 6 6 3
m 1 5 2
m 1 9 6
m 2 9 7
m 2 7 4
q 2
b 3
m 4 1 7
m 4 9 9
m 5 3 1
m 6 5 7
m 1 2 0
m 2 8 7
m 2 7 6
m 4 4 8
m 4 7 1
m 5 2 0
m 6 8 3
m 1 5 7
m 1 2 3
m 2 1 5
m 2 4 1
m 3 7 8
m 3 9 0
m 4 9 9
m 4 3 8
p
m 5 4 3
m 5 1 3
m 6 2 0
m 6 5 4
m 1 5 9
f 1
m 2 4 8
m 2 2 7
m 3 0 6
m 3 9 1
m 4 4 1
q 4
m 6 5 7
m 1 2 0
m 1 6 8
m 2 0 9
b 2
m 3 7 6
m 4 3 0
m 5 3 3
m 6 5 7
m 6 6 7
m 1 0 3
m 2 5 3
f 2
m 3 4 1
b 3
q 3
m 4 6 4
m 4 0 1
m 5 5 2
m 6 7 5
m 6 3 3
g 6 3 7
m 1 5 3
m 2 6 9
m 2 0 3
m 3 2 7
b 3
g 4 8 7
m 5 5 3
m 6 2 9
m 1 2 8
m 1 2 1
m 2 6 1
m 3 2 1
m 3 6 0
m 4 4 1
g 4 9 3
m 5 2 8
m 5 8 5
m 6 4 8
m 6 6 7
m 1 2 6
q 1
g 1 2 1
m 2 6 6
m 3 2 6
m 3 9 9
m 4 1 0
m 4 4 0
m 5 2 3
p
m 6 1 0
m 6 3 2
m 1 0 3
m 2 5 0
m 2 6 8
g 3 5 9
m 4 9 2
m 4 6 1
q 4
g 4 5 8
m 5 5 3
m 5 2 5
m 6 0 9
m 6 5 5
m 1 3 7
m 2 7 6
m 2 4 0
m 3 2 1
m 4 4 3
f 4
m 5 2 0
m 6 2 6
m 6 5 0
m 1 3 8
m 2 0 6
p

