B 7 4 2 4
m 1 0 0
f 1
m 2 3 3
m 2 0 2
b 2
m 1 3 5
g 2 0 0
m 1 0 0
m 1 6 0
m 2 5 2
f 2
f 1
m 2 1 5
m 1 3 6
m 1 4 2
m 2 3 1
m 1 5 2
m 1 3 2
m 2 3 0
m 2 6 0
m 1 0 1
m 1 5 2
m 2 0 4
m 1 1 1
m 1 3 0
m 2 1 5
m 2 3 1
f 2
m 1 6 1
m 2 0 1
m 2 6 3
m 1 0 5
m 2 2 2
q 2
m 1 0 5
m 1 3 2
m 1 3 6
m 2 3 2
m 1 0 1
m 1 0 3
q 1
m 2 1 5
m 1 2 2
m 2 1 1
m 2 4 3
m 1 3 5
m 1 3 3
q 1
m 2 1 5
m 2 4 3
m 1 4 0
m 2 0 0
m 1 1 4
m 2 1 4
f 2
m 1 3 0
b 1
m 1 3 2
f 1
m 2 2 6
m 1 1 5
m 2 3 0
q 2
p
m 2 3 6
m 1 0 1
b 1
g 1 2 5
m 2 1 5
m 2 4 1
m 1 1 4
q 1
m 1 0 3
m 1 0 1
b 1
m 2 1 4
p
m 1 3 1
g 1 3 4
m 2 0 1
m 1 0 5
m 2 3 0
m 2 1 1
m 1 3 5
m 1 5 0
f 2
m 1 2 6
m 2 3 6
g 2 0 4

