B 14 7 8 10
m 1 1 1
f 1
p
m 2 0 12
m 3 0 1
m 4 3 10
m 4 5 6
m 5 5 2
m 5 11 4
m 6 9 0
m 7 6 1
m 7 4 4
m 8 0 6
m 1 1 3
b 1
m 2 3 10
m 3 6 2
m 3 2 6
m 4 5 4
m 4 8 2
m 5 6 6
m 5 2 5
q 5
g 5 4 4
m 6 9 2
m 7 2 1
b 7
m 8 5 2
m 8 1 4
m 1 4 6
p
m 2 3 4
m 2 2 4
m 3 6 8
m 4 1 4
m 6 0 0
m 7 2 2
b 7
m 8 6 1
m 8 3 3
m 1 6 2
m 2 9 6
m 3 9 5
m 3 13 4
f 3
m 4 3 0
m 5 6 13
m 6 9 3
m 7 0 4
m 8 6 3
m 8 8 2
m 1 2 7
m 1 11 6
b 1
p
m 2 4 6
m 3 4 6
m 3 1 0
f 3
m 4 6 13
m 5 3 13
b 5
m 6 0 7
b 6
m 7 3 0
m 7 8 1
m 8 5 8
m 8 12 3
p
m 1 0 6
m 2 0 5
m 2 2 1
q 2
m 3 4 12
m 4 12 2
m 5 7 6
m 5 2 4
p
m 6 3 11
m 6 12 4
m 7 5 13
m 7 5 1
m 8 0 6
m 1 6 1
m 1 13 0
f 1
m 2 5 10
m 2 2 5
g 2 6 11
m 3 0 7
m 4 3 8
m 4 10 4
m 5 2 0
m 5 2 1
g 5 6 2
m 6 4 7
m 6 4 0
m 7 5 7
m 7 3 5
p
m 8 0 11
m 1 2 11
m 1 6 6
m 2 5 7
m 3 1 4
b 3
m 4 9 4
m 5 3 13
m 5 7 0
m 6 6 10
m 7 6 10
m 8 10 0
m 1 1 6
m 1 12 2
m 2 0 6
m 4 5 6
m 5 10 6
m 5 1 0
m 6 10 1
g 6 4 10
m 7 3 2
m 8 1 6
m 8 13 4
b 8
m 1 6 13
f 1
m 2 5 8
m 2 12 5
m 3 6 8
m 3 13 0
f 4
m 5 2 1
m 5 8 4
m 6 13 6
m 6 8 3
m 7 0 11
m 7 1 3
m 8 0 12
f 8
m 1 3 3
m 1 10 2
f 1
m 2 9 0
g 2 3 9
m 3 9 0
p
m 4 2 13
m 5 6 3
f 5
m 6 1 12
m 6 13 1
m 1 0 5
m 1 7 4
m 2 5 11
q 2
m 3 4 6
m 4 3 0
m 4 5 0
b 5
m 6 0 11
m 6 11 0
m 7 2 0
m 8 12 1
b 8
m 1 0 5
m 2 3 4
m 4 2 13
m 4 13 2
m 5 5 6
m 5 7 6
m 6 1 7
m 6 4 5
m 7 5 7
m 8 4 2
f 8
g 8 6 11
m 1 3 10
m 1 8 2
m 2 6 8
m 3 3 7
m 4 1 7
m 5 3 7
f 6
m 7 11 4
m 7 6 2
q 7
m 8 5 10
m 8 2 5
f 8
m 1 2 1
p
m 2 3 10
m 2 12 1
m 3 7 0
m 3 1 3
m 4 3 0
m 4 5 2
p
m 5 5 13
m 6 8 6
m 6 7 3
b 6
m 7 1 3
m 7 2 2
m 8 1 9
q 8
m 1 11 2
f 1
m 2 3 2
m 2 11 0
g 2 6 6
g 3 3 1
m 4 11 5
f 4
m 5 3 11
m 6 5 7
m 6 3 1
m 7 5 13
m 7 9 1
p
m 8 13 5
m 1 5 5
m 2 2 0
q 3
m 4 0 6
m 5 3 5
b 6
m 7 4 6
m 7 3 5
b 7
m 8 2 1
m 8 0 3
m 1 5 1
m 2 3 13
m 2 2 4
m 3 3 10
m 3 6 6
m 4 3 4
m 4 9 3
m 5 6 3
q 5
m 6 8 1
m 7 1 0
m 7 11 2
b 7
m 8 2 1
m 1 12 4
m 2 1 7
f 2
m 3 13 5
m 3 11 6
m 4 3 11
m 5 0 6
f 5
q 5
m 6 2 1
m 6 13 5
m 7 4 6
m 7 0 6
b 7
m 8 6 1
m 8 11 0
f 8
m 1 0 12
m 2 1 11
b 2
m 3 2 0
m 3 9 4
m 4 3 4
b 4
m 5 13 5
m 5 12 0
m 6 3 5
m 6 11 3
m 7 8 3
f 7
m 8 1 5
m 1 3 10
m 1 9 6
m 2 2 4
m 2 4 4
m 3 5 6
m 4 6 4
q 4
m 5 9 3
m 6 9 4
m 7 13 5
m 7 9 1
m 8 3 5
m 8 9 4
m 1 3 0
m 2 1 3
q 2
m 5 1 7
m 5 2 5
b 5
m 6 5 7
m 7 3 13
m 8 3 0
m 8 2 1
b 8
q 8
m 1 0 8
m 1 0 6
m 2 1 11
m 2 5 6
m 3 11 5
m 3 11 2
m 4 13 0
m 5 3 10
m 5 10 1
m 6 5 8
m 6 9 5
b 6
m 7 0 8
m 8 5 8
m 1 3 4
m 2 6 8
m 2 5 4
m 3 6 3
m 4 1 7
g 4 3 7
m 6 3 1
m 7 1 1
m 8 2 1
m 8 1 0
m 1 5 7
b 1
m 2 11 0
p
m 3 3 5
m 3 1 0
f 3
m 4 5 8
m 4 7 5
p

