B 13 9 8 10
m 1 8 3
m 1 0 2
m 2 2 9
m 3 9 2
m 4 8 12
b 4
m 5 12 6
m 5 5 4
m 6 5 0
m 7 1 7
m 8 3 2
q 8
m 1 0 2
m 1 3 7
m 2 7 9
m 3 9 4
m 3 9 4
m 4 4 8
m 4 1 6
q 4
p
m 5 4 5
m 5 3 0
m 6 3 6
m 7 0 10
q 7
m 8 8 11
m 8 2 1
m 1 5 2
m 1 0 2
m 2 1 5
m 2 10 0
m 3 5 2
m 4 8 10
m 5 3 3
m 5 0 7
m 6 5 6
m 7 2 3
f 7
m 8 0 2
b 8
q 8
m 1 8 5
m 1 1 0
m 2 0 9
f 2
m 3 5 5
f 3
m 4 4 10
m 4 2 8
m 5 4 7
m 5 12 2
m 6 6 0
m 6 9 8
m 7 3 5
m 8 8 3
m 8 11 0
m 1 2 7
f 1
m 2 1 0
b 2
q 2
f 4
m 5 9 0
b 5
m 6 2 3
m 7 7 1
f 7
m 8 1 0
m 1 4 7
g 1 6 3
p
m 2 2 11
m 2 10 5
m 3 3 7
m 4 3 0
m 4 0 1
b 4
f 4
q 4
m 5 0 7
m 5 7 8
m 6 7 10
m 6 8 6
p
m 7 11 7
f 7
m 8 9 7
m 8 1 5
m 1 4 0
b 1
m 2 7 8
m 2 9 5
f 2
g 2 2 9
m 3 9 7
b 3
q 3
m 4 11 3
g 4 5 3
m 5 2 1
m 5 9 4
m 6 6 6
m 6 11 2
m 7 5 2
m 8 6 7
m 8 1 7
m 1 8 4
m 2 2 0
m 3 6 2
m 3 10 2
m 4 10 3
m 4 2 4
m 5 1 10
m 5 1 0
m 6 4 1
m 7 8 6
b 7
m 8 5 3
m 8 0 8
p
m 1 3 7
m 1 12 7
p
m 2 6 4
f 3
m 4 11 2
m 5 0 0
m 5 2 5
g 5 2 9
m 6 2 2
b 6
m 7 4 6
m 8 5 6
m 1 5 2
m 1 3 7
f 1
m 2 5 8
m 3 11 6
m 4 11 3
m 5 10 4
m 5 12 2
f 5
p
m 6 4 11
m 6 4 2
m 7 0 12
b 7
f 8
m 1 0 12
m 2 2 8
m 3 0 0
m 4 10 1
b 4
f 4
m 5 8 7
m 6 4 4
m 6 9 6
q 6
q 7
m 8 4 10
m 1 8 8
m 2 3 12
m 3 8 3
m 5 3 1
m 5 1 2
m 6 0 7
m 8 8 12
g 8 2 12
p
m 1 4 1
m 2 12 8
m 2 9 0
m 3 1 1
m 4 2 7
m 4 5 7
m 5 6 0
b 5
m 6 11 4
m 6 3 4
q 6
m 8 0 1
m 1 3 7
g 1 5 1
m 2 1 12
m 2 11 0
m 3 12 1
m 3 5 4
m 4 6 2
m 5 7 7
m 5 5 5
m 6 6 10
m 6 6 3
f 6
m 7 7 5
m 8 8 10
m 8 4 4
m 1 12 4
m 2 5 12
m 2 5 5
m 3 6 0
m 4 2 4
m 5 9 4
q 5
m 6 3 6
q 6
m 7 10 7
m 7 2 1
m 8 5 6
m 1 0 0
p
m 2 6 2
m 2 1 3
m 3 5 6
m 3 9 3
m 4 8 1
m 4 6 7
m 5 8 1
m 6 3 6
m 6 0 2
b 6
q 6
m 7 5 12
m 7 2 2
m 8 10 5
m 1 4 1
m 1 12 8
p
q 2
m 3 6 0
m 4 4 3
m 4 5 5
m 5 3 0
m 6 4 0
m 6 2 8
b 6
m 7 12 6
m 7 7 3
m 8 5 0
m 1 9 1
m 2 0 6
f 2
m 3 11 7
m 4 8 10
m 4 10 4
m 5 7 2
g 5 7 5
b 6
m 7 6 7
m 7 4 6
m 8 4 6
g 8 7 5
m 1 8 10
m 1 1 3
m 2 0 12
b 2
m 3 4 1
q 4
m 5 4 1
m 5 12 8
p
m 6 8 1
m 6 6 0
m 7 8 3
f 7
q 7
m 8 1 6
b 8
m 1 0 7
f 1
m 3 2 1
m 4 10 7
m 4 12 2
m 5 1 6
m 5 1 3
m 6 8 6
m 7 2 4
m 7 5 2
m 8 8 6
m 8 3 3
m 1 4 7
q 1
m 2 5 11
m 2 0 2
b 2
m 3 0 7
m 3 3 1
b 3
g 3 6 12
m 4 12 7
m 5 12 0
m 6 2 1
m 6 5 3
m 7 6 2
q 7
m 8 8 6
m 8 10 0
m 1 8 0
m 2 5 0
m 2 5 7
m 3 12 0
m 3 2 7
b 3
f 3
m 4 1 11
m 5 3 0
b 5
m 6 1 4
m 8 2 7
g 8 2 8
m 1 6 6
m 1 2 5
m 2 8 1
m 3 5 6
m 4 11 3
m 4 9 5
m 5 8 6
q 5
m 6 5 0
m 7 4 1
m 7 3 7
m 8 1 7
m 1 7 1
m 1 8 0
b 1
m 2 8 1
g 2 1 2
m 3 2 1
m 4 10 6
m 6 0 2
f 6
m 7 4 4
f 8
m 1 11 5
q 1
m 2 12 3
m 3 5 0
m 3 7 6
f 3
m 4 1 5
b 4
f 4
m 5 6 8
m 5 9 0
b 5
m 7 4 0
m 7 1 8
b 7
m 8 5 2
m 8 7 1
b 8
m 1 11 4
f 1
m 2 5 12
m 3 3 6
b 3
m 4 1 6
m 4 6 4
m 6 4 7
m 7 5 12
m 7 0 3
m 8 2 8
m 1 4 7
q 1
m 2 1 5
q 2
g 2 3 11
m 3 2 1
m 3 0 7
q 3
m 4 4 1
m 4 5 0
b 4
q 4
m 5 5 5
m 6 5 3
m 6 6 5
m 7 5 2
m 7 9 7
f 7
g 7 1 10
m 8 3 6
m 1 2 7
m 1 10 4
m 2 12 1
m 3 7 0
m 4 1 5
m 4 4 5
m 5 7 8
m 5 6 2
m 6 7 7
m 7 3 6
m 7 3 3
m 8 6 0
f 8
m 1 5 0
m 1 3 1
m 2 5 0
m 3 8 7
m 5 2 8
q 5
m 6 8 3
m 7 1 5
q 7
m 8 8 3
m 1 8 10
f 1
m 2 0 8
m 2 1 0

