B 8 6 5 11
m 1 2 3
m 1 4 3
m 2 5 7
m 2 1 2
m 3 4 2
m 3 5 5
p
m 4 1 2
m 4 6 3
f 4
m 5 6 0
m 1 0 1
m 1 5 2
q 1
m 2 6 4
m 2 4 0
f 2
p
m 3 4 0
m 3 2 3
m 4 6 4
m 4 2 4
q 4
m 5 4 4
m 5 3 0
m 1 6 2
m 3 7 0
m 3 1 3
m 4 5 5
f 4
m 5 4 7
b 5
m 1 4 3
m 1 4 4
m 2 4 1
m 3 3 0
m 3 2 5
f 3
m 4 4 3
m 4 1 0
m 5 2 3
p
m 1 2 7
m 2 5 6
m 2 7 3
m 3 4 7
m 3 3 0
f 3
m 4 1 3
m 4 7 1
m 5 4 1
m 1 0 5
m 2 1 5
m 2 6 0
m 3 3 5
m 5 2 1
q 5
m 1 0 1
m 2 7 0
m 2 1 3
m 3 2 2
m 4 1 3
m 5 3 5
m 1 1 6
m 1 4 2
f 1
g 1 0 4
m 2 1 1
m 2 1 3
m 3 0 0
m 4 4 1
m 5 0 3
m 1 5 6
m 2 2 4
m 3 2 3
m 3 7 2
f 3
m 4 6 1
m 4 3 2
m 5 0 0
m 5 3 3
m 1 0 3
m 1 5 4
p
m 2 5 6
m 2 1 5
g 2 5 0
m 3 3 5
m 3 2 1
m 5 3 5
m 1 4 3
q 1
m 2 4 3
m 2 4 4
m 3 4 1
m 3 5 3
m 4 5 6
m 5 4 0
m 5 2 2
q 1
g 1 4 4
m 2 5 3
f 2
m 3 4 7
f 3
m 4 1 5
m 5 3 0
m 1 1 5
b 1
m 2 7 3
m 3 5 7
m 3 2 5
b 3
q 3
m 5 4 1
m 5 3 1
m 1 0 2
b 2
m 3 5 6
f 3
p
m 4 5 6
m 4 0 0
m 5 6 3
m 1 4 1
m 1 4 5
p
m 2 4 7
m 2 7 3
m 3 1 5
m 4 5 7
q 4
f 5
m 1 4 3
b 1
m 2 3 3
m 3 3 0
m 4 3 5
m 4 7 4
m 5 0 5
m 5 5 2
m 1 4 0
m 2 5 3
m 3 0 2
m 4 0 2
m 4 1 1
m 5 1 5
m 5 0 4
m 1 0 5
q 1
m 2 7 5
m 3 1 5
b 4
m 5 0 0
m 5 7 2
q 5
m 1 4 1
m 2 4 1
m 3 1 5
m 4 6 0
m 4 1 0
b 4
m 5 4 3
b 5
m 1 4 0

