B 8 10 4 21
m 2 8 2
m 2 5 2
f 2
m 3 3 1
m 4 1 6
m 4 3 5
m 1 0 6
m 2 5 7
m 3 3 7
b 3
m 4 7 7
m 4 4 4
m 1 7 5
m 1 2 8
m 2 6 4
m 2 6 1
m 3 4 7
m 3 0 5
f 3
m 4 0 4
m 4 6 6
b 4
m 1 2 5
m 1 0 9
m 2 2 6
m 3 5 9
m 3 6 3
m 4 4 3
m 1 6 3
m 1 2 1
p
m 2 2 2
m 2 3 8
m 3 4 1
m 3 5 1
m 4 2 9
m 4 1 4
m 1 8 4
m 2 9 1
f 2
m 3 9 6
m 4 9 1
f 4
m 1 9 6
m 1 0 4
m 2 4 1
f 2
m 3 2 6
p
m 4 5 6
q 4
m 2 1 2
m 2 0 7
m 3 1 7
m 3 7 0
m 1 2 4
m 1 1 4
m 2 9 1
m 2 6 1
f 2
m 4 3 0
q 4
m 1 5 5
m 1 0 7
m 2 4 3
m 2 1 6
m 3 2 3
m 3 5 0
m 4 4 7
m 4 3 1
b 4
m 1 0 0
m 1 1 2
m 2 9 4
p
m 4 9 4
m 4 5 6
m 1 6 4
b 1
m 2 6 1
m 3 3 4
q 3
m 4 2 2
m 4 4 4
b 4
m 1 9 3
m 1 3 8
m 2 5 1
m 3 1 0
m 4 2 6
m 4 6 5
m 1 4 7
m 1 5 4
p
m 2 7 9
m 2 1 6
m 3 0 6
g 4 0 0
m 1 2 0
m 1 3 4
m 2 1 2
m 2 4 8
m 3 8 1
m 3 4 3
m 4 5 3
m 1 6 4
m 1 4 2
f 1
m 2 3 1
m 2 0 8
m 3 1 7
m 3 7 6
b 3
m 4 0 4
m 1 3 3
m 1 7 8
p
m 2 3 1
m 3 0 6
m 3 4 0
m 4 3 0
m 4 3 5
m 1 9 6
m 1 0 3
m 2 7 8
m 3 8 1
q 3
m 4 2 6
m 4 1 6
f 4
m 1 6 3
m 1 5 2
m 2 1 0
m 3 9 1
m 3 3 8
p
m 4 9 6
b 4
m 1 6 4
b 1
m 2 6 3
m 3 3 1
m 3 4 6
f 3
m 4 8 6
m 1 7 2
m 1 2 1
p
m 2 3 1
m 2 4 2
p
m 4 8 6
m 4 2 8
m 1 3 7
f 1
m 2 1 0
m 2 1 6
m 3 8 1
m 4 0 8
m 1 8 5
m 1 0 9
m 2 5 2
b 2
q 2
m 4 1 7
b 4
f 1
m 2 0 6
m 2 6 0
m 3 9 3
m 3 4 3
m 4 2 6
g 4 6 2
m 1 1 2
m 1 5 9
m 2 7 2
m 2 7 8
f 2
m 4 9 1
m 1 2 2
m 1 2 8
m 2 1 2
m 2 1 9
q 2
g 2 7 4
m 3 0 0
m 3 6 6
m 4 1 8
m 2 3 3
m 2 7 0
m 3 9 3
m 3 3 9
m 4 1 1
m 2 3 5
m 3 0 0
m 3 5 3
m 4 4 5
m 1 4 9
b 1
m 2 4 7
m 3 3 7
q 3
m 4 6 3
g 4 2 7
m 1 9 6
b 1
p
m 2 8 6
m 2 6 9
q 2
m 3 7 2
m 4 3 1
m 4 6 9
m 1 5 1
m 1 3 2
m 2 8 5
m 2 1 9
q 2
m 3 7 5
m 4 6 3
m 4 2 7
g 4 2 3
m 1 3 5
m 1 6 8
m 2 5 5
p
b 3
m 4 7 6
m 1 5 2
m 1 1 4
g 1 9 6
m 2 6 2
m 2 4 1
m 3 7 6
p
m 4 7 6
m 4 2 9
m 1 7 7
m 1 3 1
m 2 4 7
m 3 6 3
m 3 5 1
b 3
m 4 5 1
m 1 7 6
m 1 3 6
q 1
m 2 3 7
q 2
m 3 7 6
m 3 1 6
m 4 1 0
b 4
m 1 4 6
m 3 7 6
m 4 0 5
f 4
p
m 2 5 1
m 3 5 1
m 3 2 9
f 3
m 4 7 6
m 4 3 2
m 2 1 0
m 2 0 7
m 3 4 7
m 3 2 7
m 4 5 0
m 4 6 2
m 1 1 7
m 1 0 8
m 2 5 1
m 2 6 5
g 2 0 0
m 3 4 7
m 4 8 5
m 4 7 3
m 1 7 4
m 1 5 2
m 2 8 5
m 2 2 9
q 2
p
m 3 5 1
m 4 7 6

