B 14 10 7 12
m 1 1 8
m 1 3 6
m 2 12 1
m 3 2 1
m 3 11 0
m 4 9 8
m 4 1 0
q 4
m 5 0 7
b 5
m 6 4 6
f 6
m 7 4 3
m 1 5 11
m 1 12 3
b 2
p
m 3 8 11
m 3 6 3
m 4 1 0
m 4 8 8
m 6 8 5
f 6
m 7 2 4
m 1 1 0
b 1
m 2 11 9
m 3 7 1
m 3 9 7
m 4 6 0
m 4 9 3
q 4
m 5 12 2
m 6 13 3
m 7 9 8
m 7 10 3
m 1 4 3
m 2 1 3
m 3 8 4
m 4 4 13
g 4 4 2
m 5 6 6
m 5 1 6
m 6 0 10
m 6 13 6
f 6
m 7 6 5
q 7
m 1 12 3
m 1 8 1
b 1
f 1
m 2 7 13
m 2 10 2
p
m 3 5 12
m 3 2 3
m 4 1 1
m 4 11 5
m 5 0 2
m 6 5 4
m 7 3 6
m 7 2 8
m 1 10 5
m 1 12 8
m 2 7 2
m 3 6 7
m 4 4 11
m 5 11 9
m 6 1 13
f 6
m 7 8 0
m 1 2 13
m 2 9 2
m 2 7 3
m 3 5 1
b 3
m 4 4 4
m 4 5 9
m 5 7 5
m 6 1 11
m 6 5 7
f 6
m 7 7 11
m 7 10 4
q 7
m 1 12 3
m 1 8 7
m 2 8 5
m 2 8 1
m 3 6 2
m 3 5 1
m 4 6 5
m 4 13 8
m 5 3 3
q 5
m 6 10 3
m 6 12 6
q 6
m 7 5 5
m 7 4 0
q 7
m 1 11 2
m 2 2 4
g 2 6 12
m 3 2 8
m 4 2 1
m 4 4 4
b 5
m 6 7 2
m 7 3 8
m 7 13 1
f 7
q 7
g 7 7 5
m 1 7 12
m 1 7 0
m 2 4 5
m 2 2 4
m 3 2 8
q 3
m 4 7 11
m 5 7 13
g 5 1 12
m 6 7 0
m 6 0 2
m 7 9 6
m 7 2 2
m 1 8 6
b 1
g 1 7 0
m 2 5 4
m 2 7 5
b 2
b 3
f 4
q 4
m 5 2 1
m 6 4 0
m 7 6 9
m 7 3 4
m 1 2 2
m 2 8 6
m 2 9 8
m 3 9 2
m 3 11 7
m 4 6 5
p
m 5 0 10
m 6 1 3
m 7 8 4
m 1 7 3
m 3 8 5
m 3 1 9
g 3 3 13
m 4 5 1
m 5 4 7
m 5 6 7
g 5 0 11
m 6 12 3
m 6 9 9
m 7 10 4
m 1 9 12
b 1
m 2 8 0
m 2 4 9
m 3 1 3
m 3 9 4
q 3
m 4 8 7
m 5 8 11
m 7 8 4
m 1 9 7
m 1 9 5
q 1
m 2 8 4
f 2
m 3 6 7
f 3
m 4 6 1
f 4
m 5 4 7
m 6 8 0
m 1 4 6
m 2 8 2
m 2 12 7
m 6 8 6
m 6 1 0
b 6
f 6
m 7 9 1
b 7
m 1 8 5
m 1 6 4
m 2 9 12
m 3 9 10
m 3 3 2
m 4 1 10
f 4
m 5 6 2
m 7 2 1
f 7
m 1 4 12
m 1 5 4
m 2 5 3
m 2 5 7
f 2
g 2 4 5
m 3 0 0
m 3 2 2
m 4 4 12
m 4 12 4
b 4
m 6 1 3
m 6 7 7
g 6 1 1
m 7 0 6
m 7 5 8
m 1 0 10
m 1 11 3
m 2 8 6
m 2 2 8
m 3 0 9
m 4 6 10
m 5 7 3
m 5 12 7
m 6 1 0
q 6
m 7 4 2
m 1 5 2
m 1 1 9
m 2 6 10
m 3 7 10
m 3 0 9
m 4 5 2
f 4
m 5 8 2
m 5 10 0
m 6 0 3
b 6
m 7 6 9
b 7
m 1 0 3
m 1 1 9
b 1
m 2 7 10
m 2 11 4
m 3 8 5
m 4 0 9
m 4 2 1
m 5 9 12
m 6 2 13
q 6
m 7 3 2
m 7 10 2
q 1
m 2 1 8
m 3 5 1
m 3 9 3
m 4 6 11
m 4 12 0
m 5 6 10
m 6 4 13
m 7 4 13
m 7 2 1
f 7
m 1 13 7
q 1
m 2 13 7
m 3 1 3
m 4 7 1
m 5 5 4
m 5 13 5
m 6 4 1
m 6 12 6
b 6
m 7 2 13
m 7 7 6
q 7
m 1 8 5
m 2 11 9
m 2 3 9
m 4 8 7
q 4
p
m 5 0 2
m 5 1 6
q 5
m 6 5 2
f 6
m 7 0 5
m 1 0 0
m 2 0 5
m 2 5 5
m 3 4 7
m 3 1 7
m 4 4 1
m 4 4 0
m 5 9 12
q 5
m 6 0 5
m 7 0 3
m 7 3 0
m 1 0 5
m 1 13 1
q 1
m 2 4 7
m 3 8 6
m 3 8 4
m 4 0 7
f 4
m 5 8 0
m 5 5 2
m 6 8 7
m 7 5 1
m 1 10 3
m 1 8 3
m 2 5 2
f 2
m 3 5 1
f 3
m 4 9 8
m 4 4 7
f 4
m 5 0 9
m 6 9 13
m 6 13 4
m 7 9 8
m 1 2 0
m 2 7 1
m 2 3 2
m 3 13 2
m 3 11 6
f 3
m 4 2 8
b 4
m 5 0 13
m 5 10 3
m 6 4 0
m 6 4 8
m 7 1 10
m 1 5 1
b 1
m 2 6 7
m 3 1 0
m 3 2 8
g 3 3 1
m 4 8 0
m 4 10 3
b 4
m 5 0 13
m 6 9 8
f 6
m 7 1 3
b 7
m 1 8 5
m 1 8 7
b 1
g 1 4 12
m 2 1 0
m 2 8 3
f 3
g 3 1 8
m 4 8 0
m 4 13 9
m 5 4 8
m 5 3 9
g 5 4 9
m 6 12 4
m 6 5 4
m 7 7 3
m 1 4 1
q 1
g 1 2 3
m 2 5 1
m 3 1 7
m 3 7 2
m 4 8 6
q 4
g 4 2 5
m 5 9 7
m 5 6 8
m 6 1 11
m 7 2 9
p
m 1 5 12
f 1
q 1
m 2 2 1
m 2 2 6
m 3 6 5
m 4 1 0
m 4 9 1
m 5 3 9
m 5 12 0
m 6 6 5
m 6 0 6
f 6
q 6
g 6 2 7
m 7 8 5
m 7 3 8
m 1 4 1
m 1 9 1
f 1
m 2 5 4
m 2 2 6
p
m 3 6 5
m 4 8 10
m 4 3 2
b 4
m 5 2 1
m 5 9 6
f 5
m 6 4 7
m 6 3 9
q 6
m 7 1 3
m 1 7 3
m 1 8 7
m 2 3 2
q 2
m 3 2 1
m 3 1 0
m 4 9 10
q 4
m 5 8 5
b 5
f 5
m 6 8 0
m 7 5 3
m 7 2 3
f 7
m 1 9 10
g 2 9 0
m 3 4 7
m 3 10 3
f 4
m 5 4 1
m 5 3 3
m 6 8 5
b 6
m 1 6 0
m 1 5 7
b 1
m 2 9 7
m 2 10 2
m 3 5 6
m 5 0 2
m 6 8 0
m 6 9 4
p
m 7 0 9
m 7 1 7
m 1 0 9
m 2 1 3
m 2 3 4
m 3 2 1
m 3 4 6
m 4 8 5
m 5 1 3
m 6 1 3
m 6 11 1
g 6 3 11
m 7 7 1
m 7 8 7
b 7
m 1 8 5
q 1
m 2 11 0
m 3 5 12
m 3 8 3
b 3
m 4 10 6
m 6 11 6
m 7 1 10
m 1 13 9
f 1
p
m 2 1 2
g 2 5 8
m 3 8 7
m 3 12 3
m 4 8 11
m 4 5 4
f 4
m 5 8 9
m 6 0 13
m 6 8 5
f 6
m 7 9 10
m 1 8 5
m 2 8 10
m 2 2 5
m 3 4 0
m 4 8 5
m 5 12 3
m 5 13 3
m 6 6 0
m 6 2 1
m 7 6 0
m 7 3 5

