B 6 9 2 19
m 1 5 4
m 1 4 6
m 2 1 4
q 2
m 1 7 5
m 2 6 0
m 2 3 3
m 1 3 8
m 2 4 0
m 2 3 5
m 1 8 2
m 1 0 1
b 1
m 2 2 5
m 1 2 5
m 2 0 3
m 1 5 0
m 1 4 6
m 2 4 2
m 1 3 5
m 1 5 5
b 1
m 2 3 5
m 1 2 5
m 2 0 0
m 2 4 1
m 1 1 2
m 1 5 7
m 2 1 1
m 2 3 2
b 2
q 2
m 1 4 3
m 1 3 1
b 1
m 2 2 2
m 1 0 8
m 2 6 1
q 2
m 1 1 5
m 1 1 3
f 1
m 2 7 0
m 1 5 6
f 1
m 2 2 4
m 2 6 1
m 2 3 2
m 1 3 2
q 2
m 1 4 0
m 2 6 0
m 2 1 1
q 2
m 1 4 3
m 2 5 1
m 1 4 4
m 1 0 7
m 2 0 3
f 2
m 1 0 1
b 1
m 2 4 4
f 2
g 2 1 3
m 1 4 6
m 2 6 3
m 2 2 0
m 1 7 2
m 1 0 1
m 2 6 1
m 2 3 2
m 1 6 3
p
m 2 7 2
f 2
p
m 2 1 2
q 2
m 1 6 3
m 2 8 2
m 1 3 8
b 1
m 2 6 1
g 2 1 3
m 1 1 6
m 2 0 4
m 1 7 3
m 2 1 0
p
m 1 7 3
m 2 3 2
b 2
g 2 0 5
m 1 2 5
m 1 2 6
m 2 6 0
m 2 5 5
m 1 8 4
m 1 2 7
m 2 4 3
m 1 1 2
m 2 5 0
m 1 8 2
g 1 2 2
m 2 3 2
b 2
m 1 6 3
m 1 0 6
m 2 8 1
m 1 4 3
m 2 5 1
m 2 4 6
m 2 4 4
m 2 4 5
q 2
m 1 7 1
b 1
q 1
m 2 2 5
m 2 2 8
m 2 3 5
m 1 5 8
m 1 4 1
m 2 0 3
m 2 4 4
b 2
m 1 8 4
m 1 4 5
q 1
m 1 7 3
m 1 0 8
m 2 5 0
m 1 3 7
m 2 2 5
m 2 1 8
m 1 5 0
m 1 3 4
m 2 3 5
q 2
m 1 8 4
b 1
f 1
q 1
m 2 0 3
b 2
m 1 2 0
m 2 3 2
b 2
m 1 5 0
m 2 8 4
b 2
m 1 3 5
m 1 0 4
q 1
m 2 1 2
m 2 2 2
m 1 3 2
m 1 0 4
m 2 2 5
b 2
f 2
m 1 7 4
m 2 1 2
f 2
m 1 2 1
m 2 3 2
m 2 0 6
m 1 1 7
m 1 3 1
p
m 2 0 3
m 2 1 4
m 1 5 8
m 2 2 0
m 2 3 2
b 2
m 1 2 8
m 2 7 4
m 2 2 2
m 1 3 5
m 1 4 1
m 1 8 4
m 1 5 1
b 1
m 2 3 2
m 2 5 7

