B 9 6 6 4
m 1 2 6
m 2 1 5
m 2 7 2
f 2
m 3 4 5
m 3 8 4
f 3
p
m 4 1 0
m 5 3 2
q 5
m 6 8 5
m 6 0 2
m 1 2 3
m 1 3 1
f 1
m 2 4 0
f 2
m 3 6 1
m 3 7 4
f 3
m 4 3 0
m 5 3 1
m 6 8 0
q 6
p
q 1
m 2 6 1
m 3 1 4
m 3 2 1
q 3
g 3 5 4
m 4 2 5
m 4 3 0
m 5 0 0
m 5 8 1
m 6 1 5
m 6 2 0
m 1 0 0
m 1 1 4
f 1
m 2 5 0
m 2 3 3
m 3 2 1
m 3 2 4
m 4 7 2
m 5 1 1
m 5 6 1
m 6 2 2
q 6
m 1 4 0
m 1 3 5
f 1
q 1
m 2 6 5
f 2
m 3 1 0
m 3 5 4
m 4 2 6
m 4 8 1
m 5 5 7
m 5 5 5
m 6 2 6
b 1
p
m 2 3 6
m 2 1 0
b 2
m 3 0 5
q 3
m 4 4 4
m 5 2 4
m 6 5 2
m 6 4 3
b 6
m 2 0 6
m 2 7 5
m 3 1 4
m 4 0 1
q 4
m 5 4 1
m 6 4 6
m 6 1 3
m 1 1 3
m 2 4 3
m 2 4 0
m 3 1 4
m 3 3 5
m 4 2 2
f 4
m 5 7 2
m 5 1 0
m 6 2 5
m 6 4 1
m 1 4 5
q 1
m 2 5 5
m 2 5 3
m 3 5 7
m 3 2 0
m 4 1 4
m 4 6 0
m 5 5 0
q 5
m 6 2 8
m 6 1 0
m 1 2 8
m 1 1 1
m 2 1 3
g 2 1 8
m 3 2 8
m 4 4 3
m 5 4 5
m 6 5 4
m 1 1 2
m 2 8 2
m 3 1 1
m 3 5 5
m 4 4 6
m 4 1 3
m 5 4 6
m 6 2 4
m 1 5 7
m 1 8 1
f 1
p
m 2 2 4
m 2 1 4
m 3 7 3
m 3 1 0
m 4 4 5
m 4 2 0
m 5 2 2
m 6 2 4
m 6 5 5
m 1 1 2
m 2 4 5
m 2 8 5
m 3 4 5
m 3 0 2
b 3
f 3
m 4 6 2
m 5 3 6
m 6 4 3
m 6 2 3
p
m 1 8 2
m 2 6 0
m 2 4 1
m 3 1 5
m 4 8 0
m 4 5 1
m 5 1 2
m 5 0 0
m 6 3 0
q 6
g 6 0 5
m 1 8 1
m 2 4 5
m 2 2 4
f 2
m 3 3 6
f 3
q 3
m 4 8 5
m 4 8 1
m 5 2 4
m 6 4 3
q 6
m 1 5 6
m 1 4 4
g 1 0 8
m 2 4 3
m 2 6 4
g 2 0 0
m 3 6 0
m 4 5 7
m 5 2 5
m 6 0 3
b 6
m 1 8 1
m 2 2 5
m 2 6 2
p
m 3 3 4
p
m 5 1 2
f 5
q 5
m 6 0 7
m 1 4 0
m 2 6 1
q 2
m 3 4 5
m 3 4 5
m 4 1 7
m 4 2 0
m 5 7 0
p
m 6 4 0
g 6 5 3

