B 9 8 2 33
m 1 1 5
m 1 2 7
m 2 0 4
b 2
p
m 1 8 5
m 2 6 5
m 2 2 2
b 2
m 1 3 3
m 1 5 2
f 1
m 2 0 8
m 1 6 3
m 1 7 0
m 2 5 4
m 2 5 1
m 2 2 6
q 2
m 1 5 3
m 2 7 1
m 2 8 7
m 2 8 0
m 1 2 7
m 1 8 7
m 2 3 2
m 1 3 4
m 1 4 0
g 1 2 2
g 2 5 1
m 2 6 1
m 1 5 7
m 1 4 3
f 1
m 2 1 3
m 2 2 2
f 2
m 1 2 6
m 1 3 2
p
m 2 7 4
m 2 6 1
m 2 8 2
q 2
b 1
m 2 2 0
m 2 0 2
m 1 6 3
m 1 7 1
m 2 1 4
q 1
m 2 6 8
m 2 0 2
m 1 5 0
m 1 0 7
f 1
m 2 4 1
m 1 4 4
f 1
m 2 5 7
m 1 6 4
m 1 6 2
m 2 7 1
m 2 3 3
b 2
m 1 7 5
q 1
m 2 0 0
m 2 0 5
p
m 1 6 8
m 2 1 0
p
m 2 7 3
m 2 5 1
q 2
m 2 6 3
m 2 7 4
m 1 7 4
m 1 0 6
m 2 2 1
b 2
m 1 1 2
m 2 5 6
m 2 4 0
b 2
m 1 7 3
m 2 1 0
q 2
m 1 7 7
m 1 8 1
m 2 5 5
m 2 1 1
m 1 0 3
m 1 7 4
m 2 3 2
g 1 1 1
m 2 4 0
m 1 4 8
m 2 6 1
m 2 0 7
m 1 2 7
g 1 5 6
m 2 6 8
b 2
m 1 0 3
m 1 4 6
m 2 8 3
m 1 6 7
m 1 0 5
m 2 5 2
m 2 4 2
b 2
q 2
m 1 5 3
m 1 1 7
f 1
m 1 6 6
m 2 6 1
m 1 2 7
m 1 3 0
m 2 6 7
m 1 7 3
m 2 6 1
m 1 7 5
m 2 7 4
m 2 2 7
b 2
m 1 0 0
m 1 4 7
m 2 5 2
m 1 1 3
b 1
m 2 5 2
m 1 3 3
m 2 5 2
m 2 2 6
m 1 5 4
m 2 0 6
f 1
m 2 5 3
m 1 6 7
m 1 4 7
m 2 1 0
m 2 0 2
q 2
m 1 2 7
m 1 7 2
g 1 3 8
g 2 2 5
m 1 1 0
f 1
m 2 5 2
m 1 1 1
m 1 8 0
m 2 3 2
m 1 1 0
m 2 0 6
m 1 5 3
m 1 5 5
g 1 5 6
m 2 0 0
b 2
f 2
m 1 7 3
m 2 6 7
m 1 4 8
b 1
m 2 5 6
m 2 0 2
m 1 1 3
m 1 0 7
m 2 4 8
m 1 4 5
b 1
m 2 3 2
m 2 0 3
b 2
m 1 4 2
m 2 2 5
m 2 4 7
m 1 4 0
m 2 4 8
m 2 5 2
m 1 7 2
m 2 6 6
m 1 0 6
m 1 7 3
m 2 6 1
m 2 5 5
m 1 1 3
m 1 7 1
f 1
p
m 2 7 4
m 1 6 3
m 1 0 3
f 1
m 2 4 8
p
m 1 0 6
f 1
m 2 2 6
m 2 7 7
m 1 3 2
m 1 2 1
m 2 4 2
p
m 1 5 3
m 2 4 8
m 2 5 3
m 1 4 2
m 2 5 3
m 2 8 1
m 1 6 3
b 1
g 1 1 2
m 2 4 2
m 2 8 7
m 1 3 2
g 1 5 2
m 2 6 7
m 1 4 2
m 1 6 0
m 2 7 7
m 1 6 2
m 2 6 8
m 1 7 3
m 1 4 2
q 1
m 2 5 3
m 2 4 2
q 2
m 1 7 2
b 1
q 1
m 2 4 2
m 1 6 7

