B 5 9 4 4
m 1 1 2
m 1 2 8
m 2 5 3
m 2 3 2
f 2
q 2
m 3 3 4
f 3
m 4 8 1
m 4 2 7
m 1 3 0
m 1 3 5
g 1 4 3
m 2 2 4
m 3 2 5
q 3
m 4 3 2
f 4
q 4
m 1 3 2
m 1 4 6
m 2 2 2
m 2 2 3
m 3 3 3
m 3 0 0
m 4 4 3
m 4 0 1
f 4
m 1 1 1
m 1 0 0
f 1
m 2 1 8
m 2 0 0
m 3 2 4
g 3 3 4
m 4 1 3
m 4 0 4
f 4
m 1 1 4
m 1 2 6
b 1
m 2 2 0
m 3 4 8
m 3 3 7
m 4 1 4
m 4 4 2
m 1 3 2
m 1 2 0
f 1
m 2 4 6
m 4 1 4
m 1 4 4
b 1
m 2 2 6
m 3 6 0
m 4 2 1
m 1 7 1
m 1 3 2
m 2 7 4
m 2 1 2
f 2
p
m 3 2 0
m 4 6 3
m 4 3 8
f 4
m 1 8 3
m 1 3 8
m 2 2 0
m 3 4 3
m 3 3 8
m 4 6 0
m 2 7 0
m 4 6 3
m 4 0 7
p
m 1 2 7
q 1
m 2 5 4
m 3 5 0
m 3 0 4
m 4 7 1
m 4 2 6
b 4
q 4
m 1 5 1
f 1
m 2 4 4
q 2
p
m 3 3 4
m 4 7 4
m 1 6 1
m 1 4 4
m 2 7 1
b 2
m 3 4 0
m 3 3 3
f 3
q 3
m 4 4 0
m 2 5 4
m 2 1 8
m 3 5 1
b 3
m 4 1 4
m 1 3 0
p
m 2 4 7
m 2 3 3
m 3 6 3
b 3
m 4 3 2
q 4
m 1 0 6
q 1
m 2 0 1
m 2 3 0
m 3 1 3
m 3 3 3
m 1 4 6
m 2 4 5
m 3 6 1
m 3 4 0
m 4 6 0
b 4
m 1 0 1
q 1
m 2 1 3
m 2 1 2
f 2
m 3 6 1
m 4 4 4
m 1 5 1
m 2 0 8
f 2
m 3 3 7
m 3 0 8
q 3
m 4 1 2
m 4 2 6
m 1 3 4
p
m 2 1 3
q 2
m 3 7 0
m 3 4 8
b 3
m 4 1 2
m 4 2 6
b 4
m 1 3 0
m 2 6 1
m 2 2 8
m 3 2 6
m 3 2 3
m 4 5 1
m 4 2 8
m 1 4 0
m 3 1 2
m 4 1 3
m 1 1 3
m 2 1 3

