B 6 4 3 5
m 1 2 5
m 1 3 1
m 2 3 0
m 2 4 2
m 3 2 5
m 3 1 1
m 1 5 2
m 2 5 1
m 2 0 2
m 3 3 1
q 3
m 1 2 1
m 1 4 1
q 1
p
m 2 3 0
m 2 2 0
q 2
m 3 3 0
m 3 1 0
m 1 0 5
m 1 2 0
m 2 1 0
g 2 1 1
m 3 3 2
m 3 2 2
m 2 4 0
q 2
m 3 3 1
m 3 3 2
m 1 0 0
m 1 2 0
g 1 2 4
m 2 0 0
m 2 0 3
m 3 3 2
m 3 3 1
m 1 3 2
m 2 3 5
m 2 0 1
g 2 1 3
m 3 5 1
m 3 0 1
m 1 3 2
m 1 1 3
b 1
q 2
m 3 3 1
m 1 2 1
m 2 5 0
m 2 3 0
q 2
m 3 2 2
m 1 2 1
m 1 1 3
m 2 2 3
m 3 3 3
q 3
m 1 5 1
b 1
q 1
m 2 3 5
m 2 0 3
m 3 5 2
f 3
m 1 2 1
m 2 3 4
m 3 1 0
m 3 3 2
m 1 3 5
b 1
m 2 0 2
m 2 0 0
g 2 3 3
m 3 4 0
m 1 3 4
m 2 3 3
m 2 0 0
m 3 1 3
q 3
m 1 2 0
m 2 1 2
b 2
q 2
m 3 3 0
m 1 3 5
m 1 5 0
m 2 3 4
m 2 0 0
m 3 3 4
f 3

