B 14 14 9 22
m 1 5 3
m 1 8 0
f 1
m 2 6 13
m 3 8 3
m 3 13 8
m 4 12 11
m 4 0 7
q 4
m 5 1 7
m 5 6 2
m 6 8 10
m 7 0 13
f 7
g 7 10 8
m 9 11 13
m 9 13 12
b 9
m 1 8 12
b 1
m 2 10 3
m 2 4 3
m 3 11 9
m 3 4 2
q 3
m 4 10 1
m 5 2 3
m 6 2 10
m 6 10 6
m 8 3 1
m 9 5 2
m 9 4 8
m 1 13 2
m 1 6 2
q 1
m 2 9 9
m 2 10 10
m 3 13 10
m 3 9 11
m 4 9 9
m 4 12 1
m 5 3 0
m 5 4 4
m 6 9 4
m 7 5 7
m 7 6 11
f 7
m 8 12 1
m 8 5 8
m 9 9 12
m 9 6 13
m 1 4 7
m 1 5 3
f 1
m 2 13 1
m 2 8 8
m 3 13 10
m 4 1 7
m 5 2 1
p
m 6 9 3
m 6 7 5
m 7 4 7
b 7
m 8 1 5
m 8 9 13
f 8
m 9 0 6
m 9 3 2
b 9
m 1 11 0
m 1 7 4
b 1
m 2 10 9
m 2 3 3
m 3 8 10
m 3 8 13
m 4 0 12
m 4 7 2
m 6 9 13
b 6
m 7 1 12
m 8 5 8
b 9
m 1 0 6
m 1 3 2
q 1
m 2 5 4
q 2
m 3 8 9
m 3 5 2
m 4 9 1
m 4 11 1
f 4
m 5 13 10
m 5 13 9
m 6 8 11
m 6 12 4
m 7 6 9
m 9 13 7
m 1 0 1
b 1
m 2 0 9
m 2 5 0
f 2
q 2
m 3 12 3
f 3
m 4 9 13
m 4 9 10
m 5 6 2
m 5 5 6
m 6 6 12
m 6 0 7
q 6
m 7 5 8
m 7 7 4
b 7
m 8 1 4
m 9 4 4
q 9
p
m 1 9 9
m 2 6 1
q 2
m 3 9 3
f 3
m 5 6 6
m 6 1 5
m 6 7 0
m 7 10 12
m 8 12 8
f 8
g 8 0 11
m 9 8 5
m 9 7 10
m 1 5 10
m 1 3 1
m 2 7 3
m 3 6 1
m 4 11 11
m 4 9 13
m 5 1 8
m 6 0 2
m 6 2 8
m 7 4 1
g 7 2 1
p
m 1 6 5
m 3 4 13
m 4 10 12
m 6 13 3
m 7 9 3
m 7 8 8
f 7
m 8 4 2
m 8 13 4
b 8
m 9 5 8
f 9
m 1 0 6
m 2 11 4
m 2 6 12
m 3 12 2
m 4 13 2
m 4 13 11
q 4
m 5 7 7
m 6 11 3
m 6 10 7
m 7 9 7
m 7 1 4
m 8 10 0
f 8
m 9 5 0
m 1 2 8
m 1 4 0
m 2 3 6
m 3 13 0
m 4 8 3
m 4 9 5
b 4
m 5 13 13
m 5 11 9
m 6 12 2
m 6 4 2
p
m 7 6 4
m 7 10 3
m 1 10 12
m 1 4 11
f 2
m 3 9 5
m 4 13 10
m 5 11 2
m 5 5 4
m 6 10 1
m 6 10 8
m 7 9 3
m 7 7 2
m 8 12 0
m 8 6 0
p
m 9 13 1
m 1 8 11
m 2 7 12
g 2 0 13
m 3 13 5
m 3 10 13
g 3 10 2
m 4 2 7
f 4
m 5 7 8
m 6 11 7
m 7 10 13
m 8 10 3
p
m 9 5 7
m 1 2 8
b 1
g 1 12 7
m 2 11 7
m 3 13 1
q 3
m 4 10 2
m 5 4 5
f 5
m 6 3 1
m 6 13 8
b 6
m 7 1 10
m 8 12 5
m 9 6 8
m 9 3 6
g 9 3 7
m 1 4 8
b 1
f 1
m 2 1 1
m 2 12 1
m 3 9 0
m 4 8 0
m 5 4 0
m 6 10 6
m 6 11 9
m 7 7 9
f 7
m 8 6 12
m 8 3 7
m 9 5 2
m 9 4 9
q 9
m 1 5 5
m 2 5 10
m 2 6 13
m 4 2 1
m 4 5 7
q 6
g 6 0 12
m 7 8 13
m 7 12 9
m 8 13 3
b 8
m 9 1 12
m 1 1 7
q 1
m 2 12 11
m 2 3 13
m 3 11 7
m 3 8 11
b 3
m 4 5 6
m 4 3 2
m 5 4 3
m 5 8 9
m 6 9 2
m 7 13 2
m 7 1 4
f 7
m 8 6 12
m 8 8 0
m 9 13 5
m 9 8 13
m 1 2 6
m 1 2 0
m 2 6 7
m 3 8 3
m 3 12 12
m 5 8 0
m 6 10 0
p
m 7 5 13
b 7
p
m 8 13 12
m 8 4 5
b 8
m 9 4 13
m 1 6 8
q 1
m 2 13 6
m 2 4 10
m 3 7 12
m 3 4 2
m 4 11 1
m 4 4 0
f 4
m 5 4 5
m 5 12 9
m 6 10 11
m 6 1 10
b 6
m 7 10 6
q 7
m 8 7 8
m 8 4 3
f 8
m 9 1 8
m 9 9 8
m 1 10 0
m 1 13 11
m 2 4 0
m 2 13 8
m 3 12 5
p
m 4 9 1
m 5 5 0
b 5
p
m 6 3 11
m 7 11 1
m 7 13 9
p
m 8 2 8
m 8 6 7
f 8
m 9 5 11
m 9 5 6
p
m 1 3 0
m 1 13 11
m 2 5 2
m 2 11 7
g 2 11 13
m 3 1 8
m 4 3 2
b 4
m 5 7 7
m 5 3 8
m 6 9 13
m 6 12 11
m 7 9 5
m 8 2 13
m 8 1 13
m 9 13 8
m 9 10 12
m 1 13 12
p
q 2
m 3 10 0
m 4 7 6
b 4
p
m 5 6 4
m 6 9 12
m 7 1 12
m 8 4 3
m 9 9 5
m 9 10 7
f 9
m 1 3 0
m 2 4 2
m 3 11 0
m 4 12 2
b 4
f 5
m 6 13 7
m 6 12 6
m 7 5 1
m 7 5 5
m 8 11 3
m 9 1 8
m 1 4 2
m 1 13 1
m 2 12 4
m 2 3 8
m 4 10 3
m 5 0 0
m 5 9 10
q 5
m 6 13 6
f 6
m 7 13 7
m 7 12 5
b 7
m 8 10 0
m 9 6 11
m 1 6 11
f 1
m 2 5 10
m 2 0 0
m 3 3 1
m 3 12 1
m 4 4 3
m 5 9 9
m 5 13 11
f 5
m 6 12 11
q 6
m 7 13 3
m 8 13 6
m 8 5 10
b 8
m 9 8 9
m 9 0 6
m 1 3 5
m 1 11 2
m 2 13 12
m 3 2 2
m 3 11 6
m 4 11 2
m 4 11 2
q 4
m 5 5 0
m 5 8 2
m 6 0 1
m 6 13 5
g 6 6 12
m 7 9 2
b 7
m 8 13 7
b 8
m 9 11 11
q 9
m 1 1 7
m 1 6 9
m 2 13 12
q 2
m 3 12 6
m 4 6 4
m 4 9 7
m 5 12 13
m 5 1 13
m 6 10 11
f 6
m 7 4 10
m 8 5 10
m 8 8 8
m 9 9 5
m 9 10 13
m 1 11 2
m 2 6 0
m 2 8 13
m 3 12 5
m 4 8 11
m 4 0 5
g 4 3 5
p
m 5 7 12
m 6 12 4
m 7 3 6
m 7 6 13
f 7
m 8 9 5
m 8 7 9
m 9 8 0
m 9 1 5
m 1 9 5
m 1 2 7
m 2 12 9
m 3 0 1
m 4 1 8
m 4 5 7
p
m 6 4 10
b 6
m 7 11 1
m 7 8 12
m 8 7 8
m 8 4 9
m 9 4 10
b 9
m 1 4 2
f 2
m 4 8 0
m 4 6 4
f 4
p
m 6 10 12
m 6 11 13
m 7 11 7
m 7 10 7
m 8 6 3
m 8 8 8
m 9 13 1
m 9 6 3
m 1 6 1
m 1 6 7
b 1
m 2 4 0
m 2 3 1
m 3 13 7
m 4 10 6
m 5 6 4
m 5 8 1
m 6 1 0
b 6
m 7 10 0
m 8 7 12
m 8 4 1
p
m 9 6 9
m 9 6 2
m 1 4 10
b 1
m 2 10 3
m 2 5 0
m 3 11 2
m 4 10 6
m 4 12 2
m 5 12 3
m 5 7 3
b 5
m 6 3 1
m 7 4 0
m 8 12 3
m 8 12 3
f 8
p
m 9 10 10
m 9 10 9
m 1 7 12
m 1 7 7
f 1
p
m 2 10 12
f 2
p
m 3 4 8
m 3 12 5
m 4 1 10
m 5 0 10
m 7 9 7
m 7 0 2
q 7
b 8
g 8 11 11
p
m 9 1 6
b 9
p
m 1 2 1
m 1 0 7
p
m 2 11 7
m 2 3 4
b 2
m 3 11 1
b 3
p
m 4 13 0
m 4 3 12
g 4 7 7
m 5 9 1
m 5 7 10
m 6 8 0
m 7 11 7
m 8 10 11
m 8 6 1
m 9 11 4
g 9 5 0
m 2 7 8
m 3 10 6
m 3 10 0
b 3
m 5 0 2
m 5 10 0
b 5
m 6 4 10
m 6 4 0
m 7 8 11
m 7 13 11
m 8 8 8
b 8
m 9 10 11
m 9 9 0
q 9
m 1 12 11
m 1 4 6
m 2 4 0
b 2
m 3 1 7
m 3 9 13
q 3
m 4 4 2
m 5 4 8
m 5 10 0
q 5
m 7 9 1
m 7 2 11
p
m 8 4 0
m 8 4 11
g 8 7 6
m 9 5 2
m 1 1 11
f 1
m 2 10 3
m 3 13 7
m 4 1 7
m 5 9 2
m 5 11 6
b 5
f 5
q 5
m 6 10 6
m 6 13 8
m 7 11 13
m 8 2 5
m 9 3 1
b 9
f 9
m 1 4 13
m 1 0 11
p
m 2 12 2
m 2 1 12
q 2
m 3 4 8
m 4 5 10
m 4 2 10
b 4
m 5 5 10
m 6 10 10
f 6
m 7 12 13
m 7 12 10
m 8 5 7
q 8
m 9 7 8
m 9 12 13
b 9
m 1 6 9
m 1 7 10
m 2 5 10
m 2 10 4
b 2
f 2
m 3 9 12
g 3 13 13
m 4 8 0
m 5 4 2
m 6 12 5
m 7 6 9
m 7 13 4
b 7
f 7
m 8 1 3
f 8
q 8
m 9 5 11
m 1 4 0
m 1 3 3
m 2 12 5
m 2 13 9
b 2
m 3 2 1
b 3
m 4 3 0
m 5 9 11
q 5
m 6 5 11
m 6 11 5
m 7 12 11
f 7
g 7 1 10
m 8 12 6
m 9 8 11
m 1 1 7
m 2 7 8
q 2
q 3
m 4 7 12
b 4
m 5 1 8
m 6 6 1
b 6
m 8 11 0
m 9 7 12
m 1 10 11
m 1 2 0
m 3 9 2
m 3 7 10
m 4 11 8
m 5 4 0
m 6 10 6
m 6 7 9
q 6
m 7 9 1
m 7 10 6
b 7
m 8 9 3
m 8 12 6
m 9 12 2
m 9 7 2
m 1 3 0
m 1 12 11
m 2 9 1
m 3 10 3
b 3
m 4 4 8
m 5 11 3

