B 7 7 2 10
m 1 1 6
m 1 2 1
b 1
m 2 6 0
m 1 2 1
q 1
m 2 2 4
m 1 0 0
m 1 5 2
m 2 6 0
m 2 2 6
q 2
m 1 3 2
m 1 3 5
g 1 4 2
m 2 1 3
m 1 2 6
m 2 3 5
m 2 2 3
q 2
m 1 3 6
m 1 2 3
q 1
m 2 3 3
m 2 0 1
m 1 1 3
m 1 0 6
m 2 4 6
m 2 4 0
g 2 6 1
m 1 4 4
m 1 1 2
m 2 5 0
q 2
m 1 6 5
m 1 5 5
f 1
m 2 4 3
m 1 0 1
q 1
m 2 4 0
m 2 2 5
m 1 2 6
m 2 2 4
m 2 2 2
m 1 6 2
m 1 0 4
m 2 1 1
m 2 0 0
m 1 4 3
m 1 1 6
m 2 2 0
m 2 1 4
q 2
m 1 2 0
m 2 5 5
g 2 2 5
m 1 4 3
b 1
m 2 0 5
m 1 1 4
p
m 1 2 6
q 1
m 2 5 1
m 1 0 6
m 2 6 6
b 1
m 2 2 4
g 2 5 5
m 1 2 0
m 1 6 1
m 1 2 4
m 2 1 6
m 1 2 0
m 1 1 5
m 2 6 5
m 2 3 6
b 2
m 1 0 1
g 1 0 2
m 2 5 5
m 1 0 1
m 1 2 1
p
m 2 6 5
f 2
m 1 0 3
m 1 2 5
p
m 2 6 5
b 2
m 1 6 6
m 2 1 4
g 2 0 0
m 1 6 5
m 1 0 6
m 2 2 4
m 2 0 6
f 2
m 1 2 4
m 1 6 6
f 2
m 1 0 3
q 1
p
m 2 1 5
m 1 4 3
m 1 6 3
m 2 0 1
m 1 2 6
m 2 0 3
m 2 0 5
m 1 6 5
m 2 4 5
m 2 3 4
q 2
m 1 4 5
m 1 4 5
b 1
m 2 4 0
b 2
p
m 1 6 5
m 1 4 0
q 1
m 2 4 5
m 2 0 3
m 1 4 6
m 2 6 5
m 1 1 3
b 1
f 1
q 1
m 1 3 4
m 1 5 4
m 2 6 5
m 2 6 4
m 1 2 1
q 1
m 2 0 3
m 1 2 4
m 2 6 3
m 2 4 1
f 2
p
m 1 6 0
m 2 6 5
b 2
m 1 2 4
m 1 6 1
m 2 0 1
b 2
q 2
g 2 6 0
m 1 5 4
m 2 3 5
m 2 4 5
m 1 6 3
m 1 6 3
m 2 4 5
m 2 5 3
q 2
m 1 1 3
m 1 3 3
b 1
m 2 2 0
m 2 0 4
b 2
m 1 4 2
m 2 2 0
m 2 5 2
m 1 3 3
m 1 1 3
p
m 2 1 3
m 2 6 2
m 1 0 1
m 2 0 1

