B 10 7 6 9
m 1 3 1
m 1 0 0
m 2 3 2
m 3 4 0
f 3
m 4 4 6
f 4
m 5 0 2
m 6 6 3
m 6 7 2
f 6
m 1 4 8
m 2 1 4
m 2 4 6
m 3 5 0
m 3 0 1
m 4 0 8
m 4 5 5
m 5 0 9
m 5 2 5
q 5
m 6 2 0
m 1 4 2
m 2 4 0
m 2 9 6
m 3 1 9
m 3 0 1
m 5 6 7
m 5 3 4
f 5
m 6 1 8
f 6
m 1 5 4
m 1 3 2
m 2 3 1
m 2 0 2
m 3 0 7
m 5 7 1
q 5
m 6 5 1
b 6
m 1 3 8
m 3 6 3
m 3 3 2
m 4 4 0
m 5 0 9
m 5 7 3
m 6 1 6
m 6 0 3
q 6
m 1 1 4
m 2 1 9
m 3 4 8
q 3
m 4 4 4
m 5 5 7
m 5 7 1
m 6 5 7
m 6 4 2
m 1 2 9
b 1
m 2 5 8
m 2 5 3
g 3 2 0
m 4 2 6
m 4 5 5
m 5 2 6
m 5 2 1
m 6 5 1
p
m 1 3 8
m 1 9 2
f 1
m 2 2 6
m 3 3 3
m 3 6 5
b 3
m 4 5 3
m 4 2 6
m 5 2 5
m 5 8 5
p
m 6 1 6
m 1 5 1
m 1 2 5
b 2
f 2
m 3 6 7
f 3
m 4 1 2
m 4 5 0
m 5 0 3
m 6 6 3
f 6
m 1 5 1
g 1 3 7
m 2 0 7
m 2 2 4
m 3 1 6
m 4 3 4
m 4 1 5
f 4
m 5 3 9
m 5 5 5
f 5
m 6 2 1
m 6 6 4
b 1
f 1
m 2 5 9
m 3 1 4
m 4 7 2
m 4 4 5
m 5 5 7
m 6 7 3
m 1 3 9
b 1
q 1
m 2 9 6
m 2 9 0
m 3 2 6
m 4 4 0
m 5 6 3
m 5 9 5
m 1 5 3
m 3 7 1
m 3 9 1
m 4 8 1
f 4
m 5 2 6
m 5 6 4
m 6 6 7
m 1 6 7
m 1 4 2
b 1
q 1
m 2 1 1
f 2
m 4 0 8
m 4 4 6
m 5 5 3
m 5 7 4
m 6 9 2
m 1 7 3
m 2 7 6
m 2 4 6
m 3 8 5
m 5 2 2
m 6 5 0
m 6 4 6
q 6
b 1
m 2 3 3
m 2 5 4
q 2
m 3 6 0
m 3 8 5
m 4 5 6
m 5 5 7
m 6 1 4
m 6 9 3
m 1 0 1
m 2 1 6
m 2 9 3
m 3 3 8
m 3 4 4
b 3
m 4 0 3
b 4
m 5 2 6
m 6 5 5
p
q 1
m 2 1 6
m 2 9 4
m 3 1 4
m 3 8 2
m 4 6 6
m 4 3 6
m 5 4 8
m 6 0 5
m 1 6 0
m 2 2 6
m 3 4 0
m 3 8 3
m 4 0 7
m 4 7 2
m 6 0 7
m 6 3 3
f 6
g 1 4 6
m 2 7 6
m 2 6 4
m 3 6 0
m 4 3 2
m 4 2 0
m 5 5 7
m 6 0 7
m 1 3 2
m 1 2 0
m 2 3 1
m 3 0 8
m 3 2 3
b 3
m 4 0 3
m 4 1 2
m 5 0 8
m 6 3 2
m 6 8 0
m 1 1 6
f 1
p
m 2 0 3
m 3 0 3
m 3 9 5
m 4 5 6
m 5 3 6
m 6 0 2
m 1 6 0
m 1 3 4
m 2 2 5
m 2 3 0
b 2
m 3 1 6
m 4 5 7
m 5 4 0
m 5 9 6
b 5
m 6 3 4
m 6 3 2
m 1 6 2
b 2
f 2
g 2 6 7

