B 18 16 3 73
m 1 8 12
m 2 2 3
f 2
p
m 3 16 7
m 1 0 2
m 1 16 14
m 2 10 11
f 2
m 3 7 7
b 3
m 1 3 12
b 1
q 1
m 2 1 2
m 3 17 5
m 1 3 15
m 1 13 11
f 1
m 2 8 11
m 3 13 14
m 3 9 3
q 3
m 1 9 17
q 1
m 2 4 5
m 3 9 0
m 3 14 8
m 1 11 4
m 1 3 15
m 2 1 0
q 2
g 2 3 9
m 1 9 1
m 1 9 2
m 2 6 4
m 2 7 13
m 3 5 14
m 3 16 4
m 1 8 13
q 1
m 2 14 7
m 2 16 7
g 2 14 13
m 3 6 16
m 3 1 15
p
m 1 12 14
m 1 16 14
m 3 16 5
m 3 2 10
f 3
m 1 1 12
q 1
m 2 15 15
m 3 3 12
m 3 2 3
p
m 1 14 13
q 1
m 2 5 7
q 2
m 3 15 2
m 3 1 14
f 3
m 1 11 11
m 1 4 2
b 1
q 1
m 2 6 1
f 2
m 3 5 2
m 1 2 6
m 1 0 3
p
m 2 0 13
m 3 13 10
m 1 4 12
m 1 8 13
q 1
m 2 16 12
m 2 13 13
g 2 11 11
q 1
m 2 15 1
m 2 10 14
b 2
m 3 15 1
q 3
m 1 4 11
m 1 14 3
f 1
m 2 8 7
g 2 2 5
m 3 2 6
m 1 5 1
m 1 11 7
q 1
m 2 9 7
m 2 6 12
m 3 8 4
m 1 12 15
m 2 2 3
m 2 1 2
m 3 7 6
m 1 7 1
m 1 17 8
g 1 15 1
m 2 13 5
m 2 16 2
m 3 2 0
m 3 4 8
m 2 11 6
m 2 8 10
m 3 5 2
q 3
m 1 2 12
f 1
m 2 12 9
b 2
m 3 0 7
m 1 13 5
b 1
f 1
m 2 13 6
m 3 2 5
q 3
m 1 5 6
m 1 13 15
q 1
m 2 5 15
m 3 9 2
f 3
q 3
p
m 1 11 9
m 2 5 7
m 3 8 5
q 3
m 1 3 7
m 2 9 1
m 1 7 2
m 2 16 0
m 3 15 9
m 1 3 10
m 2 14 14
m 3 6 3
m 3 7 1
m 1 1 7
m 2 13 3
f 2
m 3 10 9
m 1 12 5
m 1 17 15
m 2 4 6
m 2 13 10
m 3 13 16
m 1 0 0
m 2 5 4
m 3 12 11
m 1 1 10
m 1 11 10
m 2 4 2
m 2 5 7
m 3 2 8
m 3 5 3
p
m 2 16 5
m 3 3 11
m 3 5 12
m 1 10 16
m 1 7 6
q 2
m 3 12 12
m 1 13 5
m 1 12 5
q 1
m 2 3 7
q 2
m 3 2 7
m 3 13 8
f 3
m 1 15 1
b 1
g 2 15 17
m 3 14 0
m 3 6 14
m 2 1 8
m 2 17 4
p
m 3 0 12
m 3 10 11
g 3 9 12
m 1 5 7
m 2 15 10
m 3 9 16
m 3 2 13
g 3 6 5
m 1 0 7
m 2 9 5
m 3 4 0
m 3 1 11
m 1 9 8
m 1 0 6
m 2 2 13
m 2 9 5
q 2
m 3 8 12
m 1 1 11
m 1 16 6
m 2 4 12
g 2 3 14
m 3 8 10
m 2 7 0
m 3 9 3
f 3
m 1 6 5
m 2 8 8
m 2 2 5
f 2
m 3 2 2
m 3 17 2
m 1 16 8
m 3 11 10
m 1 13 10
m 1 11 10
m 2 4 0
m 3 7 1
m 3 5 0
m 1 2 6
m 1 9 11
b 1
m 2 10 6
m 3 9 6
m 3 5 9
m 1 13 15
m 1 11 4
m 2 8 6
q 2
m 3 15 8
m 1 6 12
m 1 8 4
m 2 3 16
m 2 14 15
m 3 15 10
f 3
m 1 16 2
m 2 14 8
m 3 13 6
f 3
m 1 5 11
m 2 1 11
m 3 13 2
m 3 3 4
m 1 10 13
m 2 6 14
m 2 4 3
b 2
m 1 9 13
m 2 7 17
m 2 1 10
b 2
p
m 3 1 0
m 3 13 1
f 3
m 1 3 11
m 1 0 8
m 2 2 4
m 1 9 6
m 1 11 13
m 2 5 14
p
m 3 2 12
m 1 7 12
m 2 1 1
m 2 1 11
m 3 0 3
m 3 5 4
m 1 10 9
m 1 15 0
f 1
m 2 1 4
m 3 13 1
m 3 3 1
f 3
m 1 9 4
f 1
m 2 7 10
f 2
m 3 9 10
m 3 2 4
m 1 1 17
m 2 14 8
m 3 6 14
m 3 8 2
m 1 7 13
m 1 5 0
m 2 12 9
m 2 6 14
f 2
m 3 7 1
m 1 6 6
m 1 13 12
m 2 8 1
m 3 12 11
m 3 4 12
q 3
m 1 8 7
q 1
m 2 5 7
m 3 11 6
m 3 10 15
m 1 6 11
m 1 17 13
m 2 7 12
m 2 5 13
q 2
m 3 8 15
m 1 0 1
m 2 11 17
g 2 10 2
p
m 3 9 3
m 1 13 10
m 2 14 17
m 2 12 8
p
m 3 6 8
m 3 0 1
b 3
m 1 4 15
p
m 2 11 16
m 2 9 5
b 2
m 3 14 11
f 3
m 2 7 10
m 2 2 4
m 3 6 8
m 1 6 15
m 1 2 6
m 2 9 8
q 2
p
m 3 2 11
f 3
m 1 10 14
m 2 10 6
m 2 0 12
b 2
m 3 14 1
m 3 3 10
b 3
m 1 3 14
m 1 2 10
m 2 10 6
m 3 0 2
m 3 10 6
f 3
m 1 4 13
m 1 5 2
m 2 3 9
m 3 12 7
m 3 15 4
q 1
m 2 17 15
m 2 11 7
m 1 13 12
m 1 4 0
m 2 14 8
m 2 4 6
m 3 10 12
m 1 8 5
m 1 4 6
m 2 14 15
m 2 6 5
m 3 12 17
m 3 17 10
b 3
m 1 14 9
m 3 14 0
m 3 1 15
m 1 5 5
m 1 16 4
m 2 8 2
m 2 0 3
m 3 15 0
m 1 14 13
m 2 10 4
f 3
m 1 5 3
m 1 0 0
m 2 13 12
m 2 14 6
m 3 5 7
f 3
m 1 7 17
m 2 4 13
m 3 14 12
m 1 15 2
m 2 10 16
q 2
m 3 1 1
m 1 8 5
m 2 0 9
b 2
m 3 15 9
b 3
m 1 10 7
m 2 5 4
m 2 7 9
m 3 0 6
m 3 8 8
m 1 3 15
m 2 10 11
m 2 5 0
m 3 10 14
g 3 12 4
m 1 13 3
m 1 11 10
m 2 2 3
m 2 15 12
m 3 5 0
m 1 11 0
f 1
m 2 8 7
m 2 2 0
b 2
m 3 0 8
b 3
m 1 13 16
b 1
p
m 2 12 9
m 2 1 11
m 3 13 12
m 1 3 8
f 1
m 2 11 15
m 3 5 14
g 3 5 4
m 1 11 16
m 2 3 16
q 2
m 1 10 6
q 1
m 2 14 0
m 2 2 5
m 3 17 11
b 3
m 1 8 5
b 1
m 2 2 14
m 3 3 16
b 3
m 1 0 3
m 1 2 12
m 2 5 10
m 3 13 1
m 3 11 3
m 2 9 2
m 2 15 7
f 2
m 3 7 6
m 3 6 8
m 1 8 10
m 2 5 7
m 2 12 12
m 3 0 12
m 1 8 13
m 1 15 5
f 2
m 3 14 4
m 3 17 3
b 3
m 1 16 13
m 2 10 9
m 2 6 6
f 2
m 3 13 1
m 1 6 8
m 2 9 16
m 2 8 9
m 3 5 14
m 3 8 10
f 3
m 1 9 6
m 2 0 13
m 2 8 15
b 2
m 3 2 3
m 3 11 5
m 1 5 0
m 1 8 6
p
m 2 0 12
m 2 5 8
m 3 15 0
m 1 9 7
f 1
m 2 9 7
g 2 3 14
m 3 15 7
m 1 4 12
m 2 14 11
m 2 13 7
p
m 3 0 14
m 3 0 11
m 1 0 17
m 1 5 9
f 1
m 2 12 5
b 2
g 2 2 17
m 3 14 14
b 3
q 3
m 1 2 14
f 1
m 2 9 17
m 2 10 0
m 3 5 3
m 3 14 1
p
m 1 9 2
m 2 9 0
f 2
m 3 10 8
m 1 3 10
f 1
m 2 6 17
f 2
p
m 3 15 7
m 3 11 3
b 3
m 1 10 14
m 2 2 3
m 2 7 11
b 2
m 3 13 3
m 1 2 11
m 2 3 12
m 2 16 8
m 3 2 14
m 3 15 1
m 1 10 16
m 1 5 3
m 2 7 4
m 3 1 10
m 3 14 13
m 1 14 7
m 1 6 4
m 2 0 14
m 3 14 7
m 3 11 7
m 1 3 12
m 2 5 12
m 3 14 8
m 1 7 11
g 1 12 16
m 2 2 6
m 3 1 11
b 3
m 1 15 0
m 2 13 4
m 2 14 14
m 3 10 10
m 3 11 2
m 2 13 11
m 1 2 12
m 1 14 0
m 2 17 11
m 3 3 2
m 3 7 15
p
m 1 3 8
m 1 6 4
f 1
m 2 12 2
f 2
m 3 13 8
f 3
m 1 5 15
f 1
m 2 3 8
m 3 5 0
m 3 12 9
q 3
g 3 11 13
m 1 14 15
q 1
m 2 17 10
b 2
m 3 5 7
q 3
m 1 0 6
m 2 15 2
m 2 8 14
m 3 6 15
p
m 1 5 13
b 1
m 2 3 16
m 3 8 11
m 1 12 4
p
m 2 7 17
m 3 1 7
p
m 1 13 12
q 1
p
m 3 2 10
f 3
m 1 0 7
b 1
m 2 0 13
m 3 0 17
m 3 17 9
b 3
m 1 10 14
m 2 3 16
m 2 0 9
m 3 14 9
m 3 3 3
m 1 3 1
m 2 13 6
g 2 1 9
m 3 16 3
m 3 8 11
m 1 1 16
m 1 8 1
m 2 13 15
m 2 15 13
b 2
q 2
m 3 5 1
m 3 13 15
m 1 13 1
m 2 13 4
g 2 15 12
m 3 14 11
m 3 15 1
m 1 8 7
m 1 6 5
m 2 1 16
m 2 11 1
f 2
m 3 17 11
b 3
q 3
m 1 13 12
m 2 6 12
m 2 2 13
m 3 11 16
m 1 9 0
f 1
m 2 14 15
m 3 1 4
f 3
m 1 3 1
m 1 10 2
m 2 13 12
f 2
p
m 3 0 6
m 1 9 13
m 1 1 1
m 2 14 11
m 3 3 9
m 1 13 4
m 1 5 0
m 2 10 7
g 2 2 9
m 3 16 4
m 1 4 14
m 2 13 5
m 3 13 3
m 1 3 10
m 1 6 14
m 2 14 17
f 2
m 3 5 1
g 3 14 10
m 1 4 11
m 1 15 7
g 1 4 2
m 2 12 17
m 3 1 2
m 1 1 12
m 1 10 3
m 2 15 1
b 2
m 3 14 17
m 1 1 10
m 1 16 2
m 2 14 9
m 2 6 9
q 2
m 3 14 15
f 3
m 1 8 11
m 1 10 13
q 1
m 2 9 9
m 3 7 4
b 3
f 3
m 1 7 7
m 2 8 13
f 2
q 2
m 3 4 11
m 1 2 14
m 1 12 0
q 1
m 2 10 6
m 2 15 9
m 3 9 16
m 1 14 17
m 1 3 3
m 2 5 3
m 2 17 8
m 3 17 3
m 1 12 12
m 1 5 1
b 1
g 2 12 8
m 3 2 14
m 1 4 4
m 2 1 4
m 2 2 5
m 3 9 12
m 1 2 13
m 2 4 7
m 2 9 2
q 2
m 3 3 1
m 1 2 15
m 2 3 15
m 2 7 15
m 3 12 1
m 1 12 7
m 1 15 9
p
m 2 11 11
m 2 14 12
m 3 1 4
m 3 6 8
m 1 3 15
m 1 8 8
m 2 15 16
m 2 6 14
m 3 9 12
m 1 1 13
m 2 9 11
m 2 7 2
m 3 0 17
g 3 4 1
m 1 2 6
b 1
m 2 10 0
m 2 10 8
p
m 3 17 3
b 3
m 1 6 1
m 1 14 3
f 1
m 2 7 17
m 2 0 6
m 3 1 15
m 3 11 3
p
m 1 1 10
b 1
m 2 14 11
g 2 15 8
m 3 6 17
m 1 14 9
b 1
m 2 10 14
b 2
m 3 12 15
m 3 17 10
m 1 5 14
b 1
g 1 0 16
m 2 0 6
f 2
m 3 6 17
m 3 17 5
m 1 5 3
m 1 16 6
b 1
m 2 6 12
m 2 3 5
m 3 5 8
m 3 3 6
b 3
p
m 1 10 14
m 2 14 15
m 3 4 2
m 1 14 15
m 1 7 8
p
m 2 14 9
m 2 15 4
m 3 17 5
m 3 9 13
g 3 14 2
m 1 16 11
m 1 1 2
m 2 0 6
m 2 4 11
m 1 15 0
m 1 3 12
m 2 6 17
m 3 5 1
m 3 17 13
m 1 14 7
b 1
m 2 13 15
m 3 0 8
m 1 1 4
m 1 14 0
m 2 6 13
m 2 4 13
m 3 9 16
m 3 1 7
p
m 1 1 4
m 1 2 3
f 1
m 2 10 6
m 3 13 3
m 1 7 6
m 1 17 1
m 2 9 16
m 3 15 14
m 3 5 3
m 1 2 14
m 1 1 8
f 1
m 2 15 16
q 2
m 3 9 4
m 1 0 2
m 1 0 5
m 3 10 16
m 1 14 17
m 1 15 13
m 2 12 4
q 2
m 3 3 7
f 3
m 1 3 7
m 1 14 8
b 1
m 2 7 6
q 2
g 2 6 2
m 3 13 14
m 1 9 5
m 1 13 8
m 3 10 16
m 3 10 10
b 3
m 1 13 10
m 2 15 13
m 2 0 12
f 2
m 3 0 13
m 3 15 12
m 1 15 0
m 1 14 12
m 2 14 11
m 2 0 7
m 3 3 8
m 3 15 3
m 1 12 10
m 2 8 11
m 2 0 9
m 3 1 2
m 1 12 1
m 2 3 12
m 2 7 0
g 2 5 5
m 3 1 10
m 3 11 5
b 3
m 1 0 8
m 1 17 15
f 1
q 1
m 2 9 4
m 3 8 11
m 3 11 9
q 3
m 1 1 15
m 1 8 5
m 3 4 0
m 1 10 6
m 2 1 2
m 2 14 6
p
m 3 9 16
m 3 10 4
m 2 5 1
m 3 5 5
m 3 15 15
f 3
p
m 1 0 1
m 2 0 13
m 2 1 8
p
m 3 8 11
m 3 14 4
q 3
m 1 0 13
m 1 11 13
b 1
m 2 6 15
m 3 6 9
m 1 15 16
b 1
m 2 11 6
m 3 5 11
m 3 3 0
q 3
m 1 6 15
b 1
m 2 7 6
p
m 3 15 0
f 3
m 1 0 17
m 2 13 2
m 2 5 7
b 2
m 3 9 16
b 3
m 1 1 8
m 2 15 16
q 2
m 3 1 2
m 1 9 2
m 1 16 4
m 2 5 10
m 2 1 4
g 2 3 17
m 3 9 6
m 3 15 1
b 1
m 2 5 14
m 3 6 17
m 1 9 2
m 2 5 14
m 2 0 5
m 3 6 15
m 1 5 6
m 1 7 5
m 2 9 8
m 3 12 9
m 1 9 13
b 1
m 2 15 9
m 2 14 3
g 2 1 17
m 3 9 13
b 3
m 1 4 0
m 1 9 4
m 2 15 3
m 2 11 0
f 2
m 1 0 13
m 2 10 14
m 2 0 12
m 3 2 9
b 3
f 3
m 1 2 8
m 2 1 4
g 2 10 3
m 3 2 14
m 3 2 1
m 2 5 7
b 2
f 2
m 3 6 15
m 1 10 16
m 2 14 14
m 3 15 0
m 3 2 3
m 1 16 13
m 2 0 14
m 3 4 0
m 1 7 6
m 1 10 3
m 2 13 3
m 2 16 11
f 2
m 3 2 14
m 1 5 14
m 1 0 15
g 1 4 8
m 2 10 0
f 2
q 2
m 3 12 14
q 3
m 1 16 13
m 1 17 9
b 1
m 2 14 9
b 2
m 3 7 17
m 3 16 8
f 3

