B 10 18 9 20
m 1 7 8
m 1 3 9
m 2 9 13
m 2 8 13
g 3 8 7
m 4 2 8
f 4
m 6 7 6
m 7 6 9
p
m 8 0 7
m 8 6 9
m 9 9 1
m 1 6 3
m 2 17 1
m 2 6 17
m 3 8 16
m 3 3 15
m 4 6 4
m 4 4 9
f 4
m 5 11 4
m 5 9 17
g 5 1 9
m 6 0 2
f 6
m 7 4 9
m 8 6 0
m 9 4 3
m 1 1 12
m 1 8 1
b 1
b 2
f 2
m 3 12 8
m 3 0 14
f 4
m 5 1 3
m 5 4 16
b 5
m 7 13 6
m 7 2 9
m 8 5 1
m 8 5 0
m 9 7 3
m 9 3 0
m 1 6 9
m 2 6 3
b 2
m 3 3 15
m 3 3 11
p
m 5 14 6
m 5 1 5
q 5
m 6 3 2
q 6
m 7 9 15
m 7 4 5
b 8
m 9 9 11
m 9 6 14
b 9
m 1 10 3
b 1
m 2 3 2
m 2 4 6
q 2
m 3 7 12
m 3 6 12
m 5 1 0
m 7 7 8
m 8 11 6
m 8 0 7
f 9
m 1 3 5
m 2 3 0
m 2 0 14
b 2
f 2
m 3 3 0
m 3 8 15
f 3
m 4 12 0
m 5 6 8
g 5 15 9
m 6 4 0
f 6
m 7 15 6
m 8 0 17
m 8 9 8
p
m 9 3 0
m 9 6 6
b 9
m 1 12 2
m 2 4 8
q 2
m 3 5 12
m 4 5 2
m 4 5 11
f 4
m 5 7 3
m 6 1 0
m 6 0 17
m 7 11 8
m 8 16 0
m 8 3 0
f 8
g 8 16 4
m 9 13 2
f 9
m 1 4 7
m 2 12 8
f 2
m 3 9 1
b 3
m 4 8 15
m 5 1 3
m 6 8 7
m 6 5 6
m 7 8 1
m 8 14 7
m 8 4 11
m 9 5 7
m 9 8 7
m 1 1 7
m 1 3 16
m 2 2 1
m 4 1 1
m 5 13 6
m 5 0 4
m 6 17 8
m 6 0 16
m 8 3 2
m 8 6 10
g 8 7 1
p
m 9 16 5
m 9 7 9
m 2 5 17
q 2
m 3 1 7
p
m 4 13 0
b 4
m 5 13 5
m 6 3 3
m 7 15 5
f 7
m 8 3 5
m 9 7 3
m 1 1 7
m 1 0 13
m 3 16 6
b 3
m 4 10 9
m 4 7 1
m 5 4 8
m 5 1 11
m 6 6 1
m 6 5 5
m 7 3 5
m 7 3 10
m 8 12 3
m 8 6 11
m 9 6 0
m 9 2 8
m 1 9 8
m 1 2 5
b 1
p
m 2 4 4
m 2 8 12
m 3 0 7
m 4 9 5
m 4 6 10
p
m 5 0 8
m 5 6 10
g 5 7 4
m 6 6 8
m 6 3 10
m 7 4 11
m 7 7 17
f 7
q 7
m 8 3 15
f 9
m 1 2 3
m 2 2 9
b 2
m 3 15 7
m 3 7 1
m 4 4 8
b 4
m 5 4 1
m 5 1 2
m 6 5 0
q 6
m 7 1 17
m 7 8 6
q 7
m 8 0 11
m 9 17 3
f 9
m 1 7 7
m 1 4 13
m 2 3 5
m 2 8 16
f 2
g 2 14 0
p
m 3 17 3
m 3 1 0
b 3
g 3 11 4
m 4 7 3
b 4
m 5 7 12
m 5 9 6
q 5
m 6 9 4
m 6 2 11
m 7 7 3
m 7 7 3
m 8 16 1
m 9 16 1
m 9 5 16
p
m 1 14 8
m 2 12 9
m 3 17 8
m 4 13 1
m 5 0 0
q 5
m 6 16 9
m 6 6 9
m 7 3 1
b 7
m 8 4 0
b 8
m 9 14 4
m 1 13 5
m 1 9 4
m 2 4 3
m 2 4 12
b 2
m 3 2 8
m 3 2 13
m 4 14 2
m 5 5 4
m 6 8 17
m 7 7 2
m 7 7 17
m 8 16 1
m 8 0 16
m 9 8 1
m 9 5 0
m 1 10 0
m 1 8 15
m 2 8 4
m 3 15 2
m 3 6 12
m 4 6 2
f 4
m 5 16 9
m 5 6 16
m 6 5 0
m 7 14 4
m 7 6 13
m 8 3 0
m 9 15 4
m 9 8 11
m 1 4 5
m 2 0 8
m 3 16 9
m 4 14 5
m 5 10 1
m 6 15 0
m 6 6 14
g 6 9 3
m 7 7 2
m 8 3 5
m 8 3 7
q 8
m 9 8 3
m 9 7 8
f 9
m 1 13 7
m 1 7 7
m 2 3 5
m 2 8 14
m 3 17 3
m 3 5 3
m 4 9 12
m 4 2 12
m 5 13 7
f 5
m 6 2 2
b 6
m 7 3 5
m 7 4 12
m 8 6 2
m 8 6 5
m 9 3 10
m 1 10 4
m 2 10 8
m 2 0 6
m 3 0 16
b 3
m 4 14 5
m 4 9 6
m 5 2 8
f 5
m 6 7 2
m 6 5 13
m 7 4 16
m 7 3 10
m 8 9 8
m 8 7 14
m 9 5 2
m 9 4 12
q 9
m 1 15 6
m 1 3 16
m 2 7 0
m 3 14 1
m 3 8 13
g 4 8 4
m 5 17 2
m 6 2 9
m 7 15 5
m 7 6 8
m 8 14 5
f 8
m 9 9 4
m 9 7 16
m 1 4 7
m 2 10 5
m 2 4 3
m 3 1 9
m 4 14 9
m 4 5 14
m 5 3 9
b 5
q 5
m 6 8 10
m 7 1 12
m 7 1 6
m 9 1 2
m 9 9 7
q 9
m 1 14 3
m 2 2 4
g 2 4 6
m 3 10 5
m 3 8 1
q 3
m 4 17 3
m 4 9 1
m 6 15 7
m 7 5 8
m 8 15 1
q 8
m 9 17 3
m 9 1 14
g 9 6 5
m 1 3 14
m 1 8 3
m 2 0 10
m 2 5 2
m 3 4 14
m 3 7 10
f 3
f 4
m 5 5 12
m 5 1 2
m 6 1 0
m 7 7 7
m 7 4 16
m 8 1 12
m 8 3 10
g 8 7 5
m 9 15 1
m 9 1 16
m 1 3 0
m 2 9 5
m 2 7 2
m 3 0 8
m 3 7 11
g 3 11 9
m 4 10 2
m 4 4 16
m 5 3 13
m 5 3 16
m 6 0 17
m 6 0 6
q 6
m 7 3 9
m 7 4 12
f 7
m 8 4 1
p
m 9 9 0
m 9 1 0
m 1 9 8
f 1
m 2 6 2
m 2 7 0
m 3 3 4
m 3 2 15
m 4 7 2
m 4 6 5
m 5 2 3
f 5
m 6 3 9
f 6
m 7 8 8
m 7 6 15
b 7
f 7
m 9 16 2
m 9 2 5
q 9
m 1 6 6
f 2
m 3 3 10
f 4
g 4 15 0
m 5 17 2
m 6 6 17
m 6 3 16
q 6
p
m 7 10 9
m 8 4 5
m 1 9 4
m 1 0 7
m 2 9 5
m 2 7 3
g 2 6 1
m 3 6 2
m 3 3 15
m 4 4 1
m 4 1 8
m 5 16 2
m 6 2 9
m 6 9 9
m 7 7 2
b 7
m 8 9 8
m 8 9 15
b 8
m 2 15 1
m 3 0 2
m 4 9 5
m 5 1 0
m 5 1 11
m 6 9 5
m 7 15 1
m 7 3 6
m 8 5 17
f 8
q 8
m 9 12 0
q 9
g 1 13 4
m 2 6 5
m 2 5 6
m 3 3 9
m 4 16 9
m 4 7 5
m 5 8 2
m 5 5 0
b 5
m 6 9 8
m 7 1 0
m 7 4 14
q 7
m 8 6 3
m 9 8 11
m 1 7 5
m 2 3 7
m 3 7 2
m 4 15 4
m 4 9 15
m 5 12 3
g 5 4 4
m 6 8 3
m 6 3 13
m 7 1 1
m 7 0 11
b 7
m 8 13 7
m 9 17 2
m 9 3 13
m 1 13 7
m 2 16 9
m 2 3 2
m 3 14 9
m 3 4 0
m 4 4 7
m 4 1 4
m 6 6 12
p
m 7 5 1
m 7 8 9
m 8 17 4
m 8 8 13
b 8
m 9 7 6
m 1 4 7
m 2 2 4
m 2 6 13
m 3 3 9
m 3 9 17
m 4 14 2
m 5 0 2
m 5 7 14
m 6 10 4
m 6 1 7
q 6
m 7 10 2
m 7 9 9
m 8 3 0
m 8 5 13
m 9 0 2
m 1 10 2
m 2 17 2
m 2 6 10
f 2
m 3 0 8
m 3 4 0
m 4 10 5
f 4
m 5 9 2
m 5 1 16
m 6 9 5
m 7 15 7
m 7 8 0
m 8 15 1
m 9 2 14
m 9 2 17
q 9
m 1 6 14
m 2 4 6
m 2 7 13
m 3 9 0
q 3
m 4 3 9
m 5 9 7
m 6 9 0
b 6
m 7 5 8
m 8 10 1
m 9 2 3
b 9
q 1
m 2 0 7
q 2
m 3 10 4
p
m 4 0 16
m 5 15 5
m 5 8 9
m 6 2 4
p
m 7 4 7
m 7 7 12
m 8 13 1
m 8 2 8
m 9 3 6
m 1 10 5
m 2 3 9
b 2
m 3 9 13
q 3
m 5 5 15
m 5 2 5
m 6 8 2
g 6 11 5
m 7 8 8
m 7 0 17
m 8 15 1
m 9 1 0
m 9 6 17
m 1 1 1
m 1 6 9
m 2 1 14
m 3 4 7
m 4 1 0
b 4
m 5 8 3
m 6 10 4
m 6 9 11
q 6
m 7 3 0
m 8 10 5
m 9 10 9
m 9 7 3
m 1 6 2
b 1
q 1
m 2 7 12
m 2 1 3
m 3 8 3
m 3 9 7
q 3
m 4 15 7
m 5 3 9
m 5 8 10
m 6 6 10
m 6 9 3
m 7 2 10
m 7 7 11
m 9 12 0
m 9 0 10
m 1 0 14
m 1 3 4
m 2 3 4
m 2 4 7
m 3 2 4
m 3 2 8
m 5 14 9
m 5 6 10
b 5
m 6 7 2
m 6 9 7
m 7 8 14
m 8 9 0
m 8 9 15
q 8
m 9 3 8
m 9 9 10
f 9

