B 5 8 6 6
m 1 4 2
m 1 1 7
m 2 4 4
f 2
m 3 3 4
m 3 1 5
m 4 7 3
m 5 7 4
m 5 1 4
f 5
m 6 0 4
m 6 1 1
q 6
m 1 5 2
m 2 5 0
m 2 2 3
m 3 5 4
p
m 4 6 2
m 5 3 4
m 6 2 2
m 6 1 7
m 1 2 4
m 2 5 3
m 2 0 3
m 3 4 2
q 3
m 4 6 1
m 4 1 0
m 5 1 4
m 5 4 7
m 6 7 3
q 6
m 1 6 3
m 1 0 2
q 1
m 2 6 3
m 2 4 6
b 2
m 4 3 4
m 4 4 6
m 5 3 3
g 5 4 0
m 6 5 4
q 6
m 1 1 3
m 1 0 0
m 2 5 0
m 2 2 6
m 3 5 3
m 3 1 3
f 3
q 3
m 4 1 2
m 5 6 3
m 5 0 3
m 6 0 7
g 6 2 1
m 1 3 0
m 1 2 0
m 2 4 3
m 3 6 3
m 3 2 6
m 4 6 3
m 4 2 4
g 4 2 2
b 5
p
m 6 0 2
m 1 2 0
q 1
m 2 2 5
m 3 7 2
m 3 3 5
f 3
m 4 1 2
m 5 1 3
m 5 4 2
m 6 7 3
m 1 6 1
m 2 0 3
m 2 0 7
m 3 1 0
m 4 0 4
m 5 5 0
b 5
m 6 2 3
b 6
m 1 2 6
m 2 0 3
b 2
m 3 3 1
m 4 2 6
m 5 2 3
m 5 1 2
f 5
m 6 0 3
q 6
m 1 1 4
m 2 1 2
g 2 1 4
m 3 4 4
m 4 4 3
m 4 0 5
b 4
m 5 3 6
m 6 1 4
m 6 0 6
m 1 1 4
m 1 2 6
m 2 0 4
m 2 4 2
p
m 3 7 3
m 4 1 2
m 5 3 1
m 5 3 4
m 6 5 4
m 6 4 6
f 6
m 1 0 3
m 2 1 0
m 2 3 0
f 2
m 3 0 3
m 3 2 5
m 4 1 4
m 4 2 4
m 5 3 1
b 5
m 6 3 3
m 6 3 6
m 1 5 4
p
m 2 0 2
m 2 2 3
b 2
m 3 4 3
m 5 0 3
m 6 1 0
b 6
q 6
m 1 1 2
p
m 2 7 3
m 2 2 3
f 2

