B 14 14 6 39
m 1 13 9
m 2 0 4
m 3 0 3
m 3 13 6
m 4 6 10
m 4 3 5
m 5 13 9
m 5 5 0
m 6 9 11
b 1
f 1
m 2 9 0
m 3 12 0
g 3 0 9
m 4 1 12
m 4 1 7
m 5 11 1
m 5 5 4
f 6
m 1 0 13
m 1 2 3
m 2 2 3
m 3 11 2
g 3 13 0
p
m 4 12 13
m 4 2 9
m 5 2 12
b 5
m 6 1 0
m 6 7 9
m 1 7 4
m 2 8 11
m 2 9 7
m 3 12 7
m 3 7 9
b 3
f 3
m 4 10 10
m 4 4 11
f 4
m 6 6 2
p
m 1 9 10
q 1
m 2 7 7
m 3 2 4
m 3 1 0
m 4 2 8
f 4
m 5 7 3
m 6 10 13
m 1 4 9
m 1 3 10
m 2 13 9
m 2 10 1
m 3 1 3
m 3 1 9
m 4 13 4
m 5 13 2
q 5
m 1 13 0
f 1
m 2 3 9
m 2 2 12
p
m 3 3 10
m 4 9 6
m 5 3 13
m 5 4 11
m 6 2 7
m 6 9 10
q 6
m 1 10 5
m 2 13 12
p
m 3 5 6
m 3 13 3
m 4 0 1
m 4 5 8
m 5 6 13
g 5 7 12
m 6 8 8
m 6 7 3
m 1 8 1
m 1 6 12
b 1
m 3 7 13
m 4 11 0
q 4
m 5 2 8
m 5 3 10
f 5
m 6 10 13
q 6
g 6 3 7
m 1 2 10
m 1 11 3
m 2 9 0
m 2 2 6
m 3 10 12
m 3 11 1
m 4 5 7
m 5 8 12
m 6 12 4
m 1 2 5
m 1 4 7
q 1
m 2 8 4
m 3 4 9
b 3
m 4 5 6
m 5 6 11
m 5 10 3
q 5
m 6 3 5
m 2 7 0
m 2 12 0
m 3 2 2
b 3
m 4 12 3
m 5 10 10
b 6
p
m 1 3 4
m 1 13 9
b 1
m 2 5 5
m 3 1 6
m 3 9 2
m 4 13 5
m 4 13 3
m 5 7 13
m 5 11 12
m 6 9 8
m 3 4 3
m 4 6 4
m 4 8 9
m 5 1 13
m 5 1 6
m 6 1 1
m 1 6 1
m 2 8 10
m 2 2 7
q 2
m 3 0 2
m 4 5 4
m 5 1 3
m 6 5 12
m 6 11 10
m 1 5 5
b 1
m 2 7 6
q 2
m 3 2 5
m 3 13 2
m 4 1 4
m 4 6 10
m 5 2 5
m 6 4 13
m 1 11 8
m 1 13 3
m 3 1 5
m 3 1 0
m 4 5 8
m 4 2 3
m 5 8 6
m 5 10 9
m 6 10 7
m 6 9 2
m 1 10 13
m 2 2 3
m 3 11 10
b 3
m 4 12 12
m 5 8 3
m 5 3 9
f 5
q 5
m 6 12 9
m 1 6 11
b 1
m 2 6 0
m 2 5 4
b 2
m 3 13 7
m 4 12 3
q 4
m 5 8 3
b 5
m 6 12 4
m 6 10 5
m 1 5 6
m 1 5 4
m 2 0 3
m 2 1 11
m 3 2 1
m 3 10 13
b 3
m 4 4 12
m 5 10 1
m 5 7 12
m 6 13 2
m 1 2 10
m 1 4 1
m 2 9 0
m 2 9 2
m 3 5 12
m 4 9 5
q 4
m 5 7 0
m 6 13 5
m 1 5 7
m 2 4 6
m 2 10 8
m 3 4 1
g 3 0 5
m 4 10 5
m 5 9 5
q 5
m 6 3 9
m 6 1 12
m 1 10 1
f 1
m 2 0 10
f 2
m 3 7 12
m 3 2 6
m 4 3 1
m 4 0 7
q 4
m 5 11 3
f 5
m 6 8 3
m 1 12 3
m 1 13 12
m 2 1 0
m 2 12 9
b 2
m 3 11 12
m 3 9 5
f 3
q 3
m 4 13 9
m 5 6 0
m 6 5 5
m 1 11 0
m 1 5 13
f 1
m 3 1 13
m 3 12 0
m 4 11 3
m 6 5 0
m 1 4 4
b 1
m 2 0 0
m 3 9 11
m 3 11 4
f 3
m 4 9 8
q 4
m 5 10 10
m 6 4 8
q 1
m 2 13 8
m 3 12 0
m 3 8 3
p
m 4 6 3
m 4 10 9
m 5 7 6
m 6 10 11
m 6 5 1
p
q 1
m 3 11 12
m 4 3 9
m 4 4 8
m 5 13 4
m 6 13 8
m 6 4 12
m 1 11 13
m 2 5 2
b 2
m 3 3 9
m 4 12 3
m 5 5 11
m 6 5 0
m 6 0 11
m 1 2 8
m 2 4 10
g 2 9 2
m 3 6 0
p
m 4 0 12
m 4 12 13
m 5 10 3
m 6 11 11
m 6 2 4
m 1 6 13
b 1
m 2 3 13
m 3 12 12
m 3 0 7
m 4 3 5
m 5 0 4
m 5 2 12
f 5
q 5
m 6 13 4
m 1 1 9
m 2 2 3
q 2
m 3 5 11
m 3 8 10
m 4 0 8
b 4
m 5 5 9
f 5
m 6 1 13
m 1 0 2
m 2 3 11
m 2 10 3
g 2 9 12
m 3 6 12
m 3 12 13
m 4 9 6
q 4
m 5 10 13
m 6 10 13
m 6 0 12
m 1 10 12
m 1 9 5
m 2 10 13
m 2 8 12
m 3 2 11
m 3 12 8
p
m 4 5 13
m 5 0 4
m 6 9 12
m 1 1 7
q 1
m 2 8 5
m 3 10 5
m 3 0 9
m 5 2 2
m 5 5 6
b 5
p
m 6 10 13
m 6 12 12
q 6
m 1 13 8
m 1 3 9
g 1 8 13
m 2 11 7
m 3 2 13
m 4 12 3
m 4 5 7
m 5 5 12
m 6 6 6
b 6
f 6
q 6
q 1
m 2 9 9
m 3 3 9
m 3 8 3
p
m 4 2 1
f 4
q 4
m 5 2 12
m 6 13 13
m 1 2 1
q 1
g 1 11 9
m 2 6 3
b 2
m 3 6 3
m 3 8 4
m 4 7 5
m 5 0 2
m 6 10 13
m 6 2 5
q 6
m 1 7 1
b 1
m 2 10 13
m 2 11 7
m 3 5 4
q 3
p
m 4 4 9
m 5 0 10
m 6 10 13
m 6 6 9
m 1 13 9
m 2 5 6
q 2
m 3 13 2
m 3 12 0
m 4 5 3
f 4
m 5 11 12
m 6 7 3
m 1 10 4
m 1 11 7
q 1
m 2 2 8
m 3 2 1
b 3
m 4 7 3
m 5 8 7
b 5
m 6 6 4
m 6 2 4
q 6
m 1 2 1
m 1 3 12
m 2 11 0
b 2
f 2
m 3 7 12
q 3
m 4 0 2
m 5 6 10
m 5 6 3
q 5
m 6 13 8
b 6
m 1 8 3
b 1
m 2 13 2
m 3 7 6
m 4 5 0
m 4 4 13
m 5 10 5
m 5 0 9
f 5
m 6 3 3
m 1 11 4
m 1 8 4
f 1
m 2 10 5
m 3 10 8
m 3 7 12
m 4 0 2
m 5 10 13
b 5
p
m 6 5 0
m 6 2 4
m 1 2 10
m 1 1 0
b 1
m 2 10 12
m 2 6 3
m 3 3 9
m 4 1 9
m 4 7 2
g 4 13 5
p
m 5 5 6
m 6 6 12
m 6 9 11
m 1 8 7
f 1
m 2 6 3
b 2
m 3 7 6
m 3 3 2
m 4 9 9
m 4 11 3
m 5 5 6
m 6 1 1
m 1 10 5
m 2 7 0
m 3 1 13
f 3
g 3 7 2
m 4 6 12
m 4 4 11
m 5 1 3
m 5 5 1
f 5
m 6 10 5
m 6 10 9
b 6
m 1 1 8
m 1 3 13
m 2 10 5
m 3 1 9
m 4 4 9
m 4 1 7
m 5 5 4
m 5 2 0
m 6 7 3
m 1 5 4
q 1
m 2 5 6
m 2 4 6
m 3 10 13
m 4 0 1
m 5 5 0
m 6 1 9
m 1 0 12
m 2 11 13
m 2 4 8
m 3 2 1
m 3 12 6
m 4 13 7
m 5 5 6
b 5
f 5
m 6 11 8
q 6
m 1 5 0
m 1 8 7
m 2 5 11
m 3 7 6
m 3 12 11
m 4 11 13
f 4
m 5 8 1
b 5
m 6 9 11
m 1 0 8
m 2 6 11
m 2 13 7
b 2
m 3 0 3
q 3
m 4 11 9
m 5 2 4
g 5 13 0
m 6 5 12
m 1 5 0
f 1
p
m 2 10 7
m 2 1 1
f 2
p
m 3 9 5
q 3
m 4 7 6
m 5 6 0
q 5
m 6 10 1
m 6 8 7
m 1 11 13
m 2 6 5
m 3 6 0
m 3 8 11
m 4 8 12
f 4
m 5 6 0
m 5 13 8
p
m 6 2 1
q 6
m 1 2 10
m 1 12 1
m 2 0 8
f 2
m 3 13 8
m 3 9 10
m 4 10 1
m 4 5 8
m 5 11 7
m 6 10 5
m 1 2 1
m 1 6 2
m 2 7 6
m 2 8 9
m 3 0 12
m 3 7 7
m 4 6 11
m 4 8 5
m 5 5 11
q 5
m 6 2 10
m 6 6 0
m 1 13 8
m 2 3 9
m 2 2 13
m 3 0 3
m 3 6 12
m 4 4 6
m 4 10 5
m 5 0 3
b 5
p
m 6 0 10
p
m 1 8 3
p
m 3 3 5
m 3 9 7
q 3
m 4 8 10
b 4
m 5 5 0
m 1 5 4
m 1 10 3
m 2 0 0
m 2 3 12
m 3 3 9
m 3 11 5
m 4 0 4
m 4 11 9
m 5 7 3
m 5 8 12
p
m 6 1 13
q 6
m 1 12 5
m 2 2 10
m 3 0 3
m 3 12 13
m 4 0 4
m 5 4 9
m 5 7 13
m 6 4 2
q 6
m 1 9 12
m 2 0 3
m 2 2 6
g 2 7 12
p
m 3 1 9
m 3 11 9
m 4 2 12
m 5 8 5
m 5 1 9
q 5
m 6 0 10
b 6
g 1 2 7
b 2
m 3 7 10
p
m 4 7 9
b 5
b 6
m 1 11 13
m 2 5 0
m 3 0 13
m 3 0 0
m 4 2 1
m 5 1 9
q 5
m 6 8 6
m 6 12 6
b 6
m 1 2 8
m 1 3 10
m 2 2 1
b 2
m 3 5 4
m 5 4 12
m 5 13 11
m 6 0 10
m 6 3 8
m 1 13 9
m 1 9 2
m 2 5 4
m 2 8 0
b 2
m 3 4 5
m 4 11 7
m 4 3 10
m 5 10 12
m 6 2 1
m 2 1 9
m 2 7 4
b 2

