B 10 8 2 55
m 1 1 0
b 1
m 2 9 3
m 2 3 2
m 1 6 0
f 1
m 2 5 2
m 1 0 2
m 1 3 0
f 1
q 1
m 1 7 5
m 2 4 4
m 2 0 4
m 1 2 7
m 2 7 6
m 1 5 4
m 1 0 7
m 2 7 3
m 1 6 2
m 2 1 6
m 1 3 5
m 1 0 7
q 1
m 2 1 5
m 2 3 6
m 1 0 0
m 1 0 4
m 2 1 0
m 1 0 8
m 2 8 3
b 2
g 2 0 6
m 1 4 9
m 1 3 7
b 1
m 2 1 7
m 2 9 2
m 1 7 5
m 1 6 1
b 1
m 2 5 4
m 1 5 2
m 1 3 3
q 1
m 2 5 5
g 2 5 7
m 1 7 9
m 1 3 7
m 2 1 4
g 2 7 3
m 1 7 9
m 2 9 0
b 2
m 1 1 9
m 1 2 2
m 2 1 7
m 1 7 7
g 1 2 9
m 2 7 6
m 2 8 4
b 2
m 1 7 3
q 1
m 2 2 7
m 1 4 6
m 1 4 3
m 2 2 2
m 2 1 6
m 1 6 9
m 1 9 5
m 2 4 3
m 2 3 5
q 2
m 1 1 4
m 1 9 1
m 2 5 0
m 1 6 6
f 1
m 2 3 2
m 1 7 8
q 1
m 2 4 9
m 1 8 1
m 1 3 3
m 2 7 6
p
m 1 6 2
p
m 2 9 3
m 2 8 1
m 1 1 2
f 1
m 2 1 7
m 2 4 3
b 2
f 2
m 1 5 2
m 2 0 2
m 2 8 5
m 1 1 5
g 1 0 9
m 2 5 5
m 2 3 0
m 1 0 5
m 2 6 8
m 2 8 6
m 1 6 0
f 1
q 1
m 2 4 7
m 2 3 1
m 1 4 0
m 1 7 4
m 1 7 3
g 1 3 8
m 2 1 2
m 2 0 3
m 1 3 1
m 1 5 6
m 2 0 2
m 1 6 2
m 1 0 2
m 2 4 2
m 2 2 2
m 1 5 6
m 1 6 0
b 1
q 1
m 2 1 2
m 1 0 7
m 1 0 0
f 1
m 2 2 7
m 1 0 8
m 2 5 2
m 1 4 7
m 1 0 3
f 1
m 2 3 6
f 2
m 1 1 1
m 2 0 7
m 2 8 4
f 2
m 1 5 6
b 1
m 2 3 1
m 2 9 6
m 1 4 3
m 1 9 3
m 2 2 2
m 2 6 7
m 1 7 8
m 1 6 3
f 1
m 2 1 7
m 2 7 5
m 1 8 5
m 1 1 7
m 2 7 5
m 2 8 7
m 1 6 0
b 1
f 1
m 2 0 2
m 1 1 4
q 1
f 2
m 1 7 6
m 1 4 1
q 1
m 2 4 1
m 1 6 0
p
m 2 4 3
m 2 2 0
p
m 1 4 9
m 1 2 3
m 2 5 4
f 2
m 1 5 4
m 1 2 5
q 1
m 2 1 1
m 2 5 1
m 1 9 4
m 2 6 2
m 1 3 1
m 2 5 6
m 1 4 3
m 1 7 2
m 2 4 3
m 1 4 3
g 1 5 5
m 2 5 1
m 1 4 7
m 1 0 5
m 2 6 0
m 2 4 7
b 2
m 1 5 4
q 1
m 2 5 6
m 1 2 8
m 1 0 7
f 1
m 2 3 5
m 2 9 1
m 1 1 1
m 2 1 2
m 1 6 0
p
m 2 2 8
m 2 8 0
m 1 3 5
m 2 7 9
m 2 3 1
m 1 3 5
b 1
m 2 5 4
m 1 8 1
m 2 2 8
m 1 1 6
m 2 5 6
m 2 5 2
f 2
m 1 2 6
f 1
m 2 4 2
m 1 1 0
m 1 0 6
m 2 7 5
m 2 9 2
m 1 3 5
m 2 3 5
m 2 2 4
m 1 9 0
b 1
m 2 0 7
m 1 1 2
m 2 5 4
m 1 1 6
m 1 2 5
q 2
m 1 4 3
f 2
m 1 5 6
m 1 1 6
m 2 3 5
m 1 3 5
m 2 3 7
b 2
m 1 5 6
m 1 7 3
m 2 3 7
m 1 5 6
q 1
m 2 3 5
m 2 5 7
q 2
m 1 1 4
m 2 4 6
m 2 9 3
m 1 1 1
m 1 1 3
m 2 3 5
f 2
g 2 2 0
m 1 7 5
m 2 3 5
m 2 3 5
f 2
q 2
m 2 3 5
b 2
m 1 4 3
m 2 0 7
f 2
m 1 2 8
m 1 4 1
m 2 4 1
m 2 6 6
q 2

