B 10 7 6 10
q 1
m 2 9 2
m 2 7 0
m 3 3 0
m 3 1 1
m 4 6 3
m 4 9 2
g 4 0 7
m 5 8 1
m 5 1 4
m 6 4 9
m 1 5 1
b 1
g 1 0 7
m 2 4 3
m 3 4 6
b 3
m 4 4 6
m 5 6 7
m 5 8 3
m 1 6 1
m 1 2 3
m 2 3 1
m 3 0 4
f 3
m 4 2 8
m 5 6 3
m 5 8 6
m 6 5 0
f 6
m 1 5 2
m 1 2 2
m 2 5 4
m 2 2 4
m 4 4 7
m 4 5 0
m 5 5 6
m 5 4 1
b 5
m 6 9 1
m 6 8 3
q 6
p
m 2 2 7
m 2 0 1
b 2
m 3 1 7
b 3
f 3
m 4 1 2
b 4
m 5 4 0
m 1 4 5
m 1 9 4
m 2 5 0
m 3 6 5
m 4 2 0
m 5 5 8
m 5 5 4
m 6 2 0
m 6 9 5
g 6 4 0
m 1 6 7
m 1 8 0
m 2 4 2
m 2 5 6
b 3
m 4 2 8
m 4 6 4
m 5 8 1
m 5 3 4
m 6 0 1
m 1 2 3
m 2 8 3
m 2 5 5
m 3 4 8
m 4 5 6
b 4
m 5 0 5
m 5 7 0
b 5
m 6 2 8
m 6 7 6
m 1 6 1
m 1 3 0
m 2 5 8
m 3 5 2
m 4 7 3
q 4
m 6 4 6
m 6 3 3
m 1 5 0
f 1
m 2 4 4
m 2 4 2
m 3 2 7
m 3 5 3
g 3 4 6
m 4 5 8
m 4 8 3
m 5 4 7
m 5 3 1
m 6 8 4
g 6 3 2
m 1 1 2
m 1 1 4
b 1
m 2 2 3
m 3 6 2
m 4 5 1
q 4
m 5 5 2
m 6 8 2
m 6 4 5
m 1 2 0
m 1 2 4
m 2 6 2
f 2
m 3 1 7
m 4 5 5
m 4 7 6
m 5 0 0
m 5 0 3
q 5
m 6 7 1
m 1 5 3
m 1 5 2
m 2 9 6
m 2 6 4
q 2
m 3 5 3
f 3
m 4 4 2
b 4
g 5 2 4
p
m 6 8 0
m 1 2 7
m 2 6 1
f 2
g 2 1 6
m 3 1 2
m 3 3 5
q 4
m 6 6 3
m 1 2 0
m 1 0 6
m 2 0 1
m 2 1 5
m 3 0 1
m 4 8 2
m 5 6 2
m 6 6 1
m 1 0 1
m 1 3 4
m 2 2 3
m 3 9 4
m 3 2 6
m 5 0 3
m 6 4 5
m 1 2 3
m 3 8 2
m 3 8 6
m 4 3 1
m 4 0 0
m 5 1 2
m 6 2 3
m 6 7 2
m 1 5 3
m 2 6 3
q 2
m 3 9 6
m 3 6 5
b 3
m 4 7 0
q 4
m 5 7 3
m 6 5 2
m 1 0 1
b 1
m 2 6 2
m 3 3 6
m 4 7 3
m 4 6 1
m 5 6 1
m 5 1 3
m 6 4 7
m 6 1 3
f 6
m 1 5 7
m 1 4 2
m 2 0 6
m 3 0 6
m 3 1 0
m 4 6 6
m 5 6 6
m 5 3 6
m 6 7 1
m 6 3 3
b 6
m 1 3 4
m 2 2 3
m 2 1 0
m 3 5 2
m 3 7 4
m 4 5 2
q 4
m 5 3 9
m 6 8 2
m 6 1 4
p
m 1 8 2
m 1 7 2
m 2 2 0
m 2 2 1
m 3 1 3
q 3
m 4 0 6
g 4 6 8
m 5 5 7
f 5
m 1 6 1
p
m 2 2 0
f 2
m 3 6 5
m 3 9 2
m 4 0 2
m 4 3 6
m 5 5 2
p
m 6 2 3
m 6 1 2
m 1 4 2
m 1 3 3
m 2 4 2

