B 7 9 6 10
m 2 4 4
m 2 1 0
m 3 2 3
b 3
m 4 8 2
m 6 5 1
m 6 1 7
m 1 1 3
m 1 3 8
q 1
m 2 6 1
m 2 1 3
q 2
m 3 5 6
b 3
m 4 5 6
m 5 0 4
m 6 8 0
m 6 2 6
m 1 4 6
m 1 1 5
g 1 0 1
m 2 8 5
m 2 6 6
m 3 3 2
m 3 6 8
m 4 0 5
m 5 2 4
m 5 4 3
m 6 3 0
b 6
m 1 0 4
m 1 2 3
m 2 6 1
m 2 3 5
b 2
m 3 6 1
m 3 0 7
m 4 3 5
m 4 5 5
m 5 2 5
m 5 3 0
m 6 4 3
m 6 6 2
m 1 6 0
m 1 0 3
b 1
m 2 8 5
m 2 1 4
f 2
m 3 3 6
g 3 3 1
m 4 5 6
m 4 5 5
m 5 8 4
m 5 5 2
m 6 3 6
m 6 1 3
g 6 5 5
m 1 1 1
m 1 5 8
q 1
m 2 7 6
m 3 2 8
q 3
m 4 8 1
m 5 0 4
q 5
g 5 5 0
m 6 2 2
m 6 0 5
b 6
m 1 1 4
m 2 6 0
q 2
g 2 7 1
m 3 0 2
m 3 5 8
g 3 5 5
m 4 1 2
m 4 1 3
m 5 8 4
m 5 6 6
m 6 7 5
g 6 5 3
p
m 1 0 5
m 2 3 6
m 3 4 0
m 3 6 5
q 3
m 4 6 0
m 4 3 0
m 5 3 6
m 6 2 4
m 6 5 0
m 2 1 4
m 2 4 7
g 2 5 2
m 3 1 2
m 4 6 1
m 4 6 0
q 4
g 4 5 3
m 5 3 4
m 6 7 3
m 6 3 0
m 1 5 2
m 1 5 6
b 1
m 2 4 6
b 2
g 2 2 3
m 3 0 2
m 3 5 7
m 4 4 7
m 5 6 1
m 5 6 6
f 5
m 6 3 5
m 1 0 0
m 1 0 4
m 2 4 5
p
m 3 0 6
m 3 1 0
f 3
m 4 5 4
m 5 1 3
m 6 1 4
b 6
m 1 3 5
m 1 0 7
m 2 2 7
m 3 2 7
m 3 1 1
g 3 6 2
m 4 1 3
m 4 5 4
p
m 5 0 5
m 5 6 1
m 6 0 0
m 1 1 3
m 1 2 2
b 1
q 1
g 1 2 5
m 2 6 3
m 2 6 3
m 3 4 6
b 3
g 3 2 5
m 4 1 0
m 5 4 6
m 5 3 3
b 5
f 5
m 6 7 6
m 1 1 4
p
p
m 3 8 1
m 4 2 6
m 5 1 0
m 5 0 7
b 5
m 1 8 0
m 1 3 2
m 2 1 4
b 2
m 3 8 1
m 3 0 3
m 4 1 6
m 5 1 5
m 5 4 3
f 6
m 1 6 0
m 2 5 6
m 2 3 4
m 3 0 5
m 3 3 0
f 3
m 4 7 6
m 4 5 1
m 5 3 5
m 5 4 8
m 6 1 0
m 6 3 6
m 1 8 0
b 1
m 2 1 4
m 2 0 4
b 2
m 3 1 1
m 3 1 5
m 4 1 4
m 4 1 7
m 5 5 4
m 6 8 1
m 6 6 6
m 1 4 3
m 1 6 3
g 1 0 6
m 2 7 6
m 3 4 6
m 4 8 1
m 4 2 2
m 5 4 6
m 6 8 0
m 6 1 2
m 1 2 5
m 1 5 1
m 2 6 7
g 2 8 4
m 3 1 6
q 3
m 4 7 3
m 4 3 6
m 5 1 0
m 6 3 5
b 6
m 1 6 1
m 2 3 0
m 2 4 7
m 3 2 4
m 4 0 2
m 4 4 3
m 5 8 0
m 6 1 2
m 6 3 6
q 6
m 1 2 4
m 1 4 6
b 1
m 2 1 3
m 3 8 0
b 3
f 3
m 4 8 0
m 4 1 4
m 5 8 0
m 5 2 3
b 5
p
m 6 3 5
m 6 6 4

