B 10 10 2 68
m 1 8 3
m 1 2 7
m 2 2 4
m 2 6 6
m 1 5 5
q 1
g 1 4 2
m 1 3 1
m 2 9 2
b 2
m 1 2 6
m 1 6 3
g 1 4 2
m 2 6 1
p
m 1 5 0
m 1 5 6
m 2 4 7
m 2 0 3
m 2 1 4
m 2 2 7
m 1 8 3
m 1 7 8
m 2 2 7
b 2
m 1 4 4
m 2 8 2
m 2 2 1
m 1 5 3
m 1 7 3
m 2 7 1
m 1 8 0
m 1 1 0
m 2 1 1
m 2 0 0
m 1 6 2
m 1 1 1
b 1
q 1
m 2 3 9
m 2 6 0
b 2
f 2
m 1 3 1
m 1 3 2
m 2 6 7
m 1 5 8
m 1 3 4
q 1
m 2 6 1
m 2 4 6
f 2
m 1 9 5
m 2 9 2
m 1 4 7
m 2 0 9
m 2 7 0
m 2 5 3
m 2 0 9
g 2 1 3
m 1 9 6
m 2 3 4
m 2 2 2
m 1 4 0
f 1
g 1 1 6
m 2 6 1
m 2 3 9
m 1 7 1
m 2 0 9
m 2 6 0
m 1 0 2
m 1 2 0
b 1
m 2 3 0
m 2 4 1
m 1 2 5
m 1 2 9
q 2
m 1 7 9
m 2 2 4
m 2 1 4
f 2
m 1 7 7
m 2 7 5
f 2
m 2 6 8
f 2
m 1 0 3
m 2 2 5
m 1 5 3
b 1
m 1 8 9
m 1 8 3
b 1
m 2 0 9
m 2 3 7
m 1 7 0
m 1 0 2
m 2 8 2
m 2 4 2
b 2
q 2
m 1 3 3
m 1 2 9
m 2 4 7
m 2 6 6
m 1 9 1
m 1 3 6
m 2 1 5
m 1 8 3
m 2 8 0
m 2 6 9
f 2
m 1 3 1
f 1
m 2 8 8
b 2
m 1 8 4
m 1 6 9
q 1
m 2 8 4
m 1 4 5
q 1
m 2 5 0
m 2 7 0
q 2
m 1 5 0
m 1 2 7
b 1
m 1 4 0
q 1
g 1 7 6
m 2 9 2
m 1 6 7
m 2 2 6
m 2 3 8
m 1 0 9
f 1
m 2 6 1
m 2 3 2
q 2
m 1 7 5
m 2 4 7
m 2 9 2
f 2
m 1 4 2
m 2 8 9
m 2 1 5
m 1 2 1
m 1 8 6
m 2 3 1
m 2 5 1
b 2
m 1 9 4
m 2 6 7
m 1 1 0
m 1 8 6
m 2 2 8
m 2 9 9
m 1 6 7
m 1 5 7
q 1
m 2 8 9
m 1 7 1
q 1
m 2 6 7
m 2 6 7
m 1 2 7
m 2 7 9
b 2
g 2 3 6
m 1 1 8
m 2 7 9
p
m 1 4 6
m 2 3 2
m 2 0 8
m 1 3 0
m 1 5 2
m 2 0 8
m 1 8 9
m 1 4 7
m 2 9 1
q 2
g 2 6 2
m 1 5 6
m 1 2 7
f 1
m 2 5 3
g 2 6 5
m 1 4 0
m 1 0 8
m 2 8 9
m 2 0 4
q 2
m 1 7 0
m 1 8 9
b 1
m 2 7 9
m 1 5 0
m 1 2 6
m 2 0 4
m 1 9 1
m 2 8 8
m 1 4 6
m 2 1 0
m 2 6 8
m 1 0 7
m 2 9 4
m 2 3 4
b 2
m 1 1 7
g 1 9 0
m 2 4 6
m 2 5 5
m 1 2 9
m 2 9 1
m 1 1 8
m 1 7 3
m 2 2 9
m 2 6 9
m 1 9 1
f 2
m 1 4 5
m 2 2 7
m 2 5 2
m 1 6 3
q 1
m 2 8 3
m 1 3 4
m 1 0 0
m 2 2 2
m 2 3 4
m 1 9 1
m 2 3 4
m 2 1 1
m 1 2 1
m 2 6 0
m 2 9 9
g 2 6 9
m 1 5 1
m 1 2 4
f 1
q 1
m 2 3 4
m 2 6 9
m 1 3 2
m 1 5 6
f 2
m 1 5 3
p
m 2 9 4
m 2 0 7
m 1 4 6
m 1 1 7
q 1
m 2 6 1
g 2 9 2
m 1 4 7
m 1 2 0
m 2 9 1
m 2 5 1
m 1 4 5
m 1 1 5
m 2 6 0
b 2
q 2
m 1 3 9
m 2 3 9
m 2 3 5
b 2
m 1 4 7
m 1 7 6
m 2 4 5
m 2 9 8
m 1 2 1
m 2 5 0
m 1 8 4
m 1 8 8
m 2 3 4
b 2
m 1 3 9
g 1 8 6
m 2 8 4
m 1 7 9
m 1 9 5
m 2 3 1
m 2 6 1
b 2
q 2
m 1 2 3
f 1
m 2 4 6
m 2 1 9
m 1 2 2
m 1 3 1
m 2 5 0
m 2 5 2
b 2
m 1 2 7
m 1 8 5
m 2 3 4
m 1 2 1
b 1
q 1
m 2 5 0
f 2
m 1 8 4
m 1 9 9
p
m 2 7 2
m 1 9 4
g 1 4 0
m 2 5 0
m 2 2 8
f 2
m 1 8 4
m 1 0 1
b 1
m 2 3 1
p
m 1 5 0
f 1
m 2 6 3
m 2 6 4
p
m 1 6 9
f 1
m 2 5 0
m 2 9 6
b 2
m 1 1 8
m 2 7 9
m 2 6 9
m 1 4 9
m 1 0 1
q 1
m 2 2 1
m 2 3 5
q 2
m 1 3 8
m 2 5 1
b 2
m 1 7 8
m 1 1 1
m 2 0 9
q 2
m 1 0 9
m 1 5 4
f 1
m 2 3 9
m 2 0 5
f 2
m 1 3 4
m 1 2 5
m 2 6 0
m 2 5 5
b 2
m 1 7 8
b 1
m 2 0 1
m 2 2 7
p
m 1 6 4
m 1 6 0
f 1
m 2 6 0
m 1 7 8
m 1 7 7
b 1
m 2 2 0
m 2 1 8
m 1 0 3
q 1
m 2 3 1
f 2
q 2
m 2 5 6
m 2 9 3
f 2

