B 10 6 5 10
m 2 1 7
m 2 9 1
m 3 3 1
m 4 1 1
m 4 2 3
f 5
m 1 2 5
b 1
m 3 2 7
m 4 9 0
m 5 3 7
m 1 2 7
m 1 4 4
m 2 4 1
m 2 5 5
m 3 1 2
b 3
m 4 2 2
m 5 5 7
m 1 4 0
m 2 4 5
m 3 2 4
b 3
m 4 0 1
m 4 8 1
m 5 4 1
m 1 0 0
m 1 5 1
f 1
m 2 2 4
m 2 7 0
p
m 3 5 8
m 3 1 5
m 4 3 1
b 4
m 5 0 2
m 1 2 3
m 2 3 3
m 3 5 7
m 3 8 2
m 4 8 4
m 4 5 1
q 4
m 5 2 9
m 1 0 3
m 2 0 5
m 2 5 2
m 3 1 7
m 3 6 2
m 4 0 3
m 5 3 5
m 5 3 3
m 1 5 7
m 2 3 6
m 2 0 5
b 2
p
m 3 9 4
m 3 1 4
m 4 7 5
m 4 2 5
q 4
m 5 4 0
m 5 3 3
f 5
q 5
p
m 1 8 2
m 1 7 2
m 2 2 9
m 2 4 3
m 3 3 6
b 3
m 4 1 0
g 4 2 6
g 5 3 4
m 1 1 2
m 2 3 1
m 3 7 0
m 3 4 2
m 4 0 2
m 5 0 4
m 5 6 1
m 1 1 4
m 2 0 2
m 2 7 4
f 2
m 3 5 0
m 4 2 3
m 5 4 5
m 5 0 5
m 1 3 5
m 1 6 1
m 2 5 4
m 2 0 3
m 3 0 8
m 3 0 1
m 4 3 7
m 4 4 5
m 5 4 4
f 5
g 5 2 1
m 1 3 6
m 1 8 1
m 2 5 8
m 3 4 6
f 3
m 4 3 6
m 4 1 1
q 4
m 5 4 6
q 5
p
m 1 0 3
m 1 3 2
m 2 6 0
f 2
m 3 1 5
m 3 5 2
m 5 5 8
m 1 4 3
m 1 6 3
m 2 7 0
b 2
m 3 3 9
m 3 5 5
m 4 4 5
m 4 6 4
b 4
m 5 5 8
m 1 3 1
m 1 9 1
f 1
m 2 1 7
f 2
q 2
g 2 1 1
m 3 0 2
m 4 7 2
q 4
m 5 3 9
q 5
p
m 1 3 1
m 1 7 3
m 2 5 6
m 2 6 5
m 3 3 1
m 3 7 3
m 4 5 8
g 4 5 4
m 5 1 7
f 5
q 5
m 1 2 0
m 1 4 2
m 3 5 3
m 3 8 3
f 3
q 3
m 4 5 0
m 4 0 1
b 4
m 5 0 3
m 5 0 0
m 1 3 1
b 1
g 1 1 1
m 2 1 7
m 2 7 0
m 3 2 9
m 3 5 0
m 4 0 8
m 5 3 1
m 1 5 9
m 1 5 5
f 1
m 2 5 3
m 3 3 1
p
g 4 1 6
p
m 5 3 1
p
m 1 3 3
m 2 1 7
m 2 9 0
m 3 8 4
f 3
m 4 6 2
m 5 0 8
m 1 2 1
m 2 5 8
m 2 0 0
m 3 5 4
m 4 4 3
m 5 6 4
m 1 1 7
m 1 0 5
m 2 7 4
m 3 4 0
m 4 3 1
m 4 6 3
q 4
m 5 2 0
m 5 4 5
m 1 0 3
m 2 5 4
q 2
m 3 3 1
m 4 1 0
m 5 0 3
m 5 8 1

