B 4 10 6 3
m 1 6 1
m 2 0 1
b 2
f 2
m 3 9 3
m 3 1 4
m 4 4 3
g 4 4 1
m 5 4 2
m 6 8 3
m 6 3 8
m 1 0 0
m 1 2 8
p
m 4 2 1
m 5 8 0
m 6 4 0
m 6 2 2
m 1 5 0
m 2 7 1
m 3 0 6
m 3 2 0
m 4 3 3
f 4
m 5 6 3
m 5 1 1
m 6 0 1
m 6 0 8
q 6
m 1 4 0
m 1 1 5
m 3 2 3
m 4 7 0
m 4 3 5
m 5 4 0
m 6 5 2
m 6 0 0
f 6
m 1 7 3
b 1
m 2 2 9
m 2 0 4
b 2
m 3 0 3
m 3 1 4
m 4 4 2
f 4
m 5 0 3
m 5 0 2
m 6 2 1
m 1 3 5
f 1
m 2 1 0
m 3 0 1
m 3 3 5
m 5 7 1
m 6 3 2
m 1 5 0
f 2
q 2
m 3 5 2
m 3 1 1
m 4 3 2
g 4 2 0
m 5 0 3
m 5 1 8
b 5
m 6 2 5
m 1 1 3
q 1
m 2 7 0
m 3 5 0
f 3
m 4 0 1
m 5 2 8
m 5 0 2
m 6 7 0
m 6 0 3
f 6
m 1 5 0
m 2 9 1
m 2 2 5
f 2
m 3 0 1
m 4 5 0
m 4 1 9
m 5 0 3
f 5
m 6 2 1
m 1 3 8
m 2 9 1
m 3 4 2
m 4 3 1
m 4 1 8
m 5 3 1
b 6
m 1 9 1
m 1 3 1
b 1
m 2 3 3
m 2 2 1
m 3 9 0
m 3 0 9
m 4 9 1
m 5 7 1
m 6 0 7
m 1 7 1
m 1 3 8
m 2 7 2
m 2 1 9
b 2
m 3 4 3
m 3 0 3
m 4 0 1
b 4
m 5 2 1
m 5 0 3
m 6 7 1
q 6
m 1 6 1
m 1 0 3
q 1
m 2 7 2
q 2
m 3 2 8
m 4 6 2
m 4 0 7
b 4
m 5 4 3
m 6 6 1
m 6 2 6
b 6
m 1 2 1
m 1 0 0
f 1
q 1
m 2 0 0
m 2 1 0

