B 7 8 3 10
m 1 3 3
m 1 0 5
m 3 6 3
m 3 4 1
m 1 7 4
m 1 2 5
m 2 0 7
m 3 1 3
m 3 4 3
g 3 5 2
m 1 4 5
m 1 5 2
m 2 0 3
m 3 0 3
m 3 6 1
m 1 5 2
b 1
f 1
m 2 6 4
m 2 4 2
f 2
m 3 2 3
q 3
m 1 7 6
m 1 3 6
b 1
g 1 4 6
m 2 6 0
m 3 7 1
m 3 2 7
m 1 3 6
b 1
m 2 2 1
m 3 6 5
m 3 4 3
m 1 1 5
m 1 1 4
m 2 3 1
m 2 0 0
m 3 2 2
m 1 0 2
m 2 6 2
g 2 7 2
m 3 5 5
q 3
m 1 6 4
m 2 6 2
m 3 0 5
f 3
m 1 2 4
m 1 6 1
b 1
f 1
m 2 6 7
m 2 4 1
m 3 1 5
m 1 7 1
m 1 6 2
m 2 3 5
f 2
m 3 4 0
p
m 1 1 1
m 1 3 4
m 2 2 3
m 2 5 3
f 2
m 3 4 0
m 3 0 1
m 1 1 1
m 1 3 3
b 1
f 2
m 3 0 5
b 3
m 1 4 4
m 1 0 0
m 2 1 4
m 3 6 0
m 3 0 1
f 3
p
m 1 7 5
m 3 5 2
f 3
m 1 2 1
m 1 0 1
m 2 7 3
m 2 1 7
m 3 4 5
p
q 1
m 2 2 3
f 2
p
m 1 4 6
m 1 6 6
m 2 6 7
m 3 6 0
b 3
m 1 0 7
m 2 6 2
g 3 7 1
m 1 7 4
m 1 6 5
q 1
m 2 0 1
m 2 5 2
b 2
p
g 3 5 3
p
m 1 2 3
q 1
f 2
q 2
m 3 2 0
p
m 1 1 5
m 1 2 0
m 2 3 5
m 2 6 0
b 2
m 3 6 1
m 1 6 0
m 1 1 1
m 3 2 6
m 1 6 7
m 1 3 3
m 2 1 0
p
m 3 3 5
m 3 5 5
m 1 4 0
q 1
m 2 5 3
b 2
m 3 0 1
m 3 4 7
m 1 4 7
m 2 0 5
m 3 2 1
m 3 3 2
m 1 0 7
m 2 2 1
m 3 2 1
m 1 6 5
m 2 6 4
q 2
m 3 3 5
f 3
q 3
m 1 2 1
m 2 4 6
m 3 1 6
m 1 6 0
m 2 3 6
m 2 4 1
m 3 4 5
m 3 2 4
m 1 7 5
m 1 2 2
f 2
q 2
m 3 5 5
m 1 0 5
m 2 6 5
m 2 2 2
m 3 2 1
m 3 5 5
b 3
m 1 0 5
m 2 1 6
b 2
m 3 4 0
q 3
p
m 1 4 5
m 1 1 6
m 2 4 5
m 3 6 3
m 1 7 5
m 1 3 4
m 2 4 5
q 2
m 3 4 0
m 1 4 0
m 1 1 3
g 1 7 2
m 2 7 3
m 3 0 3
m 3 3 1
m 1 7 3
m 1 0 5
m 2 3 6
m 2 0 3
f 2
m 3 0 5
m 3 1 0
m 1 3 5

