B 5 20 3 26
m 1 4 10
m 2 19 1
m 3 17 1
m 3 4 0
m 2 4 0
m 3 3 18
m 1 2 1
m 2 17 3
m 2 1 0
m 3 3 1
m 3 1 16
m 1 7 4
m 2 2 3
m 3 15 0
m 1 7 2
g 1 0 4
m 2 1 3
m 2 2 17
m 3 12 3
m 3 1 12
m 1 7 2
m 1 3 17
m 2 0 8
m 2 4 18
m 3 3 4
q 3
m 1 3 15
b 1
m 2 13 2
m 2 2 7
m 3 15 2
m 3 4 13
f 3
m 1 3 16
m 1 0 2
m 2 2 6
m 3 3 16
m 1 2 17
m 2 0 3
m 3 1 7
m 2 3 4
m 2 0 3
q 2
m 3 15 1
q 3
m 1 3 9
m 1 4 0
p
m 2 4 0
m 3 4 9
m 1 11 1
f 1
m 2 4 9
f 2
m 3 11 4
m 3 1 14
m 2 8 2
m 2 1 10
m 3 1 0
m 3 3 13
m 1 3 4
q 1
m 2 3 13
m 3 10 3
m 1 12 0
m 1 4 3
m 2 0 1
g 2 17 3
m 1 2 0
m 2 8 2
m 3 9 1
b 1
q 1
m 2 18 1
m 2 4 9
b 2
m 3 2 4
p
m 1 0 3
m 1 4 10
f 1
m 2 19 2
m 2 1 8
m 3 19 2
m 3 3 13
m 1 14 2
m 2 19 0
m 2 3 10
m 3 7 0
f 3
m 1 0 7
p
f 2
m 3 4 19
p
m 1 11 1
m 1 3 1
m 2 8 3
m 2 4 13
m 3 14 2
m 3 1 7
m 1 14 2
m 1 3 0
b 1
m 2 3 2
m 2 2 5
m 3 1 10
m 3 3 9
f 3
m 2 16 0
g 2 7 0
m 3 1 0
m 3 3 10
f 3
m 1 5 3
m 2 2 13
m 2 4 13
m 3 2 4
m 2 2 2
m 2 3 12
f 2
g 2 1 2
m 3 2 1
m 3 3 15
b 3
m 1 19 2
m 2 2 1
q 2
m 3 0 9
m 3 2 17
m 1 2 5
q 1
m 2 18 2
f 2
m 1 6 1
p
m 2 18 0
m 2 1 9
m 3 7 4
m 3 4 9
q 3
m 1 4 4
m 2 11 1
m 3 0 16
p
m 1 4 10
m 1 0 14
m 2 5 3
m 2 2 18
m 3 18 0
m 3 4 12
b 3
m 1 2 19
m 2 10 0
m 2 4 19
m 3 6 1
m 1 19 1
b 2
m 3 6 4
m 1 18 0
m 1 1 18
b 1
p
m 2 0 18
p
m 3 1 0
m 1 6 4
m 1 3 9
b 1
m 2 11 1
m 1 5 3
f 1
m 2 11 4
p
m 3 7 4
m 1 5 0
m 1 0 19
p
m 2 0 0
g 2 13 4
m 1 15 4
m 1 0 12
m 2 14 4
m 2 4 15
b 3
m 1 1 4
m 2 1 0
q 2
m 3 4 4
m 3 1 3
m 1 9 2
m 1 0 17
m 2 3 14
f 2
g 2 18 3
m 3 8 3
m 3 4 11
m 2 10 0
m 3 5 1
m 3 1 15
b 3
g 3 18 1
m 1 6 4
q 1
m 2 16 2
m 2 3 2
m 3 3 3
m 1 1 9
m 1 1 5
q 1
p
g 2 15 3
m 3 6 0
b 3
q 3
m 1 4 6
m 1 4 10
m 2 4 18
m 3 19 1
m 3 1 2
m 1 15 2
m 1 3 0
p
m 2 8 4
m 3 3 6
m 3 4 6
m 1 14 2
b 1
m 3 4 17
m 3 1 17
m 1 2 8
m 1 3 14
m 2 3 16
m 2 1 4
q 2
m 3 2 1
q 3
m 1 2 3
m 2 2 13
m 3 6 1
m 3 4 6
b 3
m 1 11 3
m 3 4 2
m 1 4 0
b 1
f 1
m 2 12 2
m 2 0 1
b 2
m 3 14 4
m 3 0 8
m 2 6 0
b 2
m 1 8 4
m 1 2 10
m 2 8 3
f 2
q 2
m 3 16 2
m 3 3 17
m 1 1 1
m 3 5 4
m 3 4 11
b 3
f 3
q 3
m 1 6 0
b 1
m 2 3 6
m 3 5 3
m 3 1 9
f 3
m 1 5 4
m 2 1 10
b 2
f 1
p
m 2 1 12
m 2 4 13
m 3 19 3
m 3 4 13
m 1 11 2
m 2 3 5
m 3 7 3
m 3 0 13
m 1 3 0
m 1 2 1
m 2 7 4
m 2 1 14
m 3 14 2
m 2 2 17
m 3 15 2
m 1 1 4
m 1 4 11
m 2 9 2
m 3 1 4
m 1 15 2
m 1 1 6
b 1
m 2 7 4
m 2 1 1
g 2 0 3
m 3 2 13
p
m 1 0 10
m 1 4 10
m 2 4 0
m 2 1 8
m 1 8 3
m 2 0 11
m 3 14 4
q 3
m 2 16 4
m 2 2 18
f 2
m 3 0 16
m 1 4 5
m 1 0 10
m 2 3 6
m 3 1 18
m 1 13 1
m 2 19 3
m 2 0 0
m 3 2 15
m 1 1 1
m 1 3 12
m 2 14 2
m 3 8 4
m 3 0 16
m 1 6 0
m 1 4 3
q 1
g 1 18 3
m 2 13 1
m 2 4 19

