B 19 11 4 57
m 1 8 13
m 1 17 5
q 1
m 2 12 1
m 3 5 18
m 3 3 4
p
m 4 7 15
m 4 8 7
m 1 2 10
q 1
m 2 0 9
m 3 9 1
m 3 5 3
m 4 18 7
m 4 3 5
q 4
m 1 10 12
m 2 1 0
m 2 6 2
q 3
m 4 6 8
m 4 12 2
m 1 3 6
m 2 4 6
m 2 4 1
f 2
m 3 18 4
m 4 9 10
m 4 14 0
m 1 4 2
b 1
m 2 2 18
m 2 0 1
m 3 17 3
m 3 11 3
m 4 3 6
m 4 10 4
m 1 2 1
m 3 9 16
m 3 8 8
q 3
m 1 1 7
m 2 10 4
m 3 4 14
m 4 6 10
m 4 10 7
g 4 2 6
m 1 2 5
m 1 0 3
m 2 11 3
m 3 8 14
m 3 16 1
m 4 6 5
m 1 7 12
m 2 1 15
m 2 2 6
m 3 5 0
m 3 9 9
m 4 3 3
m 4 2 2
m 1 10 17
f 1
m 2 4 17
m 2 1 8
m 3 5 10
m 3 6 0
m 4 1 8
m 2 1 18
m 3 2 11
m 3 13 2
b 3
m 4 4 9
m 1 7 13
p
f 3
q 3
p
m 4 9 1
m 4 5 7
m 1 6 8
m 1 17 3
m 2 6 4
m 2 7 7
m 3 9 10
m 3 9 5
m 4 10 11
m 1 3 10
b 1
q 1
m 2 0 4
m 2 12 8
m 3 9 15
m 3 17 9
m 4 5 16
m 1 0 12
m 2 17 9
m 2 4 6
m 3 2 2
m 3 4 6
q 3
m 4 4 6
m 4 16 4
m 1 10 7
q 2
m 3 6 0
m 3 3 9
m 1 3 1
m 1 9 2
m 2 8 0
m 2 2 8
m 3 4 11
m 4 15 10
m 1 5 1
m 1 11 2
m 2 10 18
m 2 10 6
q 2
m 3 8 11
m 3 12 0
m 4 14 7
m 1 0 2
m 1 11 3
m 2 4 8
m 3 16 0
f 3
m 4 13 3
m 1 10 11
b 1
q 1
m 2 3 9
m 2 7 8
q 3
m 4 2 15
m 1 9 15
m 1 6 2
m 2 4 1
b 2
f 2
m 3 6 18
m 3 6 3
m 4 10 4
q 4
m 1 4 5
m 2 2 9
b 2
m 3 0 2
m 4 8 0
m 1 9 14
q 1
m 2 2 18
q 2
m 3 15 10
m 4 9 16
m 1 18 5
m 2 15 3
m 2 10 5
b 2
m 3 6 17
m 4 7 3
m 4 11 8
m 1 4 14
m 1 11 10
m 2 4 8
q 2
m 3 0 9
f 3
b 4
m 1 13 4
m 1 6 5
f 1
m 2 1 6
m 2 14 7
m 3 2 15
m 3 10 10
m 4 5 16
m 4 18 4
m 1 4 4
m 1 1 5
m 2 0 15
q 2
m 3 13 4
f 3
m 4 0 6
m 4 8 6
m 1 9 11
m 2 6 8
m 2 13 2
m 3 2 16
m 3 13 6
m 4 9 9
m 1 5 8
f 1
m 2 3 4
m 2 11 4
m 3 3 0
m 3 7 7
m 4 2 15
m 1 10 8
f 1
m 2 4 15
q 2
m 3 9 16
m 3 14 0
m 1 0 4
q 1
m 2 7 13
p
m 4 1 11
m 4 4 7
f 4
m 1 18 1
q 1
m 2 8 9
m 2 3 10
m 3 9 18
m 3 17 1
m 4 4 1
m 4 10 7
m 1 7 0
m 2 11 9
m 3 3 18
m 3 5 6
m 4 4 14
m 1 9 10
m 2 14 2
m 3 4 5
m 4 1 6
m 4 11 8
m 1 9 18
m 2 12 7
p
m 3 10 7
m 3 8 8
m 4 3 14
m 4 12 0
f 4
m 1 1 15
g 1 1 9
m 3 4 7
m 3 3 2
m 4 11 7
f 4
m 1 1 8
g 1 0 12
m 2 2 3
q 2
p
m 3 10 3
m 3 10 5
m 4 9 9
m 4 7 10
q 4
m 1 1 6
p
m 2 9 13
p
m 3 8 9
m 4 6 9
m 4 15 4
m 1 9 15
m 1 10 10
m 2 13 9
m 3 1 10
m 3 7 10
f 3
m 4 17 3
m 1 15 0
m 2 5 14
m 2 11 0
m 3 12 3
b 3
m 4 8 17
m 4 13 7
f 4
m 2 6 12
m 2 8 6
b 2
m 3 5 0
m 3 10 1
m 4 16 10
m 1 8 9
m 1 16 7
m 2 9 14
m 3 2 7
q 3
m 4 5 10
m 1 1 9
m 1 6 5
f 1
q 1
m 2 2 7
m 2 7 5
b 2
m 3 10 17
m 3 16 5
m 1 1 14
f 1
m 2 1 4
m 4 7 0
m 4 8 7
b 4
g 1 10 1
m 2 3 18
m 2 2 1
q 2
m 3 2 5
m 3 10 0
m 4 9 10
m 4 8 8
m 1 6 7
m 2 6 16
m 2 14 10
b 2
m 3 9 16
m 3 9 8
m 4 5 11
m 4 7 9
m 1 17 10
m 2 4 12
m 3 3 18
m 3 11 4
b 3
m 4 10 4
b 4
f 4
m 1 5 12
m 1 12 1
p
m 2 2 3
m 3 1 11
m 3 16 2
m 4 17 3
m 4 2 6
b 4
m 1 7 3
m 1 8 8
m 2 4 14
m 2 13 10
g 2 8 11
m 3 9 16
m 3 4 1
m 4 4 8
m 4 3 6
g 4 8 12
m 1 8 14
m 2 5 15
m 3 9 10
m 4 10 8
m 4 1 7
m 1 5 13
b 1
m 2 1 1
m 3 4 9
m 4 2 8
m 4 0 9
f 4
m 1 0 5
m 1 8 6
m 2 9 10
m 2 6 4
m 3 1 0
m 3 7 1
m 4 7 5
m 1 9 18
m 1 13 4
g 1 2 16
m 2 6 14
m 2 11 6
g 2 7 5
m 3 2 15
m 3 4 5
m 4 5 12
m 4 1 9
f 4
m 1 10 12
m 1 10 8
m 2 1 11
m 2 12 2
m 3 0 13
m 3 17 6
q 3
m 4 6 16
m 4 0 8
q 4
m 1 8 16
m 1 15 0
m 2 1 3
m 3 10 12
m 3 9 10
f 3
m 4 9 5
q 4
m 1 1 3
m 2 5 4
m 2 17 1
f 2
b 3
q 3
m 4 5 5
m 4 2 3
m 1 10 8
m 2 9 14
m 2 1 3
m 3 12 3
q 3
m 4 8 7
m 4 13 7
m 1 3 4
m 1 7 0
m 2 3 14
m 3 2 7
m 3 9 3
m 4 0 2
m 1 9 14
f 1
m 2 3 16
m 2 8 2
m 3 15 5
g 3 7 6
m 4 3 4
m 2 2 18
m 2 10 1
b 2
m 3 12 10
b 3
q 3
m 4 7 15
m 1 12 1
m 1 5 0
m 2 6 14
m 2 17 2
m 3 12 9
f 3
m 4 7 17
b 4
m 1 0 2
m 1 12 5
g 1 0 3
m 2 10 18
m 2 15 9
f 3
m 4 0 4
q 4
m 1 13 9
g 1 8 1
m 2 2 7
m 3 1 15
m 4 0 4
m 4 18 1
b 4
m 1 5 14
m 1 2 5
p
m 4 10 18
m 1 2 7
m 2 7 3
m 2 12 8
m 3 11 6
m 4 11 9
b 4
f 4
m 2 2 7
m 2 0 0
b 2
q 2
q 3
m 4 9 5
b 4
q 4
m 1 3 1
m 1 9 6
g 1 4 10
m 2 10 18
m 3 1 8
q 3
m 4 6 1
q 4
m 1 13 5
b 1
m 2 7 3
m 2 18 2
p
m 3 1 13
q 3
g 3 4 10
m 4 6 7
m 1 10 9
m 1 3 4
m 2 8 10
m 3 9 14
m 3 18 6
b 3
m 4 7 3
m 4 17 6
m 1 4 8
m 2 0 18
m 2 0 1
m 3 7 3
m 4 8 16
m 4 16 7
m 1 8 14
m 2 6 12
m 2 7 4
m 3 5 6
m 4 3 14
p
m 2 8 17
m 2 6 2
m 3 12 0
m 1 4 5
f 1
m 2 3 8
m 2 18 2
m 3 2 7
f 3
m 4 1 8
b 4
q 4
m 1 1 10
b 1
m 2 17 5
m 2 6 8
m 3 10 18
m 4 14 6
b 4
q 4
m 1 0 10
m 3 10 1
m 4 2 4
m 1 2 15
m 1 9 8
p
m 2 0 10
m 3 8 15
m 3 16 4
m 4 8 15
b 4
m 1 1 2
m 2 7 2
m 3 10 8
m 3 15 9
b 3
m 4 9 14
m 4 11 4
m 1 10 3
b 1
m 2 10 18
m 3 2 2
m 3 5 5
b 3
q 3
m 4 4 17
m 4 18 1
m 2 6 15
m 2 7 3
m 3 0 9
m 3 13 7
m 4 3 8
g 4 5 9
m 1 7 17
m 1 9 4
b 1
m 2 5 8
m 2 18 4
m 3 10 18
m 3 3 0
m 1 9 14
m 1 17 8
m 2 0 2
m 2 13 0
m 3 15 3
m 4 5 11
m 1 8 16
m 2 0 4
m 3 5 14
b 3
m 4 6 12
m 4 5 7
p
m 1 7 0
m 1 18 2
q 1
m 2 12 6
m 3 14 4
m 3 8 4
m 4 2 5
m 4 16 9
m 1 2 15
m 1 14 7
m 2 1 9
b 2
f 3
m 4 18 4
m 4 16 1
m 1 15 9
m 1 3 6
m 2 9 18
m 2 2 8
m 3 7 3
m 3 11 3
m 4 1 15
m 4 5 5
m 1 6 6
m 1 2 1
m 2 0 9
m 2 2 8
m 3 2 5
m 4 7 15
m 1 16 4
m 2 4 12
m 2 7 10
m 3 18 8
g 3 7 6
m 4 9 14
f 4
m 1 0 2
m 1 16 1
f 1
m 2 13 2
m 3 17 10
m 4 5 11
m 1 10 4
m 2 0 4
q 2
m 3 3 8
f 3
q 3
g 3 0 13
m 4 5 5
m 4 3 4
m 1 7 9
m 1 3 9
b 1
m 2 3 16
m 3 9 18
p
m 4 17 6
m 1 7 0
m 1 12 1
q 1
m 2 9 5
m 2 17 2
q 2
m 3 3 10
m 4 5 8
m 4 9 2
b 4
p
m 1 3 16
q 1
m 2 18 5
m 2 9 7
m 3 1 15
q 3
m 4 6 15
q 4
m 1 4 10
m 2 6 4
m 3 0 8
m 3 3 9
b 4
m 1 7 17
m 2 4 12
b 2
m 3 10 6
q 3
m 4 5 8
b 4
m 1 6 3
m 2 10 18
b 2
m 3 5 1
m 1 11 3
m 1 3 10
m 2 13 7
m 3 3 3
m 3 16 9
b 3
p
m 4 12 1
m 4 16 4
m 1 10 18
m 1 11 1
m 2 4 10
q 2
g 2 2 17
m 3 17 1
b 3
m 4 3 7
m 4 12 10
m 1 4 0
m 1 5 1
m 2 1 14
m 3 17 7
m 3 1 1
m 4 16 6
m 4 4 8
m 1 2 10
m 1 17 2
f 1
m 2 9 18
m 3 5 5
m 4 7 0
m 4 10 1
m 1 0 17
b 1
f 1
m 2 2 5
q 2
m 3 9 5
m 3 5 0
m 4 0 9
m 4 5 6
m 1 16 1
m 2 3 4
m 2 6 2
m 3 0 2
m 3 13 3
m 4 8 15
m 4 6 2
b 4
m 1 11 3
m 2 4 12
m 2 15 2
m 3 0 18
m 3 2 6
f 3
p
m 4 9 3
m 1 9 10
m 1 2 3
f 1
m 2 7 5
m 2 15 9
m 3 5 14
m 4 13 5
m 4 7 1
m 1 3 8
p
m 2 5 1
m 3 6 15
f 4
m 1 9 18
m 2 7 15
m 2 2 1

