B 11 12 7 16
m 1 10 10
m 1 6 4
b 1
m 2 1 6
f 2
q 2
m 3 11 5
f 3
m 4 3 10
m 5 11 1
m 5 5 2
m 6 10 4
m 7 0 10
m 7 10 9
q 7
m 1 5 0
m 1 2 7
m 2 6 5
p
m 3 3 6
p
m 4 10 2
m 4 5 5
f 4
q 4
g 4 2 5
m 5 6 10
m 5 3 6
b 6
m 7 11 1
m 1 2 11
m 2 4 7
m 2 3 11
m 3 2 6
m 3 1 10
f 3
m 4 7 2
m 5 6 4
m 6 2 7
m 6 4 11
f 6
m 7 5 10
m 1 10 2
m 2 2 0
m 2 5 10
q 2
g 2 6 3
m 3 1 6
b 3
m 4 6 9
m 4 4 2
b 4
m 5 10 10
p
m 7 3 3
m 7 10 1
m 1 3 0
m 2 6 9
q 2
m 3 8 3
m 5 3 8
m 6 9 2
f 7
m 1 4 3
m 1 7 5
m 2 9 7
m 2 8 1
m 3 5 1
m 3 7 11
m 4 4 0
m 5 2 7
m 5 5 8
m 7 3 9
m 7 4 11
m 1 8 2
q 1
m 2 1 0
m 2 3 8
q 2
m 3 1 3
f 3
m 4 9 2
m 5 1 9
m 5 0 6
m 6 7 0
m 6 4 7
m 7 8 8
m 7 3 2
m 1 10 5
m 2 1 6
m 2 1 2
m 3 1 6
m 4 2 5
m 4 7 5
m 5 6 8
m 6 8 2
q 6
m 7 3 5
m 1 1 3
q 1
m 2 8 11
m 2 9 4
m 3 7 5
m 4 6 10
m 5 8 5
b 5
m 6 6 9
m 6 3 6
m 7 0 0
m 7 8 8
p
m 1 7 7
m 3 3 9
m 4 2 2
m 4 0 5
b 4
m 6 11 0
m 7 8 7
m 7 10 2
m 1 4 2
m 1 2 11
m 2 3 7
f 2
p
m 3 0 9
m 3 1 2
m 4 1 7
m 4 5 7
b 4
m 5 4 1
m 6 1 3
b 6
m 7 10 3
m 7 9 1
m 1 1 3
m 1 1 8
m 2 6 7
m 2 0 6
m 3 10 2
m 3 0 4
m 4 11 6
m 4 5 10
m 5 7 9
q 5
m 6 9 9
m 7 5 9
m 1 0 10
m 1 9 3
m 2 4 7
m 3 2 3
m 3 6 11
m 5 6 9
m 6 9 9
m 6 0 3
m 7 4 7
m 7 2 1
m 1 4 1
m 3 9 5
b 3
f 3
q 3
m 4 8 10
m 4 4 4
m 5 7 2
m 5 6 5
m 6 11 1
m 6 5 2
m 7 10 10
m 1 1 6
m 1 10 11
m 3 8 8
m 4 9 1
m 5 10 7
m 6 8 7
m 6 4 8
m 7 1 6
m 7 0 11
m 1 9 4
m 1 0 6
m 2 7 7
m 3 6 10
m 3 9 11
m 5 3 6
m 5 10 6
q 5
m 6 3 7
m 7 1 3
m 7 0 9
q 7
m 1 6 5
m 1 7 11
m 2 3 7
m 3 6 6
m 3 5 7
p
m 4 2 6
b 4
f 4
m 5 5 8
m 6 10 2
m 6 0 10
m 7 6 7
m 1 11 1
m 3 0 11
b 3
f 3
m 4 11 1
m 4 7 2
b 4
m 5 8 2
m 6 6 8
m 6 0 3
q 6
m 7 5 4
m 1 4 7
m 1 7 4
q 1
p
m 2 11 5
b 2
m 3 6 0
m 4 3 0
m 4 8 0
g 4 2 9
m 5 3 5
q 5
m 6 11 1
m 7 10 7
m 7 1 6
m 1 1 4
f 1
p
m 2 4 1
b 2
m 3 11 5
m 4 8 7
m 4 8 5
q 4
m 5 9 2
m 6 3 7
m 7 1 0
m 7 8 4
m 1 3 6
m 2 2 4
m 2 8 1
m 3 7 9
m 3 3 3
m 4 7 11
b 4
m 5 2 0
b 5
m 7 1 0
m 7 5 6
m 1 2 6
m 2 7 1
m 2 6 7
m 3 5 4
m 3 9 7
f 3
m 4 1 0
m 4 0 3
f 4
m 5 9 8
m 5 2 6
m 6 6 8
b 6
m 7 8 4
m 7 4 3
m 1 7 4
m 1 10 0
f 1
p
m 2 10 9
b 2
q 2
m 3 1 9
m 3 3 3
m 5 4 1
q 5
p
m 6 6 8
m 7 6 6
m 7 7 2
p
m 1 8 10
m 2 8 2
f 2
p
m 3 4 7
m 4 11 5
b 4
q 4
m 5 9 2
m 5 10 11
q 5
m 6 7 0
m 7 4 0
m 7 2 9
p
m 1 9 4
m 2 9 4
b 2
m 3 5 1
m 3 9 11
m 4 7 4
m 5 4 7
m 5 3 1
m 6 2 9
m 1 9 2
f 1
g 1 6 1
m 2 0 9
g 2 5 2
m 3 8 7
m 4 2 6
g 4 2 8
m 5 4 3
m 6 1 0
m 6 10 2
m 7 1 6
b 7
m 1 9 8
m 1 6 6
m 2 10 9
m 2 2 5
m 3 5 4
m 3 1 11
q 3
m 5 5 6
m 5 6 1
m 6 8 8
m 6 4 4
m 7 5 1
m 7 8 8
m 1 0 9
m 1 5 11
m 2 10 9
m 3 8 5
m 3 10 5
f 3
m 4 4 2
f 4
f 5
q 5
p
m 6 7 8
m 7 6 4
m 1 0 7
m 2 8 7
p
m 3 3 7
m 4 1 2
m 5 2 6
f 5
m 6 10 4
m 7 3 6
m 7 4 9
m 1 8 2
b 1
m 2 2 6
m 3 9 8
m 4 10 4
m 4 8 0
m 5 4 3
m 5 6 7
m 6 4 3
m 6 5 9
b 6
m 7 1 1
m 1 5 1
q 1
m 2 0 9
m 4 7 8
m 5 3 6
m 5 0 3
q 5
m 7 6 1
m 1 10 4
m 1 3 8
q 1
m 2 0 2
m 2 5 8
m 3 0 9
m 3 7 7
p
m 4 2 11
m 4 6 2
b 4
m 5 10 4
m 6 3 7
m 6 1 2
m 7 5 4
g 7 10 1
m 1 3 7
m 2 6 7
m 2 0 11
q 2
m 3 5 1
b 3
m 4 8 2
m 4 1 8
m 5 5 4
m 5 1 5
m 6 6 7
m 7 0 9
b 1
m 2 9 4
m 2 5 2
p
m 3 10 2
m 4 5 4
m 4 5 10
m 5 8 0
m 5 1 10
m 6 5 0
b 6
m 7 9 9
m 7 8 10
m 1 3 7
g 1 2 9
m 2 5 5
m 2 8 8
m 4 10 4
m 4 0 3
f 4
m 5 3 5
m 6 8 0
m 6 6 2
f 6
m 7 8 2
m 7 6 8
m 1 5 8
m 2 4 4
m 3 8 0
m 3 2 7
p
m 4 6 9
m 5 3 7
b 5
m 6 4 3
b 6
f 6
m 7 4 8
m 1 6 8
m 1 6 6
b 1
m 2 2 6
m 2 8 7
m 4 6 4
m 5 10 4
m 5 6 1
f 5
f 6
q 6
m 7 10 7
m 7 4 11
m 2 10 9
m 2 1 7
m 4 6 7
m 4 0 5
m 5 1 11
m 5 5 11

