B 7 5 2 14
m 1 1 2
m 1 2 4
b 1
m 2 5 1
m 2 4 4
q 2
m 1 0 1
f 1
m 2 3 0
m 1 0 4
m 1 4 0
f 1
q 1
g 1 1 5
m 2 5 4
q 2
m 1 3 6
m 1 1 0
m 2 3 4
b 2
p
m 1 0 0
m 1 3 3
f 1
q 1
m 2 3 0
f 2
m 1 2 3
m 2 5 3
m 2 5 4
m 1 1 6
m 2 5 1
m 2 5 4
m 1 1 3
m 1 5 0
m 2 6 3
m 1 3 3
m 1 3 2
m 2 6 0
q 2
m 1 1 1
m 1 6 4
m 2 6 2
m 2 5 1
m 1 1 4
m 2 1 6
m 2 1 3
m 1 4 1
p
m 2 3 4
m 2 4 3
m 1 0 2
m 1 2 1
m 2 0 0
m 1 1 3
m 1 0 4
b 1
m 2 2 4
m 1 0 2
m 1 2 4
m 2 1 3
m 2 3 0
m 1 1 3
f 1
m 2 2 5
m 2 3 1
m 1 2 5
m 1 5 3
m 2 3 0
m 2 2 4
p
m 1 2 4
m 2 2 4
m 2 1 4
m 1 1 1
m 2 4 4
m 2 1 2
m 1 2 3
q 1
m 2 1 6
m 1 3 0
m 2 0 2
m 2 4 1
m 1 4 0
m 2 2 0
m 1 1 1
q 1
m 2 2 0
m 2 3 0
q 2
m 2 4 0
m 2 0 2
q 2
m 1 3 2
m 1 4 3
m 2 2 4
m 2 5 2
m 1 5 1
m 2 3 0
m 1 2 1
m 1 0 2
b 1
q 1
m 2 1 6
m 1 2 1
m 1 5 1
b 1
m 2 2 4
m 2 6 4
f 2
m 1 5 4
m 1 6 2
m 2 1 3
m 1 4 3
b 1
m 2 6 3
b 2
m 1 2 3
m 1 0 1
q 1
m 2 1 6
m 2 5 2
b 2
m 1 6 4
p
m 2 2 3
q 2
m 1 3 0
m 1 0 1
m 2 0 0
q 2
m 1 5 4
f 2
q 2

