B 4 7 3 3
m 1 2 0
q 1
m 2 6 2
m 2 2 6
m 3 6 1
f 3
g 3 0 2
p
m 1 6 0
m 2 4 0
m 2 1 4
m 3 2 3
m 1 0 3
m 2 1 3
q 2
m 1 1 0
f 1
m 2 0 0
b 2
m 3 3 0
m 1 1 1
m 2 5 1
m 2 1 5
m 3 2 2
f 3
m 1 3 3
m 1 2 2
q 1
g 1 6 2
m 2 6 0
f 2
m 3 2 6
m 3 3 1
b 3
m 1 1 0
m 1 2 5
m 2 5 3
m 3 4 2
g 3 0 1
m 1 1 6
m 2 1 6
b 2
m 3 1 4
q 3
m 1 3 2
m 2 6 3
m 2 2 1
f 2
m 3 5 2
m 1 0 1
m 1 2 1
b 1
q 1
m 2 2 0
m 2 3 5
m 3 5 0
m 1 4 3
m 2 0 2
m 2 3 1
m 3 4 0
b 3
m 1 2 0
m 2 5 3
m 3 0 0
m 1 1 6
m 2 4 2
m 3 5 3
m 3 1 3
m 1 6 0
m 2 6 3
m 2 0 3
m 3 0 2
p
m 1 5 2
m 1 3 2
m 2 6 3
b 2
m 3 1 2
m 3 2 4
m 1 0 2
m 1 2 3
m 2 5 0
m 2 0 2
m 3 5 0
q 3
m 1 3 6
m 2 6 0
b 2
m 3 0 3
m 1 5 3
m 1 3 0
m 3 2 4
m 1 2 1
m 1 0 0
m 2 1 4
m 2 3 0

