B 9 7 6 5
m 1 4 8
m 2 2 3
m 2 7 2
m 3 1 2
p
m 4 2 0
f 4
m 5 8 3
m 5 7 3
m 6 6 5
m 6 4 1
m 1 0 7
m 1 0 5
m 2 1 6
m 3 1 7
m 3 8 0
m 4 5 1
m 5 5 2
m 5 1 0
f 5
m 6 3 1
b 6
m 1 6 5
m 2 1 8
m 3 0 5
m 4 2 2
m 5 4 6
f 5
g 5 0 2
m 6 4 4
m 1 2 6
m 1 5 1
g 1 1 3
m 2 2 3
m 2 0 4
q 2
m 3 5 1
m 4 8 2
m 5 4 5
m 5 7 6
m 6 5 3
m 1 5 7
m 2 4 6
m 2 5 2
m 3 1 7
m 4 5 8
m 5 4 6
m 6 3 6
m 1 0 5
m 2 5 1
m 2 0 4
f 2
m 4 5 3
m 5 7 1
m 6 4 8
m 1 4 1
m 2 3 3
m 3 4 2
m 3 0 6
m 4 2 0
m 4 7 2
m 5 2 6
m 6 1 8
m 1 0 0
m 2 1 3
m 3 2 2
m 3 1 1
m 4 2 4
m 4 2 6
q 4
m 5 6 1
m 5 1 2
m 6 3 3
m 6 5 1
m 1 0 6
m 1 0 4
m 2 0 7
b 2
f 2
p
m 5 6 5
f 5
m 6 1 2
f 6
q 6
m 1 2 0
m 2 0 4
g 2 2 1
m 3 4 7
m 4 8 6
m 4 0 5
b 4
m 5 4 1
m 5 6 4
m 6 2 1
m 6 7 6
m 1 5 8
m 2 2 0
m 3 3 4
m 3 1 1
m 4 7 5
m 5 4 5
b 5
m 6 7 6
m 6 3 0
m 2 0 6
m 3 4 5
b 3
m 4 4 3
m 5 5 3
m 5 1 2
m 6 5 3
m 6 8 2
b 6
f 6
m 1 0 6
m 1 5 1
m 2 1 8
q 2
m 3 1 6
m 4 3 6
m 5 0 6
m 6 0 7
p
m 1 1 5
m 2 4 5
m 2 3 5
p
m 3 0 6
m 3 0 2
f 3
m 4 7 2
m 4 6 3
b 4
m 5 6 0
b 5
m 6 1 6
m 6 6 6
m 1 6 1
m 2 0 3
f 2
m 3 3 6
m 3 1 1
m 4 1 4
m 5 7 0
b 5
m 6 5 1
b 6
m 1 4 6
m 2 6 8
q 2
m 3 4 6
m 3 7 3
m 4 2 6
m 5 6 5
m 5 1 3
m 6 1 0
m 6 3 5
g 6 3 7
m 1 6 4
m 2 1 8
f 2
m 3 6 6
m 4 8 1
m 5 7 2
m 5 1 5
m 6 2 3
q 1
g 1 5 6
m 2 2 6
b 2
m 4 5 5
m 4 0 4
b 4
m 6 4 7
m 6 0 4
m 1 3 2
p
m 2 0 7
m 3 6 6
m 4 6 6
m 5 2 3
m 6 4 5
m 1 5 0
f 1
p
m 2 2 3
m 3 3 4
m 4 7 5
m 4 5 5
m 5 4 4
b 5
m 6 5 7
m 1 5 2
m 1 0 0
b 1
m 2 5 7
m 2 4 4
g 2 0 1
m 3 0 4
m 3 5 0
m 4 4 7
m 4 6 6
m 5 4 2
m 6 2 2
b 6
q 6

