B 9 7 3 17
m 1 3 0
m 1 0 4
m 2 5 2
m 3 4 4
m 1 3 6
m 1 5 1
m 2 6 2
m 2 4 1
m 3 4 5
q 3
m 1 6 5
m 1 4 3
m 2 8 4
m 3 1 3
m 3 5 0
m 1 2 8
m 1 5 1
m 2 5 0
m 3 6 5
m 3 2 5
f 3
m 1 6 7
m 2 2 4
b 2
f 2
m 3 1 6
m 3 0 3
m 1 3 5
m 1 8 0
q 1
m 2 0 6
m 3 3 5
m 1 4 1
m 1 2 5
f 1
m 2 5 6
m 2 1 2
b 2
m 3 5 1
m 3 1 3
p
m 1 8 0
m 2 6 6
m 2 5 1
m 1 1 3
m 2 1 3
m 2 3 2
q 2
m 3 4 4
m 3 0 2
m 1 3 3
m 1 2 2
q 1
m 2 5 6
m 2 1 2
m 1 6 2
m 1 8 1
m 3 2 7
m 3 6 3
b 3
m 1 2 3
m 1 8 0
m 2 1 2
m 3 6 4
q 3
m 1 5 0
m 2 6 7
m 3 0 0
m 3 5 4
m 1 5 0
m 1 4 6
m 2 8 6
m 2 5 3
f 2
m 3 6 0
m 1 8 5
m 1 7 6
m 2 7 0
m 3 2 4
b 1
m 2 1 0
m 3 0 3
m 3 1 0
f 3
m 2 2 4
m 3 5 7
m 3 7 0
m 1 4 1
m 1 4 1
m 2 0 6
m 2 6 6
b 2
m 3 2 7
m 1 5 7
m 1 1 4
m 2 0 0
m 2 1 2
m 3 5 0
m 3 1 6
m 1 2 4
b 1
m 2 0 0
m 2 7 5
m 3 5 0
m 1 4 7
m 1 8 1
m 2 1 0
b 2
f 2
m 3 3 8
m 3 8 2
m 1 5 5
m 2 1 1
m 3 4 7
m 3 7 2
q 3
m 1 0 4
m 1 8 4
b 1
m 2 6 2
m 2 4 0
m 3 8 3
m 3 1 5
b 3
m 1 1 2
g 2 3 6
m 3 1 0
m 3 3 5
m 1 0 3
m 2 6 2
m 3 3 7
m 3 3 2
m 1 6 2
m 2 3 4
p
m 3 5 0
m 1 1 2
m 1 4 5
f 2
q 2
m 3 2 5
m 3 6 2
m 1 0 4
f 1
m 2 5 3
m 2 4 3
m 3 8 4
m 1 0 2
m 1 1 3
m 2 4 7
g 2 1 8
m 3 8 4
m 3 2 4
m 1 1 7
m 1 1 2
b 1
m 2 4 7
m 3 0 2
m 1 1 0
m 1 2 4
m 2 1 2
m 3 3 7
m 3 0 5
m 1 4 7
m 1 8 1
m 2 6 2
m 3 1 6
m 3 4 6
m 1 8 3
m 2 0 2
m 3 4 7
m 3 0 6
f 3
q 3
m 1 3 4
g 2 6 7
m 3 5 2
m 3 3 0
f 3
m 1 1 3
m 1 0 5
m 2 1 0
m 3 2 4
m 3 8 1
b 3
m 1 0 3
m 1 0 1
m 2 1 7
m 2 3 5
q 2
q 3
p
m 1 0 0
m 1 3 6
m 2 3 0
m 3 3 3
m 1 0 2
f 1
m 2 3 4
m 3 1 1
m 3 2 6
b 3
m 1 4 7
m 2 3 7
m 2 3 6
f 2
m 3 4 2
m 3 6 1
m 1 1 2
f 1
m 2 6 6
q 2
m 3 3 7
m 3 7 1
m 1 3 7
m 1 0 3
m 2 4 7
f 2
m 3 4 7
q 3
m 1 3 7
m 1 6 6
m 2 4 7
q 2
m 3 1 3

