B 9 6 2 6
m 1 5 1
m 1 0 4
b 1
m 2 3 8
m 2 0 2
m 1 0 1
m 1 5 2
m 2 8 5
m 2 2 5
m 1 0 2
g 1 5 2
m 2 5 6
m 2 2 5
f 2
m 1 3 1
m 1 1 2
m 2 0 8
m 2 6 1
m 2 4 3
p
m 1 6 3
m 1 6 5
b 2
q 2
m 1 3 0
m 1 4 3
m 2 5 0
m 2 4 1
m 1 5 7
m 1 7 2
m 2 5 7
m 2 1 4
p
m 1 4 1
m 2 2 8
p
f 1
q 1
m 2 0 7
f 2
m 1 2 4
m 1 2 5
p
m 2 8 0
m 2 2 5
m 1 2 8
m 2 5 7
q 2
m 1 4 4
b 1
m 2 4 1
m 2 4 7
m 2 3 4
b 2
m 1 8 5
m 1 1 4
m 2 3 5
m 2 1 3
m 1 1 1
m 1 3 0
p
f 2
m 1 1 2
m 2 5 1
m 1 4 7
m 1 0 1
m 2 5 2
m 1 0 4
m 1 2 4
q 1
m 2 4 5
m 2 6 4
m 1 0 0
m 1 0 0
b 1
m 2 0 2
f 2
m 1 5 1
m 1 5 2
m 2 5 6
m 2 5 3
m 1 2 2
m 1 1 1
f 1
m 2 0 2
m 2 3 0
m 1 8 4
m 1 6 1
g 1 5 8
m 2 0 7
m 2 0 4
m 2 3 7
m 2 6 5
m 1 2 7
m 1 0 0
m 2 3 8
m 1 1 0
m 2 2 8
m 2 1 3
m 1 0 8
p
m 2 0 5
m 2 6 0
m 1 2 3
m 2 2 0
m 1 2 6
m 1 4 0
g 1 0 2
m 2 3 1
m 2 2 4
m 1 2 7
m 1 5 3
b 1
f 1
m 2 5 4
q 2
m 1 8 3
m 2 8 3
m 2 0 0
m 1 3 1
q 1
m 2 4 4
m 2 1 1
q 2
p
m 1 2 1
m 2 7 2
q 2
g 1 0 2
m 2 3 3
m 2 7 4
m 1 5 0
m 2 0 8
m 2 0 0
f 2
m 2 4 2
m 1 3 7
m 1 5 4
m 2 2 6
m 2 1 0
m 1 3 0
m 1 2 4
q 1
m 2 5 1
m 2 8 2
m 1 7 5
m 1 8 3
g 1 3 3
m 2 0 8
m 2 6 3
m 1 0 7
m 1 3 1
m 2 0 8
m 1 1 4
q 1
m 2 7 0
m 1 7 3
b 1
q 1
m 2 5 0
m 2 1 0
b 2
m 1 5 6
m 1 6 1
m 2 8 1
m 2 4 5
m 1 6 2
m 1 1 4
b 1
q 1
g 1 3 3
m 2 5 6
m 2 6 2
f 2
m 1 4 6
f 1
m 2 3 1
m 2 1 2
m 1 5 6
m 1 8 2
m 2 0 5
m 2 3 5
m 1 5 5
m 2 2 3
m 2 1 1
f 2
m 1 5 0
q 1
g 1 0 2
m 2 8 5
m 2 8 0
b 2
m 1 5 6
m 1 1 0
m 2 5 0
g 2 1 3
m 2 4 2
m 1 6 2
m 2 4 3
q 2
m 1 4 6
m 2 2 5
m 1 5 1
m 2 1 7
m 2 6 1

