B 5 4 3 6
m 1 1 3
m 2 3 4
m 3 3 1
m 3 0 1
m 1 2 3
m 1 2 1
f 1
m 2 0 2
m 3 4 3
m 1 1 1
p
m 2 3 3
b 2
q 2
g 2 3 1
m 3 0 3
m 3 3 3
m 1 2 3
m 2 0 3
q 2
m 3 2 0
m 1 1 4
m 1 3 2
m 2 3 1
m 2 1 3
m 3 0 3
m 1 0 3
m 1 2 1
m 2 0 3
m 2 2 2
f 2
m 3 0 0
m 1 1 4
p
m 2 4 0
m 3 0 3
m 1 0 3
m 2 0 3
m 3 2 1
m 3 1 3
m 1 0 1
m 2 0 0
f 2
g 2 1 0
m 3 2 4
m 3 1 1
m 1 2 1
m 1 4 2
m 2 0 3
m 3 1 4
m 3 1 1
q 3
m 1 1 0
m 1 3 3
m 2 4 0
m 2 1 0
p
m 3 2 1
m 1 1 2
m 1 4 3
m 2 1 4
m 2 0 2
b 2
f 2
m 3 0 3
m 3 1 1
b 3
m 1 1 1
p
m 2 0 3
m 2 3 2
m 1 0 3

