B 4 8 6 4
m 1 0 3
m 2 2 3
m 3 5 1
m 5 1 2
m 5 3 2
p
m 6 1 2
m 1 1 7
m 1 3 2
m 2 1 1
g 3 2 3
m 4 3 1
m 4 1 4
m 5 4 0
m 5 3 0
m 6 0 2
q 6
m 1 7 3
m 2 6 3
m 2 2 7
q 2
m 3 2 1
m 3 1 5
m 4 0 6
q 4
m 5 3 7
f 5
m 6 4 2
m 6 2 4
b 6
m 1 6 1
m 2 3 6
f 2
m 3 7 0
p
m 4 3 1
m 4 0 4
q 4
p
m 5 1 1
q 5
m 6 1 3
m 6 1 4
m 1 1 4
m 2 2 7
m 3 1 5
m 3 3 4
m 4 1 6
m 5 5 3
q 5
m 6 3 6
m 1 7 0
m 2 0 1
m 3 5 0
m 3 1 7
m 4 0 6
m 5 1 1
m 6 0 0
f 6
m 1 0 1
m 1 0 2
m 2 2 5
m 2 0 6
m 3 0 0
f 3
m 4 0 4
m 5 3 4
m 6 1 5
m 6 1 7
b 6
m 1 0 2
m 1 0 3
m 2 3 6
m 2 2 3
f 2
m 3 0 2
m 3 1 7
m 4 5 3
m 5 3 3
m 6 2 2
m 1 1 3
m 1 1 5
m 2 5 3
m 2 2 3
m 3 0 1
m 3 3 7
m 4 2 6
m 4 2 6
p
m 5 0 2
m 5 2 1
q 5
m 6 1 1
m 6 2 7
m 1 5 3
q 1
m 2 0 2
m 2 1 0
m 3 0 2
m 3 1 7
m 4 5 0
p
m 5 2 6
b 5
m 6 3 7
m 6 0 2
m 1 2 2
p
m 2 7 0
m 2 2 4
b 2
m 3 0 2
q 3
m 4 5 0

