B 18 4 6 6
m 2 11 0
m 3 14 2
p
m 4 2 12
m 4 17 1
m 5 0 2
m 5 2 0
m 6 2 4
m 6 1 1
g 6 0 11
m 1 0 5
q 1
m 2 5 2
m 3 2 1
m 4 3 13
m 4 5 2
m 5 3 2
m 6 3 10
m 1 1 4
q 1
m 2 3 15
m 2 14 1
f 2
m 3 2 15
m 3 8 0
m 4 14 3
p
m 5 6 0
m 5 14 2
m 6 4 3
m 1 3 12
m 2 2 12
m 2 13 2
m 3 2 17
m 3 1 1
m 4 5 1
m 5 3 0
m 5 16 2
q 5
m 6 3 17
q 6
m 1 2 8
m 2 3 9
b 2
m 3 13 1
m 4 2 4
m 5 1 11
m 6 0 17
b 6
m 1 15 0
m 1 0 0
m 2 9 0
g 2 3 12
m 3 11 1
m 3 0 3
m 5 0 17
m 5 6 0
m 6 10 0
b 6
q 6
q 1
m 2 13 2
m 2 10 0
m 3 0 14
m 3 13 0
m 4 1 15
m 4 15 0
m 5 3 6
m 5 12 2
m 6 12 0
m 6 5 3
m 1 3 8
f 1
m 2 1 8
m 2 3 1
b 2
m 3 3 2
m 4 7 0
m 4 11 2
m 5 3 6
m 5 14 0
m 6 3 10
m 1 1 15
m 1 17 3
m 2 5 2
m 2 17 3
m 3 3 12
m 4 0 5
m 4 11 0
m 5 10 0
m 5 14 0
q 5
m 6 1 6
m 6 16 2
m 1 6 0
m 1 15 1
m 2 3 1
m 2 5 2
m 3 6 1
m 4 15 1
m 6 3 6
m 6 5 3
m 1 2 3
m 1 7 2
p
m 3 2 1
m 3 3 1
m 4 2 1
m 4 10 0
g 4 0 10
m 5 2 2
m 5 12 3
f 5
m 6 17 1
m 6 1 2
m 1 1 0
m 1 5 3
q 1
m 2 3 3
m 3 0 5
m 3 10 2
m 4 1 9
m 4 1 3
m 5 0 17
m 6 12 3
p
m 1 17 3
q 1
m 2 2 10
m 2 12 0
m 3 1 9
m 4 0 14
m 5 1 3
m 5 6 0
m 6 3 8
m 1 2 17
f 1
m 2 0 5
m 3 1 16
f 3
m 4 3 13
m 4 12 2
m 5 4 0
m 5 17 3
m 6 3 3
m 6 5 0
m 1 3 6
m 1 9 3
m 2 11 3
m 2 10 2
m 3 3 13
m 3 3 3
m 4 0 16
m 4 7 2
q 4
m 5 2 6
m 5 0 0
m 6 12 1
m 1 5 1
m 2 2 6
m 3 0 14
m 3 4 1
m 4 3 6
m 5 0 16
m 5 2 2
m 6 3 13
m 1 8 3
m 2 0 1
b 2
q 2
m 3 6 0
f 3
m 4 12 1
m 4 1 2
m 5 11 0
m 5 7 3
m 6 2 6
p
m 1 1 6
m 2 1 10
b 2
m 3 0 16
m 3 7 3
q 3
m 4 2 8
m 4 14 0
q 4
m 5 0 17
m 5 2 0
f 5
m 6 2 15
m 1 0 3
m 1 3 2
b 1
m 2 1 16
m 2 16 0
m 3 13 3
m 4 16 3
m 5 7 0
m 6 3 11
m 6 8 2
m 1 3 13
m 2 1 0
m 2 2 3
b 2
m 3 3 13
m 4 2 17
m 5 3 6
m 6 14 3
m 6 12 3
m 1 1 0
m 1 0 2
m 2 1 10
m 2 4 3
p
m 3 0 14
m 1 3 10
q 1
m 2 0 17
m 2 14 2
m 3 3 16
m 3 5 3
m 4 1 8
f 4
g 4 0 15
m 5 6 1
m 6 3 15
q 6
m 1 11 1
m 1 5 3
m 2 1 8
b 2
m 3 3 16
m 3 6 3
m 4 6 1
m 5 2 10
m 5 2 0
m 6 2 9
p
m 1 3 10
m 1 4 0
m 2 2 6
f 2
q 2
m 3 15 2
m 4 0 17
b 4
m 5 1 0
m 5 8 2
m 6 3 13

