B 6 6 5 5
m 1 3 1
m 1 1 5
m 2 1 5
m 2 3 3
m 3 1 5
m 4 3 1
m 4 3 0
m 5 3 0
m 5 5 0
m 1 2 1
m 1 3 2
b 1
m 2 3 1
m 2 4 3
m 3 4 5
m 4 1 4
m 4 0 3
m 5 3 3
m 1 1 1
m 2 5 3
f 2
m 3 1 4
m 3 2 2
q 3
p
m 4 2 4
m 5 3 2
m 1 1 4
m 1 5 5
q 1
m 2 0 5
m 3 4 5
m 3 5 5
f 3
m 4 1 4
m 4 0 3
m 5 0 2
m 1 5 4
m 1 4 3
m 2 0 5
m 2 3 1
m 3 2 5
m 3 5 3
m 4 0 0
m 5 2 1
m 5 0 0
m 1 1 3
f 1
m 2 5 4
m 3 2 2
m 3 3 1
f 3
m 4 2 5
f 4
m 5 1 0
m 5 2 5
b 5
m 1 1 0
m 1 1 5
m 2 0 3
m 3 4 4
m 4 0 4
m 4 0 1
m 1 4 3
m 1 0 5
p
m 3 2 1
m 3 5 1
b 3
m 4 4 2
m 5 3 5
p
m 1 5 3
m 1 3 3
m 2 3 1
m 3 0 2
m 3 5 4
q 3
m 4 2 0
m 4 3 1
q 4
m 5 5 2
q 5
m 1 1 4
m 1 3 1
m 2 4 0
m 2 5 4
m 3 2 1
m 4 4 3
m 4 5 2
m 5 2 1
m 5 2 1
m 1 3 2
m 1 0 0
f 1
m 2 0 1
m 2 4 3
p
m 3 2 2
p
m 4 1 4
m 4 0 1
m 5 2 1
m 1 4 2
m 1 1 1
m 2 3 2
m 3 0 4
q 3
m 4 2 1
q 4
m 5 3 4
b 5
m 1 1 4
m 1 0 4
m 2 1 2
m 2 0 4
q 2
m 3 1 4
m 3 5 4
m 4 1 4
m 4 0 3
m 5 1 4
m 1 3 2
m 2 1 2
b 2
f 3
m 4 1 5
m 4 5 1
m 5 1 2
p
m 1 3 2
q 1
g 1 2 1
m 2 3 2
m 2 0 0

