B 9 10 6 10
m 1 7 3
m 1 2 8
m 2 5 7
m 2 8 4
m 3 3 5
m 3 6 7
f 3
m 4 0 6
m 4 2 2
m 5 1 6
m 6 0 5
m 1 2 4
m 1 2 7
m 2 0 7
m 2 5 4
m 3 8 0
m 3 0 2
m 4 8 0
b 4
p
m 5 5 7
f 5
m 6 5 8
m 6 1 9
g 6 9 2
m 1 7 7
m 1 4 9
m 2 0 2
g 2 6 1
m 3 7 4
m 3 4 6
m 4 1 2
m 4 0 1
m 5 8 4
m 5 4 5
g 5 6 0
m 6 8 1
m 1 5 9
m 1 4 7
m 2 7 1
m 2 4 6
m 3 1 2
p
m 4 7 8
m 5 1 4
m 6 7 1
q 6
m 1 2 5
q 1
m 2 8 2
m 2 6 1
m 3 9 6
m 4 8 6
m 4 8 5
m 5 1 5
m 6 2 9
m 6 5 5
m 1 3 6
m 2 2 3
m 3 1 1
m 4 5 5
b 4
m 5 3 6
m 5 0 7
b 5
f 5
m 6 7 3
m 6 1 5
m 1 6 9
m 2 0 8
m 3 1 3
m 4 6 2
m 4 2 4
m 5 3 0
m 6 6 2
m 1 3 5
m 1 7 2
q 1
m 2 0 4
m 2 0 7
m 3 2 4
m 3 0 0
m 4 3 0
m 4 1 3
q 4
m 5 8 3
g 5 8 5
f 6
m 1 3 8
q 1
m 2 2 4
m 3 4 3
m 3 3 2
q 3
m 4 5 7
m 4 2 5
m 5 8 1
b 5
m 6 1 2
m 6 7 7
m 1 3 1
m 2 4 4
m 2 1 1
m 3 6 6
m 4 4 1
m 5 8 6
m 6 0 6
m 6 4 9
m 1 6 7
m 3 4 6
m 3 6 5
m 4 4 7
m 5 2 4
m 5 5 4
b 5
m 6 2 2
m 6 8 6
m 1 7 7
m 2 8 8
m 3 3 6
m 3 6 8
m 4 5 9
m 4 8 7
f 4
m 5 9 7
m 5 1 4
m 6 1 3
b 6
m 1 0 4
m 1 5 4
m 2 9 0
m 2 0 4
g 2 2 0
m 3 9 0
m 3 4 6
q 3
m 4 4 7
m 4 5 4
m 5 1 1
m 5 8 1
g 5 6 8
m 6 4 8
m 1 3 9
m 1 1 8
f 1
m 2 9 7
m 2 7 3
p
m 3 7 1
m 4 1 5
m 4 5 8
m 5 9 8
b 5
p
m 6 4 6
b 6
m 1 0 7
m 1 2 4
m 3 0 1
m 4 2 4
g 4 3 8
m 5 9 0
m 5 0 3
b 5
f 5
m 6 2 4
m 6 4 8
q 6
f 1
m 2 0 1
m 3 7 3
m 3 2 3
b 3
m 4 1 5
b 4
p
m 5 4 6
m 6 8 9
m 1 3 0
m 2 1 2
m 2 1 7
m 3 3 8
m 3 7 3
m 4 5 7
g 4 1 8
m 5 3 5
m 5 7 0
m 6 2 4
f 6
m 1 3 5
m 2 0 1
m 2 2 6
q 2
m 3 0 0
m 3 3 4
m 4 5 7
m 4 7 4
m 5 4 6
m 6 4 2
m 6 2 2
m 1 3 1
m 1 2 8
m 2 0 5
m 2 5 6
m 3 0 5
m 3 6 8
m 4 4 6
m 4 1 9
p
m 5 4 6
m 5 0 8
b 5
m 6 8 1
m 1 0 5
m 2 9 0
m 2 6 6
m 3 2 3
m 3 6 2
b 3
m 4 0 5
m 5 9 7
m 6 4 6
m 6 5 6
m 1 2 3
f 1
m 2 6 0
m 2 4 8
m 4 3 6
m 4 3 0
m 5 8 4
g 5 9 5
m 6 0 8
m 6 6 8
m 1 2 3
m 1 6 0
m 2 6 2
m 3 7 3
b 3
m 4 0 1
m 4 4 6
m 5 5 7
p
m 1 3 5
m 2 0 1
m 2 0 8
f 2
m 3 4 6
m 3 5 8
m 4 3 6
q 4
m 6 0 5
p
m 2 4 6
m 3 3 5
m 4 1 5
m 5 0 4
m 5 7 5
m 1 1 2
m 1 8 6
m 3 3 2
q 3
m 4 4 2
q 4
m 5 8 7
m 5 5 3
m 6 7 7
m 1 3 6
m 2 7 3
m 3 4 7
g 3 4 2
m 4 4 4
m 4 1 1
f 4
m 5 2 3
m 5 5 9
b 5
m 6 0 5
m 6 6 8
m 1 4 6
m 1 3 1
m 2 5 9
m 2 1 2
g 2 2 0
m 3 0 2
m 3 0 0
m 4 6 7
m 5 3 6
m 6 9 0
p
m 1 9 7
q 2
q 4
m 5 1 5
m 5 3 1
m 6 6 7
m 6 5 5
b 6
b 1
m 2 1 2
f 2
p
m 3 6 3
p
m 4 3 3
b 4
m 5 9 0
m 5 2 4
m 6 1 5
m 6 7 7
m 1 3 6
m 3 7 7
m 3 6 5
m 4 2 5
m 4 0 0
m 5 2 5
m 6 4 6
g 6 2 0

