B 5 9 7 6
m 1 4 2
m 2 1 3
m 2 1 7
m 3 0 1
m 4 6 0
m 5 5 3
m 5 4 8
m 6 3 4
m 6 4 0
m 7 2 3
m 1 5 4
f 1
m 2 4 4
m 2 1 5
f 2
m 3 2 3
m 4 6 2
b 4
f 4
m 5 8 0
b 5
f 6
m 1 8 1
m 1 4 0
m 2 7 2
f 2
m 3 0 0
m 3 2 4
f 3
m 5 5 2
g 5 4 2
m 6 6 1
m 6 2 4
m 7 2 6
b 7
m 1 2 3
m 2 6 4
b 2
m 3 2 0
f 3
m 5 2 1
m 5 2 2
f 5
q 5
m 6 8 0
m 6 3 0
b 6
m 7 3 3
m 7 4 1
g 7 4 3
m 1 4 0
m 1 3 3
m 2 5 4
m 2 3 2
q 2
m 3 6 1
m 3 1 1
m 4 8 2
m 4 1 4
m 5 3 6
m 6 4 4
m 7 8 3
m 7 1 2
m 1 3 1
m 1 2 0
m 2 5 2
m 2 4 1
q 2
m 3 2 0
m 4 3 4
m 4 3 4
m 5 1 2
m 5 2 7
m 6 2 0
b 6
q 6
m 7 1 5
q 7
m 1 4 8
f 1
m 2 3 4
g 2 2 1
m 3 8 3
m 4 3 0
m 5 2 0
m 5 3 1
q 5
m 6 4 1
m 6 4 4
m 7 3 0
f 7
m 1 5 3
m 2 2 0
m 2 1 5
m 3 1 6
m 3 1 5
m 4 0 1
m 4 0 4
m 5 8 0
m 5 4 5
m 7 4 0
m 1 7 3
m 1 2 7
m 2 3 0
m 2 0 3
m 3 8 2
m 3 0 1
m 4 7 3
m 4 1 8
m 5 8 3
m 5 1 4
b 5
m 6 8 2
m 6 3 4
p
m 7 4 8
m 7 4 3
m 1 8 3
q 1
m 2 5 2
f 2
q 2
m 3 5 2
m 3 3 4
m 4 2 0
m 4 3 8
b 4
m 5 3 6
q 5
p
m 6 7 3
m 6 3 7
m 7 2 6
m 1 8 0
q 1
g 1 8 4
m 2 5 2
m 2 0 7
g 2 1 3
m 3 5 0
m 4 8 2
m 4 0 8
m 5 4 5
m 6 2 0
m 7 2 8
m 7 2 2
m 1 5 3
m 2 0 6
m 2 2 8
m 3 5 2
q 3
m 4 6 4
m 4 4 8
p
m 5 6 4
b 5
m 6 5 2
m 7 2 2
m 7 3 4
m 1 7 4
q 1
m 2 5 2
m 2 1 4
m 3 0 1
m 3 3 6
b 3
q 3
m 4 5 2
m 4 4 7
m 5 2 0
m 6 5 0
m 6 0 6

