B 8 4 2 9
m 1 2 7
m 1 5 1
b 1
q 1
m 2 0 4
f 2
q 2
m 1 6 2
m 2 1 1
q 2
m 1 2 2
b 2
m 1 3 3
m 1 7 2
b 1
m 2 5 1
m 1 3 6
m 2 0 2
m 1 2 4
m 1 6 3
q 1
m 2 1 6
m 2 2 1
b 2
f 2
m 1 6 1
q 1
m 2 6 0
m 1 1 3
m 1 1 3
q 1
m 2 2 4
m 2 5 0
m 1 0 4
m 1 6 3
m 2 0 0
q 2
m 1 3 2
m 1 4 1
m 2 6 0
m 1 3 7
m 2 1 3
m 1 3 0
m 1 3 1
f 1
m 2 3 2
m 2 7 0
q 2
m 1 2 1
f 1
m 2 3 3
m 1 2 1
m 2 1 1
m 2 1 1
m 1 0 4
m 1 3 3
m 2 0 2
q 2
m 1 2 1
m 1 0 0
q 1
m 1 2 1
m 1 3 3
m 2 2 4
m 2 2 3
m 1 1 0
m 1 5 3
m 2 1 0
m 1 2 4
m 2 3 1
m 1 3 3
m 2 3 7
f 2
m 1 0 4
m 2 3 0
m 1 3 7
m 1 7 2
m 2 0 2
m 2 6 0
q 2
m 1 5 2
m 1 6 2
g 1 1 2
m 1 6 3
m 1 0 3
m 2 3 4
g 2 0 3
m 1 3 4
m 2 2 1
m 1 4 3
q 1
m 2 0 4
m 2 1 3
f 2
m 1 0 4
m 2 5 3
m 2 2 1
m 1 3 7
m 2 7 2
m 1 7 1
m 1 7 0
m 2 3 2
f 2
m 1 3 2
m 1 4 0
m 2 1 0
m 1 0 2
m 2 3 1
m 2 0 2
m 1 2 1
m 1 4 0
m 2 1 3

