B 6 7 2 16
m 1 1 1
m 1 3 6
m 2 1 2
m 2 2 4
q 2
p
m 1 4 1
m 2 3 4
m 1 0 2
m 1 2 5
p
m 2 6 5
m 2 3 0
m 1 6 4
m 2 0 5
m 1 3 2
m 1 1 5
f 1
p
m 2 3 0
m 2 4 3
m 1 1 5
p
m 2 4 5
m 2 2 1
q 2
m 1 3 5
q 1
m 2 5 5
p
m 1 0 2
f 1
m 2 0 4
m 2 1 4
m 1 1 3
b 1
m 2 4 3
m 2 2 3
b 2
q 2
m 1 6 5
b 1
g 1 5 0
m 2 6 4
m 2 0 4
b 2
m 1 6 2
m 1 2 6
p
m 2 3 5
m 2 3 0
m 2 3 4
m 1 4 6
m 1 0 1
q 1
m 2 4 3
b 2
m 1 1 5
m 1 1 0
m 2 0 5
m 1 6 1
m 2 0 5
m 1 3 2
m 2 6 1
m 1 0 3
m 1 3 2
m 2 1 5
m 2 4 0
m 2 0 0
m 2 3 0
p
m 1 3 1
m 1 2 1
f 1
m 2 2 4
m 2 1 4
m 1 4 5
m 1 3 6
b 1
m 2 1 1
m 1 3 2
m 2 2 5
m 1 4 4
m 1 1 3
m 2 3 3
m 2 5 1
p
m 1 4 5
q 1
m 2 2 4
m 1 0 5
m 1 2 2
m 2 3 5
m 2 5 0
m 1 4 1
m 2 2 4
m 2 2 3
m 1 2 4
m 1 3 5
m 2 6 1
m 2 2 6
g 2 5 3
m 1 2 4
m 1 2 6
q 1
m 2 2 4
m 2 4 0
m 1 6 0
m 2 1 6
m 1 4 5
m 1 5 4
m 2 2 4
m 1 6 5
m 1 3 2
f 1
m 2 1 2
m 2 5 2
m 1 2 5
m 1 2 1
q 1
m 2 6 0
g 2 4 4
m 1 3 5
m 2 2 4
m 2 4 6
q 2
m 1 1 5
m 1 1 6
m 2 6 0
m 2 5 5
b 2
f 2
m 1 4 5
b 1
p
m 2 3 5
m 1 3 2
m 1 5 4
m 2 5 0
g 2 6 2
m 1 0 2
m 1 4 5
q 1
g 1 4 4
m 2 0 1
m 2 4 1
m 1 0 2
b 1
f 1
m 2 1 5
m 2 2 1
b 2
m 1 0 5
m 1 4 0
q 1
m 2 3 4
m 1 6 5
q 1
g 1 3 3
m 2 4 6
q 2
m 1 3 4
b 1
f 1
m 2 6 0
m 1 6 0
m 2 1 6
m 1 2 4
m 1 0 0
f 1
m 2 6 5

