B 7 8 6 7
f 1
m 2 7 5
m 3 3 3
m 3 1 5
q 3
m 4 2 5
f 4
g 4 3 3
m 5 4 6
m 6 1 0
b 6
m 1 1 5
m 2 5 7
m 3 4 5
m 4 3 3
f 5
m 1 0 3
g 1 3 3
m 2 6 5
m 3 0 0
m 3 5 3
m 4 7 3
m 4 6 1
m 5 4 3
q 5
g 5 5 6
m 6 2 2
m 6 5 0
m 1 1 0
m 1 0 7
m 2 4 0
m 3 1 2
m 3 6 3
g 3 7 5
m 4 5 5
p
b 5
m 6 4 3
m 6 3 2
m 1 7 4
b 1
m 2 4 5
p
m 3 3 7
p
m 4 1 2
m 4 5 4
m 5 6 5
m 5 1 3
m 6 1 5
m 6 5 6
p
m 1 6 6
m 2 3 6
m 3 0 3
m 3 6 0
m 4 2 3
m 5 6 1
m 6 4 3
q 6
m 1 5 0
m 1 5 4
m 2 7 2
m 3 6 2
m 3 4 4
m 4 6 0
m 4 2 7
b 4
m 5 4 6
m 6 6 1
m 6 0 6
b 6
m 1 5 7
m 1 3 2
m 3 1 2
m 4 4 2
q 4
g 5 7 5
m 6 4 5
b 6
q 1
m 2 7 1
m 2 6 0
m 3 0 3
m 4 7 4
m 4 5 6
m 5 4 2
m 5 3 2
p
m 6 7 1
m 1 4 0
m 1 1 1
b 1
m 2 1 5
m 3 2 5
m 4 2 0
m 4 6 1
m 5 4 3
b 5
m 6 7 6
m 6 0 4
m 1 0 6
m 2 4 3
m 3 0 3
m 3 5 0
m 4 5 0
p
m 5 4 2
m 6 2 5
m 1 2 5
m 1 0 3
m 2 5 2
m 3 6 1
m 3 6 3
m 4 1 4
m 4 5 6
q 4
m 5 6 3
m 6 1 4
m 1 6 6
f 1
q 1
m 2 1 2
q 2
m 3 2 4
q 3
m 4 7 4
q 4
m 5 7 6
m 5 0 3
m 6 0 5
q 6
m 1 5 3
m 1 4 4
m 2 2 6
m 2 4 0
m 3 0 3
m 3 6 0
m 4 5 3
m 4 2 6
f 4
m 5 4 2
m 5 3 3
m 6 7 1
m 1 0 3
b 1
f 1
m 2 4 2
m 2 0 4
b 2
m 3 1 4
m 3 2 6
m 4 4 3
m 5 3 0
m 5 4 0
b 5
m 6 5 3
b 6
b 1
m 2 4 6
f 2
m 3 7 1
m 3 4 4
m 5 5 6
m 5 4 7
b 5
f 5
m 6 0 2
p
f 1
m 2 3 4
m 2 0 6
m 3 6 5
p
m 4 1 3
g 4 3 1
m 5 6 3
m 5 6 2
m 6 1 0
m 1 5 2
m 2 1 0
m 2 3 6
m 3 7 1
m 4 1 4
m 4 5 1
m 5 5 3
m 5 0 0
m 6 1 0
m 6 1 2
f 6
m 1 1 2
m 2 7 1
q 2
m 3 1 2
g 3 6 4
m 4 7 6
m 4 5 7
q 4

