B 9 6 4 18
m 1 2 4
m 1 0 1
m 2 2 5
m 3 0 4
m 4 6 4
m 4 2 1
m 1 2 6
m 1 2 4
f 1
q 1
m 2 4 8
m 2 0 4
m 3 6 0
m 3 5 1
m 4 0 2
q 4
m 1 5 5
m 2 2 6
m 2 2 3
m 3 3 8
m 3 6 0
m 4 0 7
m 4 8 3
m 1 0 5
q 1
m 2 2 6
m 3 2 5
m 3 3 0
m 4 2 3
m 4 1 1
m 1 4 5
m 1 3 5
m 2 0 4
m 3 3 4
m 4 3 3
m 4 5 3
q 4
m 1 1 7
f 1
m 2 0 0
m 3 4 7
f 3
g 1 4 3
m 2 6 0
g 2 3 5
m 3 2 7
p
m 4 5 1
m 4 7 0
b 4
m 1 1 7
m 2 5 5
m 4 3 2
q 4
m 1 1 4
m 2 1 5
m 3 0 0
m 3 5 1
m 4 4 4
g 4 4 0
m 1 0 5
m 1 8 2
m 2 4 5
m 3 3 4
m 4 1 5
m 1 2 7
m 1 8 0
m 2 2 2
m 3 4 2
m 1 3 6
m 1 8 2
m 2 0 3
b 2
m 3 5 0
m 4 5 6
m 1 2 1
m 1 5 4
m 2 2 2
g 2 2 0
m 4 3 4
q 4
m 1 1 6
m 2 1 0
m 2 5 2
m 3 2 6
m 4 0 4
m 1 3 6
m 2 3 5
m 2 2 5
b 2
m 3 7 5
m 4 2 1
f 4
m 1 0 2
m 1 5 0
p
m 3 3 7
m 4 4 7
m 1 2 4
m 2 0 4
m 3 7 5
m 4 5 6
m 4 8 5
m 1 4 8
m 2 4 5
m 3 5 0
m 4 5 0
m 4 6 0
m 1 1 6
m 2 1 8
m 2 5 4
b 2
m 3 2 7
m 3 0 4
b 3
g 3 3 0
m 4 1 0
m 4 0 3
m 1 1 3
m 1 3 2
m 2 4 8
f 2
m 3 3 6
m 3 7 4
m 4 2 7
m 1 1 6
m 1 6 0
m 2 3 7
m 2 7 3
m 3 1 6
m 4 5 6
g 4 5 5
m 1 0 2
m 1 6 3
m 2 2 1
m 2 4 2
m 3 0 4
b 3
m 1 0 2
m 1 7 0
m 2 2 7
m 2 7 4
m 3 0 3
m 4 4 4
m 4 7 0
m 1 2 3
f 1
m 2 1 7
m 2 3 3
b 2
m 3 1 8
m 4 5 0
m 1 1 8
m 2 5 6
q 2
m 3 5 6
m 4 6 2
m 1 8 0
m 1 2 5
m 2 2 1
m 2 6 5
q 2
f 3
q 3
m 4 7 1
m 4 6 4
m 1 0 4
m 1 4 4
m 2 4 4
m 3 8 2
m 3 5 4
m 4 8 4
f 4

