B 9 5 3 19
m 1 2 1
b 1
m 2 3 1
m 2 2 0
m 3 1 5
m 2 0 8
m 2 4 0
b 2
m 3 1 1
m 3 2 4
p
m 2 3 5
m 2 3 4
m 3 1 2
b 3
m 1 2 5
m 2 0 7
m 2 1 2
m 3 0 3
p
m 1 1 4
f 1
m 3 2 3
m 1 1 5
m 2 2 3
m 2 8 4
b 2
q 2
m 3 0 6
m 1 4 6
m 1 2 3
m 2 4 4
f 2
m 3 3 2
m 1 8 3
m 2 0 2
m 2 5 1
q 2
m 3 4 6
m 1 2 5
m 2 2 7
m 2 1 3
g 2 1 2
m 3 1 8
m 3 5 4
m 1 2 8
f 1
m 2 2 5
m 3 1 4
m 3 1 2
b 3
m 1 0 5
m 1 7 2
m 2 1 0
m 3 7 1
m 3 3 2
m 1 5 0
m 1 5 3
p
m 2 0 8
m 3 0 6
m 3 7 3
m 1 1 4
m 1 6 0
m 2 5 1
b 2
m 3 1 4
f 3
m 1 1 0
f 1
m 2 3 3
m 2 7 3
m 3 2 6
m 3 1 1
m 1 5 1
m 2 2 8
m 3 7 2
m 1 0 7
m 1 8 0
m 2 3 1
m 2 5 1
q 2
m 3 4 7
b 3
m 1 1 4
m 2 1 4
f 2
m 3 3 6
m 3 4 2
f 3
m 1 1 8
m 2 2 6
m 2 7 2
m 3 4 6
m 1 6 1
m 2 7 0
m 2 8 2
b 2
f 2
m 3 6 4
m 3 6 0
m 1 4 0
m 2 2 5
m 2 5 4
m 3 8 2
m 1 2 3
m 2 8 4
m 1 4 0
m 2 2 2
b 2
m 3 0 2
m 1 0 2
f 1
m 2 1 8
m 1 0 0
m 1 7 0
m 2 0 2
m 3 5 1
m 3 3 0
m 1 3 4
m 2 4 7
q 2
m 1 2 5
m 2 3 1
m 3 3 2
m 3 4 4
m 1 4 7
m 2 4 1
m 2 3 3
m 3 0 0
m 3 2 3
m 1 3 4
m 1 7 2
g 2 2 6
m 3 3 6
m 1 1 0
m 1 3 0
m 2 3 2
m 2 8 1
m 3 1 0
m 3 5 2
m 1 7 4
m 1 3 1
m 2 5 4
g 2 1 0
m 3 4 0
m 3 3 1

