B 4 10 3 15
m 1 9 2
m 2 4 0
m 2 0 8
p
m 3 0 8
m 3 1 0
m 1 5 3
m 1 1 1
m 3 9 1
m 3 2 3
m 1 8 1
m 1 1 8
m 2 4 0
m 3 2 1
m 1 1 9
m 3 0 5
f 3
m 1 2 0
m 2 2 1
f 2
m 3 3 3
m 3 1 3
f 3
m 1 3 7
m 2 0 7
m 3 0 2
m 3 0 3
m 2 1 3
m 3 0 8
m 3 3 4
m 1 2 6
m 1 3 9
m 2 0 4
m 2 2 8
m 3 0 0
f 3
m 1 2 2
m 2 1 0
m 2 0 4
m 3 6 1
m 1 3 4
m 2 1 0
m 3 4 2
m 3 0 1
q 3
m 1 0 6
m 2 1 3
m 2 2 8
m 3 9 0
m 1 0 3
m 1 0 5
m 2 5 3
b 2
m 3 9 0
q 3
m 2 2 8
m 2 1 2
m 3 2 5
m 3 2 5
m 1 2 1
q 1
m 2 2 9
m 2 2 7
b 2
p
m 3 6 1
m 3 1 4
f 3
m 1 7 1
m 2 1 8
m 2 3 9
m 3 8 3
m 1 3 4
m 2 1 6
b 2
q 2
m 3 9 0
f 3
m 1 1 3
m 1 3 6
m 2 3 6
b 2
m 3 2 5
m 3 0 7
m 1 2 9
m 2 5 3
f 2
q 2
m 3 2 8
m 3 1 4
m 1 4 2
m 2 0 3
m 3 0 5
m 3 3 0
g 3 1 1
m 1 4 2
p
m 2 1 3
m 3 5 1
m 1 4 2
m 2 5 3
m 3 9 0
m 3 0 8
m 1 2 3
m 1 1 9
m 2 3 3
m 2 1 6
m 3 5 3
m 3 0 6
m 1 5 1
m 1 1 9
m 2 9 0
m 2 1 8
m 3 5 3
m 3 1 5
m 1 2 3
f 1
m 2 5 3
m 2 0 2
m 3 8 3
m 3 2 3
f 3
m 1 8 3
m 1 0 2
m 2 2 7
m 2 2 5
m 3 7 1
m 3 0 7
q 3
m 2 3 6
m 3 5 3
m 3 1 9
q 3
m 1 1 2

