B 5 10 4 10
m 1 3 2
m 2 0 3
m 2 3 8
g 2 2 3
m 3 2 2
m 3 3 8
m 4 9 0
m 4 1 2
f 4
m 1 4 9
m 2 8 0
m 3 0 0
p
m 4 4 7
b 1
f 1
m 2 6 4
m 2 2 8
m 3 1 5
m 3 3 3
m 4 1 0
q 4
m 1 5 2
b 1
p
m 2 3 4
m 2 2 7
m 3 3 1
m 4 3 8
m 4 1 6
b 4
f 4
m 1 3 8
m 2 1 9
f 2
m 3 9 0
m 4 4 6
m 4 0 5
m 1 8 1
m 1 0 1
g 1 2 1
m 2 8 1
m 3 9 2
m 3 3 7
m 4 0 7
m 4 3 6
b 4
m 1 6 0
m 2 8 0
m 3 1 4
m 3 0 9
g 3 0 1
m 4 0 9
m 1 8 0
m 1 3 5
m 2 1 4
f 2
m 3 3 4
m 4 0 4
m 4 1 4
m 1 5 4
m 1 0 7
p
m 2 1 2
m 3 1 6
m 3 0 6
m 4 1 2
m 1 2 4
m 2 4 8
m 2 2 0
b 2
m 3 1 1
m 3 4 8
m 4 2 5
m 1 1 2
m 1 3 5
m 2 1 1
f 2
m 3 0 8
m 4 0 1
m 4 4 5
m 1 7 1
f 1
q 1
m 2 7 1
q 2
m 3 1 2
m 4 2 0
q 4
m 1 1 2
b 1
m 2 2 4
b 2
m 3 9 2
m 3 3 9
f 3
m 4 1 7
m 1 3 4
f 1
m 2 2 4
m 3 3 2
q 3
m 4 2 0
m 4 3 6
m 1 6 2
m 1 1 7
q 2
m 3 4 4
m 3 2 1
f 3
m 4 0 2
m 4 3 3
g 4 1 2
m 1 1 2
m 2 2 4
m 3 0 3
m 3 4 0
b 3
f 3
m 4 0 1
m 4 1 3
m 1 1 4
m 1 3 3
p
m 2 3 4
m 2 2 7
m 3 4 6
m 4 4 5
m 1 2 5
f 1
m 3 2 4
m 3 4 9
m 4 1 4
m 1 2 8
m 1 2 1
m 2 0 3
m 2 4 6
m 3 2 8
m 4 3 4
m 4 4 3
q 4
g 4 4 2
m 1 2 5
g 1 7 4
m 2 2 4
m 3 0 3
m 3 4 0
f 4
m 1 2 4
m 1 1 9
f 1
p
m 2 6 2
m 2 4 8
m 3 3 1
m 3 3 7
m 4 1 5
m 1 6 2
m 1 3 1
b 1
m 2 6 2
m 2 0 1
f 2
m 3 2 4
m 3 2 7
m 4 2 2
q 4
m 1 0 3
m 1 1 5
m 2 6 2
m 2 3 1
f 2
p
m 3 2 1
m 3 1 2
m 4 2 1
m 4 2 1
m 1 6 2
m 1 2 8
m 2 8 1
m 2 3 8
m 3 6 2
m 4 8 1
m 1 3 6
m 1 2 8
f 1
p
m 2 6 2
m 2 4 8
b 2
m 3 4 7
b 3
m 4 3 2
m 4 3 3
p

