B 4 6 5 2
m 1 1 3
m 2 1 1
m 2 0 5
m 3 2 2
p
m 4 1 0
m 5 3 3
m 1 2 2
m 2 1 4
m 2 0 4
m 3 3 1
m 4 2 3
b 4
m 5 0 0
m 5 3 1
m 1 1 3
m 2 0 3
m 2 3 1
m 3 3 4
m 4 1 2
m 4 2 5
m 5 5 1
m 5 0 1
m 1 3 0
b 1
g 1 4 1
m 2 2 1
m 3 5 1
m 5 5 2
m 5 2 0
m 1 2 3
b 2
m 3 0 2
m 3 3 1
q 3
m 4 2 1
q 4
m 5 5 1
m 5 1 0
q 5
g 5 1 3
m 1 3 4
m 1 3 5
m 2 4 1
m 2 0 4
m 3 0 3
m 3 1 2
f 4
q 4
m 5 5 1
m 1 5 2
m 1 1 4
m 2 2 0
m 2 2 0
m 3 0 1
m 3 1 0
m 4 5 3
m 4 3 4
m 5 0 2
m 1 2 3
p
m 2 0 1
m 2 0 4
m 3 3 2
m 3 2 4
q 3
g 3 1 3
m 4 5 2
m 4 3 4
g 4 3 1
m 5 5 2
m 5 2 2
b 5
m 1 5 2
m 2 2 1
b 2
g 2 0 1
m 3 3 1
m 4 5 1
m 5 5 1
m 1 0 0
m 1 2 5
m 2 2 1
m 2 0 5
g 2 0 1
m 3 3 5
m 3 2 3

