B 4 10 4 12
m 1 7 2
m 1 1 5
p
m 2 0 1
m 3 7 1
m 4 8 3
m 4 1 3
b 4
m 1 0 3
b 1
m 2 3 2
m 2 2 1
m 3 2 1
b 3
m 4 6 1
q 4
m 1 3 4
m 2 0 4
g 2 5 1
m 3 0 3
m 3 0 3
m 4 5 0
m 4 1 4
m 1 3 2
m 1 1 3
f 1
m 2 7 3
m 3 7 2
m 3 1 0
m 4 7 0
m 1 5 3
m 2 2 2
m 3 1 1
m 4 6 1
m 4 3 9
m 1 1 0
m 2 7 2
q 2
m 3 1 8
m 3 0 4
m 4 6 1
m 1 0 2
m 1 0 2
m 2 9 0
b 2
m 4 2 3
m 1 6 0
b 1
m 2 1 9
m 3 0 6
m 3 3 0
b 3
f 3
m 4 0 0
m 4 2 1
m 1 3 3
m 3 0 5
g 3 2 0
m 4 7 1
m 4 2 6
m 1 8 2
m 2 6 3
m 2 2 5
f 2
m 3 7 3
m 4 4 2
b 4
f 4
m 1 0 2
g 1 9 3
m 2 8 2
m 3 2 1
m 3 3 7
m 4 8 3
m 4 0 8
p
m 1 9 0
f 1
m 2 0 2
m 2 3 6
m 3 0 2
m 4 9 2
m 4 0 3
m 1 4 2
m 1 1 0
m 2 7 1
m 3 4 2
f 3
m 4 8 2
m 4 3 1
m 1 3 6
m 1 1 4
f 1
m 2 3 7
g 3 1 0
m 4 2 9
m 4 0 9
m 1 3 8
q 1
m 2 4 2
m 2 3 5
m 3 8 2
m 3 0 4
g 3 2 2
m 4 7 1
m 1 7 2
m 1 2 3
b 1
f 1
m 2 3 1
m 2 3 7
p
m 3 7 1
m 3 3 5
m 1 8 2
m 1 3 6
m 2 7 2
f 2
m 3 8 2
m 3 1 0
m 4 2 0
m 4 2 7
m 1 7 0
m 2 3 8
q 2
m 3 4 2
m 3 3 3
m 4 8 2
m 4 2 1
m 1 2 4
f 1
q 1
m 2 7 0
g 2 6 2
m 3 6 1
m 3 0 6
q 3
m 4 7 0
m 4 2 3
m 3 3 3
m 4 7 1
m 4 2 2
f 4
q 4

