B 9 5 4 14
m 1 0 8
m 1 0 4
m 2 0 3
m 2 2 3
m 3 3 4
m 3 0 2
m 4 1 3
m 4 8 4
b 4
m 1 2 3
m 1 0 2
m 2 3 3
p
m 4 3 4
m 1 6 0
f 1
m 2 0 3
m 2 4 0
m 3 0 4
m 4 0 1
m 4 4 4
m 1 0 2
m 1 0 4
m 3 3 0
m 4 1 0
f 4
m 1 4 1
m 1 5 1
f 1
m 2 8 1
m 3 2 7
m 4 8 4
f 4
m 1 2 6
m 1 8 4
g 1 3 3
m 2 0 2
m 2 4 3
m 3 2 2
m 4 3 4
f 4
m 2 0 0
m 2 2 1
m 3 2 1
m 3 7 0
m 4 2 8
m 4 3 4
q 4
g 4 2 0
m 1 4 5
m 1 5 1
g 1 3 1
p
m 2 0 8
m 3 4 1
m 4 1 6
q 4
m 1 0 5
m 1 8 4
f 1
q 1
m 2 2 4
m 3 2 4
m 3 2 1
p
m 4 6 1
m 4 4 1
f 4
m 1 6 0
f 1
m 2 0 5
m 2 6 0
f 2
m 3 5 2
m 3 3 2
m 1 4 6
f 1
m 2 3 5
m 2 0 0
m 3 6 1
m 1 3 6
m 2 8 4
m 2 1 4
f 2
m 3 6 2
m 3 1 3
m 4 1 1
m 4 0 4
m 1 6 2
m 2 1 3
q 2
m 3 4 2
f 3
m 4 0 8
m 1 1 3
m 1 3 2
p
m 3 0 2
m 3 3 1
m 4 1 2
m 1 0 2
m 1 3 3
m 2 2 8
m 3 5 4
m 3 0 1
m 4 1 1
f 4
m 1 4 7
m 1 4 1
m 2 2 7
m 2 3 3
m 3 2 7
m 3 0 3
m 4 2 3
m 2 3 6
p
m 3 1 1
m 4 3 4
m 2 6 1
b 2
p
m 3 3 7
m 3 6 2
m 4 8 1
m 1 2 3
m 1 8 1
m 2 4 7
m 2 4 3
m 3 0 8
m 4 0 2
m 4 2 2
f 4
m 1 5 2
m 1 5 0
q 1
m 2 2 8
m 3 5 2
m 4 3 1
m 1 8 1
b 1
m 3 0 8
m 3 4 0
m 4 3 8
p
m 1 0 2
m 1 0 0
q 1
m 2 0 8
m 3 0 8
m 3 1 2
q 3
m 4 4 6
m 4 8 4
m 1 0 8
m 1 5 0
m 2 6 1
m 2 1 2

