B 8 9 3 28
m 1 5 8
m 2 2 1
g 2 8 5
m 3 1 2
m 1 4 0
m 1 7 4
b 1
q 1
m 2 8 4
m 3 4 5
m 1 6 4
m 1 5 1
m 2 5 7
m 2 5 1
m 3 7 3
q 3
m 1 8 2
m 1 6 1
b 1
m 2 7 6
m 3 4 3
m 3 0 7
m 1 4 3
m 2 7 4
m 3 4 5
q 3
m 1 2 5
m 2 7 1
m 2 2 1
m 3 0 3
m 3 0 3
m 1 8 2
m 1 3 6
m 2 5 7
m 2 4 7
m 3 3 3
m 1 3 3
m 1 2 8
b 1
m 2 7 5
m 3 2 7
m 1 0 7
m 3 5 1
m 3 2 2
m 1 1 3
m 1 4 8
f 1
m 2 7 6
f 2
m 3 2 7
b 3
m 1 6 5
m 2 3 6
m 2 6 8
m 1 0 5
m 1 6 0
m 2 4 2
m 3 2 5
p
m 1 2 6
m 1 0 2
m 3 0 1
b 3
m 1 7 6
m 2 6 6
m 3 3 4
m 1 0 5
m 1 4 4
m 2 8 3
m 2 1 4
m 3 8 1
m 1 1 8
b 1
f 1
q 2
m 3 7 4
m 1 7 6
m 1 4 7
q 1
m 2 7 1
f 2
m 3 0 5
q 3
m 1 7 1
m 2 5 2
m 3 6 7
m 3 6 8
b 3
m 1 5 5
m 1 6 6
f 1
m 2 7 1
m 3 1 1
m 1 8 0
m 1 0 8
m 2 4 4
m 3 6 4
m 1 8 3
m 1 2 2
m 2 3 4
q 2
m 1 1 0
m 2 2 7
m 2 0 0
m 3 0 7
m 1 6 1
m 2 5 1
m 3 6 5
m 1 4 0
m 1 0 6
m 2 0 3
m 2 1 1
m 3 4 0
m 1 7 1
b 1
f 1
g 2 7 2
m 3 2 7
m 1 0 7
m 1 5 8
p
m 2 3 6
m 3 2 6
m 3 1 0
m 1 2 6
m 1 1 7
b 2
m 3 4 2
m 3 5 8
b 3
f 3
p
m 1 1 4
m 1 3 2
m 2 8 7
m 3 3 6
m 3 7 4
m 1 0 3
m 1 2 8
m 2 2 0
q 2
p
q 3
m 1 2 7
m 1 7 6
m 2 2 6
m 3 6 1
m 1 7 3
f 1
m 2 7 7
m 3 0 4
b 3
f 3
m 1 3 5
b 1
m 2 0 5
m 3 6 1
m 3 3 3
m 1 1 3
m 1 3 4
m 2 0 5
m 2 5 8
f 2
q 2
m 3 2 5
m 3 3 4
m 1 6 4
m 1 7 4
m 2 3 7
m 2 0 0
m 3 3 6
m 3 5 1
m 1 6 1
m 2 2 0
m 2 7 8
q 2
m 3 2 7
m 3 2 1
q 3
g 3 3 4
m 1 3 6
m 1 6 6
m 2 3 2
m 3 4 5
m 3 4 3
q 3
m 1 2 7
m 2 0 5
m 3 7 5
m 3 0 8
q 3
m 1 0 7
m 1 0 1
m 2 5 1
p
m 3 4 5
m 3 2 2
g 3 7 5
m 1 2 7
m 2 2 0
m 3 7 8
m 3 4 0
m 2 2 3
m 2 7 7
m 3 0 3
m 3 2 4
m 1 0 3
m 1 1 8
b 1
m 2 4 2
m 3 0 5
m 3 6 1
b 3
p
m 2 0 8
p
m 3 3 6
m 3 1 6
m 1 5 1
m 1 0 6
m 2 4 8
m 3 8 3
m 1 7 2
f 1
m 2 1 3
m 2 6 1
m 3 0 0
m 3 0 6
f 3
m 1 1 4
m 1 5 6
m 2 1 3
m 3 5 1
m 3 0 8
q 3
m 1 1 4
m 1 5 0
b 1
p
m 2 3 5
m 3 1 4
m 3 2 4
m 1 3 5
m 2 7 4
m 3 4 5
m 3 3 6
m 1 8 3
m 1 5 7
m 2 2 2
m 2 3 6
b 3

