B 7 12 4 21
m 1 7 1
m 1 0 0
m 2 3 5
m 3 10 4
m 3 4 4
m 4 10 1
m 1 3 11
b 1
m 2 2 3
m 3 1 10
b 3
f 4
m 1 1 8
m 1 6 5
m 2 2 0
m 3 2 1
m 4 9 3
f 4
m 1 1 1
m 1 1 11
m 2 8 0
m 2 1 11
b 2
f 2
q 2
m 3 11 6
m 3 6 0
b 3
f 3
q 3
m 4 0 2
m 4 2 2
m 1 1 4
m 2 2 5
m 2 1 0
m 3 1 5
m 4 5 5
m 1 2 9
m 2 4 0
m 2 2 11
m 3 4 2
m 4 0 5
m 1 5 0
m 2 2 3
m 3 9 0
b 3
m 4 3 4
m 4 5 6
m 1 9 5
m 2 9 1
m 3 1 2
m 4 5 1
b 4
m 1 3 1
m 1 0 10
m 2 3 1
b 2
m 3 6 1
m 3 0 1
m 4 7 6
m 4 6 3
m 1 7 3
m 2 5 2
m 3 8 5
m 4 2 3
m 1 6 4
q 1
m 2 3 0
m 3 5 4
m 3 4 5
f 3
m 4 2 3
m 4 4 4
f 4
m 1 2 3
m 1 3 3
b 1
m 2 2 11
m 2 3 7
m 3 7 2
m 3 6 11
m 4 6 6
m 1 9 3
m 1 3 9
m 2 4 6
m 4 10 3
m 4 6 5
m 1 2 6
m 1 6 7
f 1
m 2 9 0
m 2 6 5
q 2
m 3 6 7
f 3
m 4 9 1
m 1 9 5
m 1 3 10
m 2 6 4
m 2 5 9
m 3 0 11
m 4 6 1
m 4 4 10
q 4
m 1 2 6
m 1 2 11
m 2 0 9
m 2 6 5
m 3 2 3
m 3 5 8
m 4 10 2
m 4 5 0
m 1 4 10
m 2 8 3
m 2 4 0
m 3 6 1
m 4 3 3
m 1 7 5
q 1
m 2 2 3
q 2
m 3 0 2
m 3 6 0
m 4 3 5
m 1 1 3
q 1
m 2 3 5
m 2 0 10
m 3 6 10
f 3
m 4 8 6
m 1 8 6
b 1
q 1
m 2 8 2
b 2
m 3 8 4
m 4 8 6
m 4 3 4
m 1 7 0
q 1
m 2 2 3
m 3 10 2
m 4 5 0
m 4 1 4
m 1 11 5
g 1 0 1
m 2 8 4
m 3 7 1
m 4 3 5
m 1 5 5
f 1
m 2 4 0
m 3 8 2
g 3 7 6
m 4 10 5
m 4 3 5
m 1 4 0
m 1 4 4
b 1
f 1
m 2 3 8
g 2 6 5
m 3 0 1
q 3
m 4 6 1
m 4 1 11
m 1 3 6
m 1 6 11
m 2 1 4
m 2 2 5
m 3 1 5
m 3 1 10
m 1 4 0
m 1 1 3
m 2 3 4
m 3 4 0
m 4 6 1
m 1 8 6
m 1 0 3
m 2 5 7
m 3 8 6
m 3 3 7
p
m 4 5 10
g 4 8 3
m 1 3 11
m 2 1 11
m 2 0 2
f 2
m 3 4 9
m 3 5 9
f 3
q 3
m 4 7 2
m 4 1 8
m 1 2 6
m 2 2 3
m 2 3 10
m 3 4 0
m 4 7 0
m 1 6 2
m 1 1 4
m 2 10 2
m 3 4 0
m 4 8 4
m 4 5 0
m 1 5 5
m 1 3 8
q 1
m 3 11 5
m 4 11 4
m 4 6 6
b 4
f 4
m 1 1 6
m 2 4 2
m 2 5 6
g 2 11 1
m 3 9 1
m 3 1 0
m 4 4 0
m 4 4 1
m 1 7 0
m 1 0 0
m 2 11 4
m 2 0 1
m 3 2 3
m 3 3 10
m 4 11 5
m 4 3 5
m 1 3 1
m 1 5 9
m 2 11 4
m 2 2 11
p
m 3 9 1
m 3 5 6
p
m 1 8 6
m 1 3 3
m 2 0 11
m 3 9 6
m 3 2 2
p
m 4 8 2
p
m 1 8 4
q 1
m 2 3 0
b 2
f 2
m 3 5 9
m 4 4 10
m 1 8 6
m 1 4 10
m 2 6 2
m 3 7 2
m 3 6 8
m 4 4 2
m 2 2 9
m 2 5 10
m 3 7 4
m 3 5 6
b 3
q 3
m 4 2 1
m 1 4 0
m 1 2 7
m 2 6 0
m 3 4 10
m 3 6 8
m 1 3 2
m 1 1 10
f 1
m 2 9 1
m 3 4 5
m 4 6 5
m 1 1 3
m 2 11 5
m 3 3 3
b 3
m 4 9 6
q 4
m 1 8 4
g 1 10 6
m 3 6 0
m 3 4 0

