B 4 7 6 2
m 1 1 0
m 2 4 1
m 3 6 0
m 4 0 2
m 4 0 4
b 4
m 5 6 2
m 5 3 5
m 6 3 0
m 6 3 4
b 6
q 1
p
m 2 3 1
m 3 3 5
m 3 0 1
m 4 2 3
m 5 2 2
m 5 3 2
m 6 1 1
b 6
f 6
m 1 2 4
m 1 3 3
f 1
g 1 4 0
m 2 5 1
m 3 6 2
g 3 0 3
m 4 3 0
m 4 0 5
f 4
m 5 3 2
m 6 3 2
m 6 0 6
m 1 4 1
m 2 0 2
m 2 2 4
m 3 5 1
m 4 2 0
q 4
m 5 5 2
m 5 0 5
m 1 2 1
m 2 3 0
m 2 2 1
m 3 3 1
m 3 1 4
m 4 2 1
m 5 0 3
b 5
m 6 6 2
m 6 2 2
m 1 1 0
m 2 3 2
q 2
m 3 0 0
m 3 3 6
m 4 1 1
m 5 3 1
m 5 2 3
m 6 6 1
m 1 0 0
m 1 3 4
m 2 3 3
m 2 3 6
f 2
p
m 3 6 0
m 4 1 1
m 5 0 6
m 6 5 2
m 6 0 1
b 6
q 6
m 2 5 1
m 2 1 5
m 3 0 0
m 3 1 5
m 4 6 1
f 4
m 5 0 2
m 5 1 4
b 5
m 6 1 1
m 1 0 2
m 2 6 2
m 2 0 6
m 3 3 3
m 3 3 0
m 4 6 3
b 4
f 4
q 4
m 5 3 1
m 6 3 1
m 1 0 4
m 2 1 2

