B 4 9 3 4
m 1 0 5
b 1
m 2 2 3
m 3 8 1
m 3 0 0
m 1 4 0
m 2 1 1
m 2 2 4
m 3 1 2
m 3 3 5
m 1 0 3
m 1 3 6
q 1
m 2 7 1
m 3 3 1
q 3
m 1 3 3
m 2 0 1
m 3 8 3
q 3
m 1 2 2
m 1 2 4
m 2 2 1
m 3 7 3
q 3
m 1 1 3
m 1 3 8
q 1
p
m 2 8 3
m 2 0 7
m 3 6 0
m 1 7 2
m 1 1 4
b 1
m 2 0 1
m 3 0 2
b 3
m 1 4 3
m 2 2 8
g 2 1 3
m 3 5 2
m 3 3 4
m 1 0 8
m 1 0 1
m 2 0 3
m 3 5 2
m 1 2 4
m 1 2 1
m 2 8 0
m 3 6 2
m 3 3 6
m 1 6 1
m 1 1 0
g 1 1 1
m 2 0 5
q 2
m 3 2 2
m 1 7 3
m 1 0 3
m 2 1 2
f 2
m 3 8 0
b 3
m 1 8 0
b 1
m 2 6 0
m 2 0 8
b 2
m 3 3 1
b 3
m 1 1 6
m 1 2 2
m 3 5 2
m 1 8 3
m 1 1 7
m 2 0 3
m 2 1 1
m 3 1 8
m 1 2 5
m 3 2 6
m 1 5 1
m 2 2 2
m 3 0 1
m 3 1 7
m 1 6 1
m 1 3 7
m 2 0 1
b 2
m 3 6 2
m 3 3 1
f 3
m 1 2 3
m 1 0 1
f 1
m 2 0 3
m 2 0 2
b 2
m 3 2 4
m 3 2 8
m 1 3 8
f 1
g 1 1 1
m 2 3 4
m 3 0 1
m 1 0 1
f 1
m 2 5 2
m 2 3 8
b 2
m 1 0 4
m 1 2 6
m 2 1 2
m 2 2 2
f 2
m 3 0 0
m 1 7 1
m 1 0 7
m 2 2 8
m 2 0 5
f 2
m 3 6 0
m 3 2 3
m 1 2 3
m 1 0 8
m 2 7 1
m 2 0 0
m 3 1 4
q 3

