B 6 6 5 8
m 1 4 5
m 2 1 3
m 3 2 0
m 4 5 0
m 5 5 0
q 5
m 1 5 2
m 1 4 5
m 2 3 4
p
m 3 3 5
m 3 4 3
p
m 4 4 2
m 4 1 0
g 4 5 3
m 5 3 2
m 5 0 2
m 1 2 1
m 1 2 2
b 1
m 2 4 1
m 2 5 3
m 3 0 3
m 3 4 2
f 3
m 4 3 2
m 4 0 4
m 5 1 4
p
m 2 5 2
m 2 4 1
q 2
m 5 1 1
m 5 5 4
b 5
m 1 3 3
m 1 3 4
q 1
m 2 1 3
m 2 4 0
m 3 1 0
m 3 2 1
m 4 2 3
f 4
m 5 1 3
m 5 1 3
g 5 1 2
p
m 1 4 4
f 1
m 2 0 0
m 3 5 0
m 3 2 4
f 3
m 4 5 2
m 4 2 5
g 4 3 4
m 5 1 0
m 1 5 4
m 1 4 1
q 1
m 2 1 5
m 3 3 1
m 4 0 3
m 4 3 4
m 5 1 0
m 5 4 1
m 1 1 5
m 1 1 4
f 1
q 1
m 2 3 3
m 2 2 2
m 4 5 5
m 4 2 0
m 5 1 5
m 1 0 3
m 1 0 5
m 2 2 1
f 3
m 4 1 5
m 5 0 3
m 1 2 5
b 1
m 2 2 1
m 2 3 0
b 2
m 3 2 1
m 3 5 0
b 3
m 4 1 5
m 4 2 4
q 4
m 5 2 1
m 5 4 4
p
m 1 0 1
m 1 5 2
m 2 2 3
m 3 2 1
m 3 2 0
m 4 4 2
m 5 1 5
m 1 2 1
m 1 4 2
m 2 2 1
q 3
m 4 1 5
m 4 4 5
b 4
m 5 0 2
m 1 2 1
m 1 4 3
m 2 1 5
m 2 2 1
f 2
m 3 1 5
m 3 1 2
m 4 0 3
m 4 1 3
m 5 2 2
m 5 0 1
m 1 1 5
m 1 2 1
m 2 1 5
m 3 1 5
m 3 3 2
p
m 5 1 5
m 5 2 4
g 5 2 3
m 1 1 5
m 2 3 3
m 2 5 4

