B 4 9 5 3
m 1 6 1
m 1 1 3
p
m 2 1 2
m 2 3 4
m 3 1 7
m 4 1 3
m 5 3 2
m 1 4 2
b 1
m 2 0 1
b 2
m 3 3 8
m 3 0 8
m 4 1 1
m 4 0 6
m 5 0 7
m 1 3 1
m 2 3 2
m 2 3 7
m 3 1 5
m 4 3 6
m 5 6 2
q 5
m 1 8 1
m 2 0 3
m 2 2 7
m 3 5 3
m 3 1 1
q 3
p
m 4 3 3
b 4
f 4
m 5 4 2
m 5 1 7
m 1 2 6
m 2 6 1
q 2
m 3 5 3
m 3 0 1
m 4 0 4
q 4
m 5 7 3
m 5 1 7
f 5
p
m 1 0 0
m 1 1 1
m 2 0 2
m 2 3 6
q 2
m 3 5 1
m 3 2 2
m 4 3 3
m 4 2 0
b 4
m 1 5 0
m 2 2 2
f 2
m 3 4 1
b 3
g 3 2 1
p
m 4 0 8
m 5 5 0
m 5 0 3
m 1 4 2
m 1 0 5
m 2 6 1
b 2
m 3 2 6
f 3
m 4 8 1
f 4
p
m 5 2 8
f 5
m 1 5 3
m 1 3 8
m 2 5 0
m 3 5 1
m 4 7 2
m 4 0 5
m 5 3 6
m 5 1 1
m 1 1 5
m 1 1 8
m 2 5 1
m 2 0 8
f 2
q 2
m 3 5 2
m 3 2 0
m 4 1 1
m 4 0 8
b 4
q 4
m 1 7 2
m 1 2 3
m 2 0 3
b 2
m 3 0 8
m 3 0 4
q 3
m 4 1 0
m 5 0 0
m 5 2 4
f 5
m 1 2 2
b 1
m 2 8 2
m 2 2 8
m 3 0 4
m 4 0 0
q 4
m 5 0 8
m 1 8 1
b 1
m 2 0 6
m 3 6 1
m 4 6 1
m 5 6 1
b 5
m 1 3 0
m 1 3 6
m 2 5 1
m 2 3 4
b 2
m 3 4 1
m 4 5 2
m 5 1 2
m 1 0 2
p
m 2 6 1
m 2 3 2

