B 10 8 6 13
m 1 3 3
m 1 2 0
f 1
m 2 6 7
q 2
m 3 1 7
q 3
p
m 4 8 2
m 5 8 0
m 5 1 1
q 5
m 6 6 3
m 6 3 3
f 6
m 1 6 1
m 1 5 6
m 2 9 6
m 2 0 3
b 2
m 3 4 1
m 4 3 2
q 4
m 6 1 9
m 6 3 2
b 6
m 1 4 1
m 3 0 7
m 3 1 4
f 3
m 4 5 5
m 4 3 3
p
m 5 3 8
f 5
m 6 3 6
m 6 1 4
m 1 6 2
m 2 7 6
q 2
m 3 7 0
m 4 3 4
m 4 7 3
m 5 8 7
m 6 0 0
m 1 0 4
m 2 2 5
m 3 6 3
m 4 2 1
m 4 6 5
m 5 5 0
m 6 7 7
m 6 4 7
b 6
q 6
g 6 6 9
m 1 2 5
m 1 8 0
m 2 5 0
m 2 5 5
m 3 5 4
m 5 6 4
m 5 1 5
m 6 3 9
m 6 4 1
m 1 4 8
m 1 5 3
g 1 1 5
m 2 5 0
m 2 9 4
b 2
m 3 5 5
m 4 9 2
m 5 1 3
m 6 7 5
m 1 4 7
m 2 7 5
f 2
q 2
m 3 9 2
m 3 0 0
m 4 1 5
b 4
m 5 5 9
m 5 3 5
b 5
m 6 5 3
m 6 9 7
m 1 8 1
m 1 8 7
p
m 2 3 2
m 2 0 7
b 3
m 4 5 4
b 4
m 5 3 8
m 6 5 9
b 6
m 1 3 2
m 2 6 0
m 2 0 4
b 2
m 3 5 0
m 3 2 2
f 3
q 3
p
m 4 2 1
m 5 5 4
m 6 7 7
m 1 0 9
m 2 0 1
m 3 4 8
g 3 4 6
f 4
m 5 0 9
m 6 6 2
m 6 9 0
f 6
m 1 5 4
m 2 1 7
q 2
g 2 5 6
m 3 6 2
m 4 7 3
m 4 9 5
m 5 3 8
m 5 7 5
m 6 1 3
m 6 5 2
m 1 1 7
m 1 4 7
m 2 3 9
m 2 4 7
f 2
m 3 9 1
m 4 2 5
b 4
m 5 3 9
m 6 4 8
m 6 9 0
q 6
m 1 4 2
m 1 6 0
m 2 2 3
m 3 3 9
m 3 3 3
m 4 8 4
b 4
m 5 7 2
m 6 3 8
m 1 3 8
m 2 2 1
m 2 8 5
p
m 3 6 1
m 4 1 7
q 4
p
m 5 2 1
m 5 4 7
q 5
m 6 6 6
m 6 1 2
m 1 3 4
m 1 4 2
m 2 3 8
m 2 9 0
m 3 3 8
m 3 3 5
b 3
m 4 6 4
m 4 0 2
m 5 7 7
m 5 6 3
q 5
m 6 6 4
m 6 8 6
m 1 9 2
m 2 3 8
m 3 7 7
m 3 2 4
m 4 0 3
m 4 4 2
m 5 7 3
m 5 4 0
m 6 1 5
m 1 5 0
m 2 7 5
m 3 1 6
q 3
m 4 1 7
p
m 5 0 4
m 6 0 3
m 6 4 2
b 6
m 1 6 1
m 2 8 2
m 3 6 0
f 3
m 4 4 4
m 4 8 6
b 4
m 5 3 8
m 5 2 0
q 5
m 6 7 3
m 6 6 7
f 6
m 1 2 6
f 1
m 2 5 6
m 2 5 2
m 3 3 3
q 3
m 4 1 3
m 5 3 8
m 5 3 0
m 6 5 0
m 1 3 6
m 2 4 7
m 3 5 4
m 3 2 4
m 4 3 8
m 4 4 2
f 4
m 5 6 0
m 5 0 2
f 5
m 6 7 1
m 6 2 4
m 1 6 0
m 1 9 0
m 2 1 5
m 3 2 4
m 4 9 3
m 4 7 4
q 4
m 5 7 3
m 6 0 4
m 1 1 5
m 2 8 4
m 2 9 6
p
m 3 3 8
m 4 6 5
q 4
m 5 4 7
m 5 2 4
m 6 2 0
m 1 3 6
m 2 3 1
m 3 4 6
m 3 6 4
m 4 5 3
m 4 6 2
f 4
q 4
m 5 1 5
m 5 3 2
m 6 5 0
m 6 2 3
b 6
q 6
m 1 7 2
m 1 8 7
m 2 3 4
m 2 1 2
m 3 2 7
m 4 0 1
m 4 6 5
m 5 7 3
m 5 7 1
m 6 5 4
q 6
m 1 7 3
m 1 3 6
q 1
m 2 6 0
m 3 5 4
m 4 7 5
b 4
m 5 6 3
m 5 0 2
m 6 5 2
m 2 6 6
m 2 9 1
b 2
m 3 0 1
m 3 1 2
m 4 5 4

