B 6 9 4 17
m 1 6 4
m 1 1 4
m 2 3 7
m 2 5 5
m 3 3 4
m 4 3 2
m 1 0 4
m 1 0 4
m 2 4 4
m 2 4 7
m 3 4 2
b 3
m 4 3 1
m 1 3 3
m 2 7 1
m 3 0 1
m 3 3 5
f 3
m 4 8 1
f 4
m 1 0 1
m 2 3 4
m 3 3 4
m 4 1 8
b 4
f 4
m 1 0 4
m 2 2 1
m 3 0 3
m 4 5 0
m 4 1 2
m 1 4 2
m 1 1 7
m 2 2 6
b 2
m 3 7 2
q 3
m 4 3 2
b 4
q 4
m 1 3 1
p
m 2 1 4
m 3 5 0
q 3
m 4 0 0
m 1 1 4
m 1 1 3
b 2
m 3 4 5
m 3 2 7
m 1 8 2
m 1 4 3
q 1
p
m 2 5 1
m 2 2 6
m 3 2 5
m 4 8 3
m 4 2 5
q 4
m 1 6 1
m 2 6 1
m 3 2 2
b 3
m 4 2 8
m 4 4 8
m 1 8 0
m 1 0 1
q 1
m 2 4 5
m 2 3 7
m 3 6 1
m 4 2 3
m 4 5 8
m 1 3 2
m 2 0 1
m 2 2 1
q 2
m 3 4 2
m 4 0 4
m 4 4 2
b 4
m 1 5 0
g 1 2 4
m 2 6 1
m 3 1 4
m 4 0 4
m 4 5 4
m 1 4 4
m 1 5 0
m 2 3 2
g 2 3 2
m 3 7 5
m 3 0 5
m 4 3 5
m 4 4 0
g 4 5 4
p
m 1 2 6
m 1 4 8
b 1
f 1
m 2 6 1
m 3 3 0
m 4 2 5
m 1 7 5
m 1 2 1
p
m 2 3 5
m 3 6 3
m 3 1 2
m 4 1 4
q 4
m 1 0 1
m 1 2 6
m 2 3 5
m 2 0 5
m 3 6 5
m 3 0 6
m 4 3 7
m 1 4 2
m 2 1 1
m 3 8 3
m 4 3 8
m 4 3 1
m 1 3 7
m 1 3 3
m 2 7 0
m 2 5 6
m 3 2 5
m 3 2 1
m 4 6 3
g 4 3 4
m 1 1 4
f 1
m 2 2 7
m 3 4 2
m 3 1 3
b 3
m 4 5 1
m 4 0 6
m 1 5 1
m 1 2 8
m 2 0 8
m 2 1 0
m 3 4 2
m 3 3 0
f 3
m 4 4 2
m 4 1 0
m 1 6 1
m 2 5 1
f 2
m 3 4 4
m 4 6 4
m 4 5 4
m 1 1 4
m 1 4 6
m 2 3 1
m 2 4 8
m 3 3 7
m 3 1 4
m 4 4 2
m 1 1 4
m 2 5 1
m 2 0 8
q 2
m 3 6 3
m 3 3 0
g 3 6 4
m 4 3 6
m 4 1 1
m 1 2 0
m 2 2 5
m 3 3 5
m 4 5 1
m 4 0 3
m 2 5 1
m 2 2 4
m 3 2 5
f 3
q 3
m 4 4 4
b 4
m 1 5 8
m 2 3 5
m 3 0 2
q 3
m 4 7 5

