B 7 5 5 3
m 1 4 4
m 2 0 4
m 2 6 4
m 3 0 5
m 3 0 1
m 4 1 1
m 5 2 2
m 1 2 4
m 1 4 3
q 1
m 2 0 6
m 3 2 3
q 3
m 4 3 1
m 4 3 2
m 5 2 0
m 5 6 4
m 1 6 1
m 1 1 4
b 1
q 1
m 2 4 3
f 2
m 3 1 2
m 3 3 3
m 4 5 1
m 4 4 1
f 4
m 5 2 0
m 1 2 5
m 1 6 4
q 1
m 2 2 4
p
m 3 3 1
m 3 4 3
f 3
m 4 6 1
q 4
m 5 4 2
m 5 0 1
m 1 0 0
q 1
m 2 1 3
m 2 4 2
m 3 2 0
m 4 0 5
m 4 6 2
p
m 5 1 2
m 5 0 1
b 5
m 1 2 0
b 1
m 2 3 0
p
m 3 3 0
m 3 5 0
m 4 3 0
m 4 2 4
q 4
m 5 2 4
m 1 4 4
m 1 2 3
f 1
m 2 0 1
m 2 4 4
m 3 5 0
f 3
m 4 0 6
m 4 6 3
m 5 0 5
m 5 0 0
p
m 2 0 1
m 2 4 2
q 2
m 3 1 0
m 3 5 1
g 3 2 3
m 4 3 5
m 4 2 3
m 5 0 6
m 5 0 4
m 1 1 2
m 1 5 1
f 1
m 2 1 3
f 2
m 3 2 1
m 4 4 5
m 5 2 5
f 5
m 1 4 2
m 2 1 2
m 3 3 0
b 3
m 4 0 1
b 4
p
m 5 2 5
m 1 0 6
m 1 0 1
q 1
m 2 2 0
m 4 2 5
q 4
m 5 2 0
m 5 3 0
m 1 1 3
m 2 0 4
m 2 5 1
m 3 3 0
m 4 0 5
m 5 4 5
m 1 1 1
m 2 0 5
m 3 4 1
m 3 0 2
m 4 0 5
m 4 4 4
b 4
q 4
m 5 1 2
m 5 2 4
f 5
q 5
m 1 1 2
m 2 0 1
m 2 3 0

