B 9 7 6 9
m 1 5 1
p
m 2 3 2
m 2 4 2
m 3 2 2
m 3 6 5
m 4 3 3
m 5 0 1
g 5 3 3
m 1 0 5
m 1 3 4
m 2 8 5
m 2 8 6
b 2
m 3 2 0
m 3 0 5
m 4 1 7
m 5 0 7
m 5 1 5
g 5 6 8
m 6 6 4
b 6
m 1 1 1
m 2 4 2
m 3 0 4
p
m 4 6 5
m 4 5 1
q 4
m 5 5 2
m 6 1 4
b 6
m 1 4 5
m 2 3 4
m 2 0 3
m 3 3 2
f 3
m 4 3 1
m 5 3 1
m 5 0 5
m 6 4 2
m 1 4 5
m 2 3 5
m 3 8 5
m 4 4 6
g 4 4 1
m 5 6 0
m 5 7 1
m 6 3 4
m 6 5 3
m 1 2 1
m 1 3 1
m 2 0 4
g 2 4 6
m 3 6 3
m 4 0 8
m 5 6 2
g 5 1 3
m 6 5 7
m 2 5 0
m 2 7 6
m 3 5 7
m 3 8 6
m 4 1 5
m 5 3 7
m 6 1 1
m 6 6 2
f 6
m 1 1 8
g 1 4 1
m 2 5 5
m 2 3 4
m 3 3 4
q 3
m 4 2 0
m 5 1 2
f 5
m 6 4 2
m 6 3 2
m 1 5 4
m 1 2 3
q 1
m 2 1 6
m 2 5 6
m 3 5 3
m 3 7 5
m 4 7 6
b 4
g 4 4 0
m 5 2 5
m 5 6 3
m 6 0 3
f 6
m 1 2 0
m 2 7 3
m 3 8 0
m 3 6 3
m 4 0 1
m 4 8 6
m 5 1 4
m 5 7 1
p
m 6 3 8
b 6
m 1 1 8
f 1
m 2 6 2
m 3 2 0
m 4 1 3
b 4
m 5 6 6
m 5 6 1
q 5
m 1 6 3
m 1 6 1
m 2 1 8
m 2 8 1
m 3 4 4
m 4 0 3
f 4
m 5 0 2
m 5 5 6
m 6 6 3
m 6 7 5
m 2 4 7
m 3 1 1
m 4 0 0
m 5 4 7
m 6 1 6
g 6 5 4
m 1 1 2
m 1 4 0
m 2 4 1
m 3 8 2
m 4 0 7
m 5 0 1
m 6 4 2
f 6
m 1 6 2
m 1 6 3
q 1
m 2 6 0
m 3 6 2
m 3 4 6
p
m 4 4 7
m 4 4 5
m 5 3 5
m 5 2 1
m 6 5 6
m 6 3 4
b 6
m 1 6 6
f 2
m 3 0 3
m 3 8 0
m 4 0 7
p
m 5 0 7
b 5
m 6 0 1
m 1 2 7
m 1 0 6
g 1 5 2
m 2 6 6
m 3 4 8
m 3 2 3
b 3
f 3
m 4 3 8
m 4 1 5
m 5 4 6
m 5 6 3
m 6 2 3
m 1 0 1
m 1 1 6
m 2 7 4
m 2 7 2
m 3 0 6
m 4 0 7
m 5 4 2
m 5 1 1
m 6 6 3
m 6 1 4
b 6
g 6 5 2
m 1 6 6
m 1 4 3
m 2 0 7
m 2 3 6
f 2
m 3 5 3
b 3
m 4 0 2
m 5 3 8
m 6 4 2
m 6 1 2
m 1 0 3
m 2 4 8
m 3 1 4
m 3 5 1
m 4 6 1
m 4 4 1
m 5 6 2
m 5 5 6
m 6 2 2
b 6
m 1 3 8
m 1 0 6
m 2 6 2
m 2 6 6
m 3 6 2
m 3 3 2
q 3
m 4 2 5
f 4
m 6 3 8
m 6 0 2
g 6 3 1

