B 10 4 6 6
m 1 6 0
m 2 3 2
m 2 1 3
m 3 3 5
q 4
m 5 0 5
m 6 1 5
m 1 3 0
m 2 1 7
m 2 2 2
b 2
q 2
m 3 1 7
b 3
q 4
m 5 3 5
m 6 4 1
m 1 1 6
m 1 0 1
m 2 1 1
b 2
m 3 1 5
m 4 3 5
m 5 6 1
m 6 4 1
m 1 1 1
m 2 0 5
m 2 2 2
m 3 2 1
m 4 8 1
p
m 5 5 0
p
m 6 0 7
m 1 0 1
b 1
q 1
m 2 3 4
m 3 2 4
m 3 0 2
m 4 2 5
m 5 3 2
m 6 3 3
m 2 0 1
m 4 1 9
m 5 9 2
m 5 1 3
f 5
m 6 3 0
m 1 3 0
g 1 3 3
m 2 3 2
b 2
m 3 0 2
m 3 1 0
b 3
m 4 3 8
m 5 7 2
m 5 7 3
m 6 1 7
m 1 4 1
f 1
m 2 3 1
b 2
g 2 1 6
m 3 3 0
p
m 4 3 4
m 4 2 1
q 4
b 5
q 5
m 6 0 2
m 6 1 1
q 6
m 1 4 2
m 1 0 2
m 2 9 3
m 3 0 8
m 3 0 2
b 3
m 4 3 2
m 4 1 2
m 5 5 3
g 5 2 0
m 6 0 4
m 1 4 3
m 2 2 6
m 2 6 2
m 3 6 1
m 3 0 0
f 3
m 4 1 7
f 4
m 5 3 0
m 5 4 2
m 6 0 2
m 6 8 3
m 1 1 9
q 1
m 2 0 2
m 2 8 0
p
m 3 1 9
m 3 3 2
m 4 1 3
m 5 1 7
m 5 3 3
f 5
m 6 0 4
f 1
m 2 1 7
m 2 1 2
m 3 1 5
q 3
m 4 2 1
m 4 9 1
m 5 2 5
m 6 2 1
m 1 9 2
m 2 6 1
p
m 3 7 1
m 3 1 2
f 3
m 4 8 3
m 4 4 1
m 5 0 4
b 5
g 5 2 1
m 6 1 3
q 6
m 1 0 7
p
m 2 3 0
m 2 6 2
f 2
q 2

