B 10 10 3 31
m 1 4 3
m 1 2 7
m 2 7 8
m 3 6 3
m 1 4 5
m 3 6 9
m 1 0 3
m 1 9 6
m 2 4 6
m 3 2 4
m 3 6 6
m 1 2 0
m 1 6 4
m 3 4 9
m 1 0 9
m 1 2 7
f 1
m 2 4 5
m 3 9 8
m 1 8 6
m 2 1 7
m 3 7 5
m 3 9 1
m 2 6 6
m 2 1 9
m 3 1 2
m 1 5 8
m 2 4 0
m 3 5 6
m 1 2 0
m 1 6 7
m 2 8 8
m 3 4 9
f 3
m 1 3 2
m 2 4 4
m 3 2 9
m 3 4 3
m 2 8 6
m 3 1 2
b 3
f 3
g 3 6 4
m 1 3 9
b 1
m 2 4 4
m 3 8 4
m 3 4 2
m 1 7 0
m 2 3 5
q 2
m 3 7 7
g 3 7 1
m 1 1 0
m 1 6 6
b 1
m 2 2 2
m 3 8 0
m 3 1 1
m 1 4 5
m 1 1 9
g 1 5 3
p
m 2 9 7
m 2 8 3
m 3 2 6
b 3
m 1 0 3
m 2 3 4
m 3 1 5
m 1 2 1
f 1
m 2 4 8
m 2 0 8
m 3 5 6
m 3 9 6
m 1 7 2
b 1
q 1
m 2 3 2
m 3 1 9
m 1 2 0
m 1 0 6
p
m 2 5 6
m 3 3 5
m 1 3 2
m 2 3 1
m 3 7 5
m 3 1 6
b 3
m 1 8 8
p
m 2 8 8
m 2 5 9
p
m 3 5 6
m 3 3 4
m 1 5 6
m 2 3 3
m 2 4 4
m 3 2 1
b 3
m 1 3 5
f 1
p
m 2 2 8
m 2 7 2
m 3 7 3
m 1 0 9
m 1 7 0
q 1
m 2 5 0
m 2 0 9
m 3 5 0
m 1 2 9
m 2 5 6
m 2 0 1
p
m 3 8 1
m 1 2 8
m 2 7 3
m 3 6 7
q 3
m 1 0 0
m 2 8 3
m 2 2 0
m 3 4 1
m 1 8 1
f 1
m 2 9 4
m 2 7 9
f 3
m 1 2 5
m 1 2 8
b 1
m 2 8 5
m 3 1 7
m 3 0 1
m 1 9 9
m 1 2 7
m 2 1 8
m 2 3 3
m 3 2 8
q 3
m 1 7 3
m 2 9 6
m 2 5 8
g 2 2 1
m 3 2 5
m 1 0 6
f 1
p
m 2 8 7
m 2 6 1
m 3 2 5
m 1 2 5
m 1 2 7
m 2 4 5
m 2 6 7
m 3 8 8
m 1 7 4
m 2 4 0
m 2 1 1
m 3 5 8
m 1 8 5
m 1 1 3
q 1
m 2 6 7
m 2 6 2
f 2
m 3 7 4
m 3 1 2
m 1 7 5
m 1 7 6
f 1
g 1 7 7
m 2 3 5
m 2 0 1
q 2
m 3 5 2
m 3 7 0
m 2 3 9
m 3 5 6
g 3 0 1
m 1 0 3
m 2 0 9
m 2 4 4
f 2
m 3 1 5
b 3
m 1 8 6
m 2 5 3
m 3 7 3
m 3 1 5
b 3
m 1 3 9
b 1
q 1
m 2 8 3
m 2 3 0
b 3
f 3
m 1 2 8
m 1 4 2
m 2 0 1
m 2 1 5
g 3 3 5
m 1 5 5
q 1
g 1 2 5
m 2 4 0
f 2
m 3 1 7
m 1 4 5
m 1 8 7
m 2 2 9
m 2 3 5
m 3 5 6
m 1 7 8
m 2 8 6
m 3 1 7
m 3 4 7
m 1 4 2
p
m 2 4 1
m 3 0 8
m 3 5 4
f 3
g 3 9 1
m 1 9 8
m 1 2 5
b 1
f 1
m 2 7 0
m 2 0 1
m 3 8 8
m 3 0 7
m 1 4 1
m 1 5 8
q 1
p
m 2 5 0
q 2
m 3 0 6
m 1 3 2
m 1 6 1
b 1
f 1
m 2 7 3
m 2 7 6
m 3 4 1
m 1 2 9
m 1 7 6
b 1
q 1
m 2 4 6
m 3 8 0
m 1 6 9
m 2 1 7
m 2 5 8
m 3 8 8
m 1 7 1
m 1 6 2
m 2 1 5
m 2 6 5
m 3 5 1
m 3 3 0
b 3
f 3
m 1 4 0
m 1 0 7
g 1 4 6
m 2 2 9
p
m 1 4 0
m 2 1 5
m 2 2 0
p
m 3 6 2
m 3 2 7
m 1 8 3
p
m 2 5 9
m 2 2 9
m 3 6 3
m 1 2 0
m 1 1 8
m 2 5 9
m 2 7 5
m 3 8 5
m 1 3 3
m 2 7 5
m 3 5 0
f 3
m 1 6 3
m 1 8 9
p
m 2 1 8
m 2 7 5
m 3 3 2
m 1 0 6
m 2 8 3
m 3 2 2
p
m 1 2 9
m 1 1 8
p
m 2 3 9
m 2 6 9
m 3 5 0
m 3 5 3
q 3
m 1 3 9
m 2 5 9
q 2
m 3 3 9
f 1
m 2 3 2
m 2 2 1
f 2
m 3 1 4
m 1 3 2
m 1 9 6
p
m 2 2 8
m 2 9 3
b 2
f 2
m 3 5 1
m 1 3 8
m 2 7 1
b 2
m 3 2 0
m 1 5 9
m 1 2 4
m 2 3 3
m 3 2 8
m 3 9 5
m 1 5 0
m 1 9 2
m 3 7 5
m 1 7 3
m 1 2 5
m 2 2 8
m 2 4 6
m 3 0 6
m 3 1 2
m 1 9 4
m 1 0 2
m 2 8 5
m 2 1 9

