B 4 8 4 2
m 1 1 6
b 1
m 2 6 2
m 2 1 5
m 3 3 0
m 3 2 3
g 3 6 1
m 4 3 3
g 4 3 2
m 1 4 2
m 1 3 5
m 2 1 7
m 2 0 1
q 2
m 3 2 6
m 4 0 2
m 4 1 6
m 1 1 3
m 2 1 2
m 2 1 7
q 2
m 3 7 0
m 4 7 2
m 1 2 6
m 2 2 6
m 2 2 4
q 2
g 2 3 3
m 3 4 0
m 3 1 4
b 3
m 4 3 6
m 1 1 2
m 2 0 4
f 2
m 3 3 1
m 3 2 6
m 4 5 0
m 4 0 0
b 4
f 4
p
m 2 3 1
g 2 3 3
m 3 7 0
m 3 1 4
b 3
m 4 6 3
g 4 7 1
f 1
m 2 2 6
m 3 2 7
m 3 2 1
m 4 3 2
f 4
q 4
m 1 0 1
m 1 0 4
m 2 6 3
m 2 3 3
m 3 3 0
f 3
m 4 0 4
m 4 1 4
g 4 1 2
m 1 3 2
q 1
m 2 1 1
m 3 4 0
q 3
m 4 3 2
m 1 3 1
m 1 0 0
m 2 4 3
m 2 0 2
m 3 1 1
m 4 2 6
f 4
m 1 2 1
b 1
m 2 7 0
b 2
m 3 3 1
m 4 4 1
m 4 0 5
q 4
m 1 5 2
m 1 1 2
m 2 4 1
m 2 2 0
m 3 1 0
m 3 2 3
g 3 2 3
m 4 7 0
m 1 2 2
q 1
m 2 0 2
m 3 0 2
m 3 1 4
q 3
m 4 2 2
m 4 0 0
m 1 7 0
m 1 0 3
p
m 2 0 7
m 2 1 3
m 3 0 7
m 3 0 2
b 3
f 3
m 4 4 0
m 1 0 7
m 2 4 0
m 2 3 5
m 3 0 0
m 3 0 5
m 4 4 3
f 4
m 2 3 0
m 2 0 1
m 3 1 2
q 3
m 4 7 2
m 4 2 7

