B 5 3 3 7
m 1 0 2
m 2 1 1
m 2 3 0
m 3 1 4
m 1 2 3
m 1 3 1
q 1
m 2 1 2
m 2 3 1
m 3 0 0
m 1 1 1
m 2 1 4
m 2 4 2
b 2
m 3 0 1
m 3 2 2
m 1 0 1
m1 3 7043ë632947
m 2 0 4
m2 1 2
m 3 1 2
m 3 3 2
m1  				  		 		 	 		   	 		 	 			   			    		      		 			 		  				  	 	 	   		 		    		 	 		 				 	  			 	   		 	  				  		    		   	 	  		 	 	  	  					      	 				   			 	 	  				   	 	 		 		  	 		 		 	 		 	 		 		   	  		  		 		 	   	 		  		  						     							 		 	 	  	   		  	 	 		 				 			 					  	 	 	 	 	 	 	 		      	 		   		 		   			 		 				   	   	  		  	 	 		   		 	   			   	  		 	  				 	 	      	 				  					  	  				 	   		 	 			 	    				   		 	   		     	  					  				 	 			 	 	    	 				   		 					 		 	    		 	   		      		 			 			 	  	   	 	  			       		  				 	    	 	 		 	 	  				  			   	 	  	  	  			     		 						    	 	  	 			 			  		 			 		 	 					 		   	    		   		  	  	 	 	  	  	 	  		  						 		  	 				    				 		 	 			 	 	   	 		  	  		  		 				    			 	 			  	 	 	     		   	   	  	    	   			 	   		  				  	 	  	  									  										   		  	 				  			 		  		 						     			 	 	        	      		  		 	  		        			  	 			  		   	 	 		   	 			   		 	   	  		    	  				  		 		   				 			 	 			   	 		  	   	  		 		    				 	 		 	 	 			  			     		 						   	 	    			  	 		 				    		  								  	 	  	 	  	  		   		  	   		 	  	 	  				 	   	 								 			 	 	 	    		 	 	 				 	  	 				 		 		    	 				 	 	 	  	   	    	  	   	 	   	  						 	 			  		  		    	 				 		  		  		 					   		 		 	 	 			  	       		    	 	  		 	  					 		    		     	 	     	 	  	 	 		 	             			 	   						 								 		   	    		 		 	  							  	 	    	   		 	 			 		 	  	   	 	 	 		 	 	 					     		  	 	    		 					 		     				 	 			 	 			 					 			  		 		 				  		 	 			          	 	 			 					  			  	 	  			 						  		  	  		  					  		 		  		 			   			 	 	 		  	 	 	   		 								 	  	 	 		  		 	  	    		  	 	 		  	   					 		  			  			 	 				 	 			    				    	  	 			 						  					 						   			 	 			 	 	 	 		  					   		  		  	 	 	  	  	  	  	 		  	 			 			 		 	   			  		  	  	 		    	 	 	    	   	 		   				  		 	  	 	  		 	 	 			 		      	   			 		  	  	 	 					 	 	  				 	 					 	 	   		  	  	 	 		   	   	  	  	 	           		 	 	  		 		  			  			        	  	 	    		   		        	 		 				  		   		 			   			   		 			  			 			 							 					 		  	   			   		  	 	 	  		  	   		 	   			 			 	 	   	 	 			 		 	  		   	 				  	 			  	 	  				     	 			   				    	 			  	 	 	   			         			  			  			 			  	  	 		 	    		  		  		  	 	 	    	  	   		    	     	  	 	  		 	  			   		    	 	    									  	 	  	  	 	 		   	   	 	   					 						        			  	 	 	 	  	  	   		 			 			        						 		 		 		 	     	 	 										  			        	 		 		 		 					  	 			 				 		 	    	  	  		 			  		 	 	 	   		  	 		  				     					  	  			  				  		  		    			 	 		 		   	  	 		     	  			  	  			 		   	 		 				 	 	   	 	  		  		 		             	  	 	 	 				    	      	   				 			 	  	 		    	 	  				   	 		 			 		 	  	    	 							 		  	 		   		 	  			    		 	 	  			  	 			   		 		   	 				 				 	 		   	   		 		  	    				 			 					 	 	  	 		 		 		  	 				  			 	  		  	 	 		 	 	      	 	 						     		  	    	  			     								  		 	 		    	     		  	  	  	 		 		 	  		 			  	     	  	  	  				 		 		  			 								 	 	  			     		 		   		 		 	 		    	 	  	 				          			     					  		 	 		 	 					  		 	  			 					 	 		  	     		  	 		 	 	 			 		  			  			  		  	 	  	   		 	  	 				 		  	 	 	  	 			  		 							    			 	 	 		 	 	 			    	 	 						 	 		 	 	    			       		 		      	 		     	 		  		  	  		 						  	   				 		 	   	 	  		   	 	 	   	 		 			 	    		 		 			  		 	 		  		   			   		 	  	 					 		   		   		  		 	  		   	 	 			 		     	 	 		 		 			 	 				   				 	 		 	  		 	  	  	      		 	 						 	   								 					   	 		  		 			   	 	 	    		 	 		   	 			 		  					  	 	 	 	 		  				 			 		 			  	   	 			 			 	 	 	 		 	  	   		   		  	  	  		  			 	   			 	  		 		 	  		   					 				 		 		   			 		 		 	  			   	 		 	  	 		 			      	 		   				  	 	  					  	   		 	 	    		  	  		         		   	  	 	 			 	 	   		  	 	  		      	    					 	     			 			 					 	     	  	    		 	 	 	 			 				 						 	 	   	 	   		  	 	 					 				  	  			   			 			 	   	 	  		 		 		  	  					 		  	 	 	 	 		         				 				  		 	  		  		  					   		 		   		 			 	 	   	  		 	  	 		  	 				   		  		 	  		 	    				 	 	 	 	 				  		 	   		  	 	     		  					 				 	        	 		 			 	 	 		  			  		  		 	 	  	 		1  				  		 		 	 		   	 		 	 			   			    		      		 			 		  				  	 	 	   		 		    		 	 		 				 	  			 	   		 	  				  		    		   	 	  		 	 	  	  					      	 				   			 	 	  				   	 	 		 		  	 		 		 	 		 	 		 		   	  		  		 		 	   	 		  		  						     							 		 	 	  	   		  	 	 		 				 			 					  	 	 	 	 	 	 	 		      	 		   		 		   			 		 				   	   	  		  	 	 		   		 	   			   	  		 	  				 	 	      	 				  					  	  				 	   		 	 			 	    				   		 	   		     	  					  				 	 			 	 	    	 				   		 					 		 	    		 	   		      		 			 			 	  	   	 	  			       		  				 	    	 	 		 	 	  				  			   	 	  	  	  			     		 						    	 	  	 			 			  		 			 		 	 					 		   	    		   		  	  	 	 	  	  	 	  		  						 		  	 				    				 		 	 			 	 	   	 		  	  		  		 				    			 	 			  	 	 	     		   	   	  	    	   			 	   		  				  	 	  	  									  										   		  	 				  			 		  		 						     			 	 	        	      		  		 	  		        			  	 			  		   	 	 		   	 			   		 	   	  		    	  				  		 		   				 			 	 			   	 		  	   	  		 		    				 	 		 	 	 			  			     		 						   	 	    			  	 		 				    		  								  	 	  	 	  	  		   		  	   		 	  	 	  				 	   	 								 			 	 	 	    		 	 	 				 	  	 				 		 		    	 				 	 	 	  	   	    	  	   	 	   	  						 	 			  		  		    	 				 		  		  		 					   		 		 	 	 			  	       		    	 	  		 	  					 		    		     	 	     	 	  	 	 		 	             			 	   						 								 		   	    		 		 	  							  	 	    	   		 	 			 		 	  	   	 	 	 		 	 	 					     		  	 	    		 					 		     				 	 			 	 			 					 			  		 		 				  		 	 			          	 	 			 					  			  	 	  			 						  		  	  		  					  		 		  		 			   			 	 	 		  	 	 	   		 								 	  	 	 		  		 	  	    		  	 	 		  	   					 		  			  			 	 				 	 			    				    	  	 			 						  					 						   			 	 			 	 	 	 		  					   		  		  	 	 	  	  	  	  	 		  	 			 			 		 	   			  		  	  	 		    	 	 	    	   	 		   				  		 	  	 	  		 	 	 			 		      	   			 		  	  	 	 					 	 	  				 	 					 	 	   		  	  	 	 		   	   	  	  	 	           		 	 	  		 		  			  			        	  	 	    		   		        	 		 				  		   		 			   			   		 			  			 			 							 					 		  	   			   		  	 	 	  		  	   		 	   			 			 	 	   	 	 			 		 	  		   	 				  	 			  	 	  				     	 			   				    	 			  	 	 	   			         			  			  			 			  	  	 		 	    		  		  		  	 	 	    	  	   		    	     	  	 	  		 	  			   		    	 	    									  	 	  	  	 	 		   	   	 	   					 						        			  	 	 	 	  	  	   		 			 			        						 		 		 		 	     	 	 										  			        	 		 		 		 					  	 			 				 		 	    	  	  		 			  		 	 	 	   		  	 		  				     					  	  			  				  		  		    			 	 		 		   	  	 		     	  			  	  			 		   	 		 				 	 	   	 	  		  		 		             	  	 	 	 				    	      	   				 			 	  	 		    	 	  				   	 		 			 		 	  	    	 							 		  	 		   		 	  			    		 	 	  			  	 			   		 		   	 				 				 	 		   	   		 		  	    				 			 					 	 	  	 		 		 		  	 				  			 	  		  	 	 		 	 	      	 	 						     		  	    	  			     								  		 	 		    	     		  	  	  	 		 		 	  		 			  	     	  	  	  				 		 		  			 								 	 	  			     		 		   		 		 	 		    	 	  	 				          			     					  		 	 		 	 					  		 	  			 					 	 		  	     		  	 		 	 	 			 		  			  			  		  	 	  	   		 	  	 				 		  	 	 	  	 			  		 							    			 	 	 		 	 	 			    	 	 						 	 		 	 	    			       		 		      	 		     	 		  		  	  		 						  	   				 		 	   	 	  		   	 	 	   	 		 			 	    		 		 			  		 	 		  		   			   		 	  	 					 		   		   		  		 	  		   	 	 			 		     	 	 		 		 			 	 				   				 	 		 	  		 	  	  	      		 	 						 	   								 					   	 		  		 			   	 	 	    		 	 		   	 			 		  					  	 	 	 	 		  				 			 		 			  	   	 			 			 	 	 	 		 	  	   		   		  	  	  		  			 	   			 	  		 		 	  		   					 				 		 		   			 		 		 	  			   	 		 	  	 		 			      	 		   				  	 	  					  	   		 	 	    		  	  		         		   	  	 	 			 	 	   		  	 	  		      	    					 	     			 			 					 	     	  	    		 	 	 	 			 				 						 	 	   	 	   		  	 	 					 				  	  			   			 			 	   	 	  		 		 		  	  					 		  	 	 	 	 		         				 				  		 	  		  		  					   		 		   		 			 	 	   	  		 	  	 		  	 				   		  		 	  		 	    				 	 	 	 	 				  		 	   		  	 	     		  					 				 	        	 		 			 	 	 		  			  		  		 	 	  	 		2
m2 0 
m 1 1 2
m 1 2 2
m 2 3 1
m 3 1 4
m 3 4 1
m 1
 0 2
f 1
p
m 2 4 2
m 3 0 2
m 1 2 0
m 1 1 0
p
f 2
m3 1 2
m 3 1 1
q 3
m	1 1 2
m 1 2 2
m2 1 2
m 3 1 0
m 3 4 1
 3 1g2
m 1 3 0
m6 0 4
m 3 2 2

