B 4 3 3 4
m 1 0 1
m1 2 2
m 2 2 3
b 2
 
f2
p
m 3 0 1
m 3 3 0
p
m 1 0 0
m 1 1 2
m 3 1 2
m 3 0 1
m 1 0 2
m 2 0 1
m 1 2 3
m 1 3 2
m 2 1 1
m 2 2 0
m3 1 0
q43
m1	  1	  3
m 2 1 2
m 3 1 2
m 3 1 2
b
3
f 3
m 1 1 3
m1 1 1
m 2 0 0
m 3 3 0
m 3 0 2
22 1 m
m 3 1 2
m-4	   	 		       						  	 	  	 	   					 	 	  	   	  		    	     	    	  			 		     	  	 		  										  	 	  	      		  	 	 	  				  	      		 	 		  	 	  		  	  	 		   		 	  							  			 	 	      	 		   	   		 		 		 		 					 		 	 	 	   	  				 	 		  	 			 	 	 							  		    	  	    	 	 			  		   	   		 	 		  	  	  	 	    	  	 		 			 			   		  								     			    	 			  			 		  			  	  			 	 	  		  		 		     				  			 	 	 		  			 				 	   	  		 			      		 	 				  				  	  			 	  				 			  		 		 	    	  	  	 	 				  		    		     		  	   	    	  	 	 			 				  	     		 	  			   								 		    		  	   	 	 		 						    			  		  		  						 	  				  	  	    								     		 	 										 		     	   		   						  		 	   		    		     		 	  	     	 	      	  								   			   		  	  		  	 	  	    		 	  	 		 	 		 		 	  		 		 	  		  	 			 	 	  	 		  	   				 		 	 	   	 		 			 	   							  				 		 	 	 		      	      				    	 	  	   	       			  	 				   		 	 			 	 	   	  	 		   	 		 	 						  	       	     	  			 		  		   			   	 	   			 	 		 		  		 		 	 					   	 	 	 	   				 		 	  			  		   		 		 	 	 	  	  	  			60
m 2 1 2
m 2 1 2
hm3Õ90885726 1 3

