B 3 4 4 4
m 1 1 2
m 1 0 2
q
m 	2 0 2
m 2 1 0
m 3 0 0
m8 0 0
f 2
m 3 1 1
m 3 0 1
b 3
m4 2 10
m 4 2 0
m 1 2 0
m 1 2 3
m 2 3 0
m 2 0 1
p
m 3 1 2
m 3 0 3
m 4 3 1
m 4 1 1
q 4
p
m 1 1 1
m 1 0 2
m 2 1 2
m 3 1 1
m 4 1 2
m4 2 3
m 1 2 3
m 2 1 2
m 2 0 2
	
q2
m 3 3 1
m 3 1 1
m 4 3 1
m4 6 3
m4516154447 1 1
m 1 2 2
f 1
m 2 1 2
m2  			    	 	 		     				  				  	      	 		 			 	   	  	  			 		 	 	   	  	  						   			 	 				 		 		 	  	  			 		 		  			  	  	 					     	   	        		 	 	    	 		 	  	 	   		 		   			    				  			 					  	  	 	             	 	   	 	 		 	   	  	 		 	   	 		 		  		  		  		  	 	 	   	 	  	   		  	  					  		 	 		 		   		 			   			 			 				 		 	  		 		 					 	 		  				    				 	   		 	 	 	  	   			        	 		   			       					  	    	     		 	    		    	 			     			 	 	 	  						 	 			 	  					 			 			  	 	 	  	   			  	 	  	  			 				 		    	     	 						 	   	  		 	 					  	   		 			  		   	 		  			 	 		 		    		      	  		  	   	 	 		 	 	  	 	    	 		  			    			  		  	   	 		    	 		 				    					  		 	   	 	 	 	 	    	 	 	 								  	 	 			 	  	 									  			 	   	  	   			 			 	 	 	 		  							 	  				  		    			 			   	   		 		 			  	 	 	 	   	 		   			 	  	  				 	 	   	   	      	    		 	   	 		       	 							  		   	  		 	  			  	 	  	 		 	 		 	     			 		 			     		      				 		 	 	 	 			 	 	  			   	   	 	  			  		  	   	 	 	 	 	   					 			 		 				  		 	       	 	 		 	 	   	 	 		 	 		  		  				  	 		 				  	 		   	 			 	  		      	    	  				 		 			 		   		  	  	 			  		 		 		    	 			   	 	 	 	  					     	 		 	  		  	  			 	   	  	  	 	  	 			 			 				   					 		  		 	 	   	  	  		 	 	 		 		   	   	  	    			 		  	   				 				  	  		 					  	 		  	    		  		 		    	    		 		  				   			 		 	   	 	  		   	 			 	          	 	    			   	 					  	    	  	  	    	 	   			  	 	   		 			 	 				 	 			 	   	    		   	 	 	   		   				 	 	 		 				 	      					 	  		 	 			   		 	 	    					  		   	 		   	 	 	   		 				  		 	    		 		   	   	  		   		  	  		  	 	 	 	 	 	   	 	  	 	  				  			 			 	  2  			    	 	 		     				  				  	      	 		 			 	   	  	  			 		 	 	   	  	  						   			 	 				 		 		 	  	  			 		 		  			  	  	 					     	   	        		 	 	    	 		 	  	 	   		 		   			    				  			 					  	  	 	             	 	   	 	 		 	   	  	 		 	   	 		 		  		  		  		  	 	 	   	 	  	   		  	  					  		 	 		 		   		 			   			 			 				 		 	  		 		 					 	 		  				    				 	   		 	 	 	  	   			        	 		   			       					  	    	     		 	    		    	 			     			 	 	 	  						 	 			 	  					 			 			  	 	 	  	   			  	 	  	  			 				 		    	     	 						 	   	  		 	 					  	   		 			  		   	 		  			 	 		 		    		      	  		  	   	 	 		 	 	  	 	    	 		  			    			  		  	   	 		    	 		 				    					  		 	   	 	 	 	 	    	 	 	 								  	 	 			 	  	 									  			 	   	  	   			 			 	 	 	 		  							 	  				  		    			 			   	   		 		 			  	 	 	 	   	 		   			 	  	  				 	 	   	   	      	    		 	   	 		       	 							  		   	  		 	  			  	 	  	 		 	 		 	     			 		 			     		      				 		 	 	 	 			 	 	  			   	   	 	  			  		  	   	 	 	 	 	   					 			 		 				  		 	       	 	 		 	 	   	 	 		 	 		  		  				  	 		 				  	 		   	 			 	  		      	    	  				 		 			 		   		  	  	 			  		 		 		    	 			   	 	 	 	  					     	 		 	  		  	  			 	   	  	  	 	  	 			 			 				   					 		  		 	 	   	  	  		 	 	 		 		   	   	  	    			 		  	   				 				  	  		 					  	 		  	    		  		 		    	    		 		  				   			 		 	   	 	  		   	 			 	          	 	    			   	 					  	    	  	  	    	 	   			  	 	   		 			 	 				 	 			 	   	    		   	 	 	   		   				 	 	 		 				 	      					 	  		 	 			   		 	 	    					  		   	 		   	 	 	   		 				  		 	    		 		   	   	  		   		  	  		  	 	 	 	 	 	   	 	  	 	  				  			 			 	  1
m 3 3 1
b 3
q 3
m413
m 4 1 3

