B 4 5 2 19
m 2 1 0
m2 2 0
m 1 3 1
f 1
m 2 2 2
m 2 0 1
b 2
f 2
m 1 2 3
b 1
m 2 0 0
m 1 4 1
m 1 3 3
m 2 2 4
m 2 3 0
m1 2 3
m 2 2 3
m 2 3 1
m1 0 3
p
m 2 2 1
m1 1 4
m 1 2 3
m 2 1 4
p
m1 2 3
m 2 1 1
2m	3	1
m 2 0 2
f 2
m 1 2 3
m 1 2 0
m 2 0 0
m 2 1 2
q 2
 ´m1o -3 2
m 1 2 0
b 1
m 1 0 1
m2			 	  0			 	  3
m1 2 3
m 2 3 4
m 2 2 0
p
m 1 2 3
m 1 0 4
m 2 2 3
m 2 1 2
m 1 2 3
m 1 2 3
m-1 2 3
m 2 2 0
b 2
g 2 3 0
m1f 3 -9
m 2 3 1
m 1 3 1
m 1 1 3
m 2 2 3
m 1 2 3
q 1
p
m 2 2 3
q 2
m1 2		
 3
	m
1 
34
m 2 0 4

