B 4 3 3 1
m 1 1 1
m 1 2 0
f 1
m 2 2 2
m 2 1 2
m 3 0 0
m 1 1 2
m10 3 1
m 2 3 0
m 2 0 0
m 3 2 3
m 3 3 0
m 1 0 1
g 1 0 0
m 2 0
m3 1 3
m 3 0 2
m1 0 1
m1	         					       	    	 	  	 		   	     	        	   		   			  	 	 		  		 	 			  					 	     	   		 	  		  	 		 	   	 				 		  					  		 	    				 			   		  		   		  	 	     		  			 		 	 		 	     	         		 	 	  	     			  	 	      			  		 			 	 		 	 					 	 	        				 	 	    	 			 	   	  	  	 	 	  	  	 		 		  		 		 		 		 	 	  		     	     	  		  	   	   	    	    	 	  		 		   	   	 				 	 		 				  		  	  	  	 		  	  			 	   				  		 		 					 	 		 	  	      	    		 				    		 	 				  	 		  	    	  		  	 			 	  	   				 				  	  		   		  						 	 	 	  	 			  			  			 		 		 	 			   		 					 	  	  		  	 	  				 			 				 		    			 		 	   	   	   	   	  	 		 						 			 	      	   			  		    		 		 			  	 			 				 	 		 		 			 	    		   		  	 	 		  								 		 	   			  		 	 	    					  	 	    				        	 	    	    	  		 		 		  		   		 	 	 		          	  	 			 	  	  	      	    	 			  	 				  	   	 	   	 		 	     		      	  	     	 		 		  		 	 	 		 	 	    	  	 		  		 			 	 	   		   					  	 	 	 	   		   		 		  			   		  			 				   	  		   		 		 	 		  						 	 	   		  	    	 		 	 		 		 			 				 	 		   		  				  		    	 	   	 	 	 	 							   		 	  		   	 		 	 				 	  	 	   	 				 	  		 	  			    				      	 	 	  		 				 		  	 	 	  			    					   	 				 	   		  	  		       	  	   	 	   			   		 	 	 	    	 				 	  	 		 	  		 	 	   	 	  	  	  			 		  		   		 	 	  	      	     	 		 	 	 	 	     				   		 	  	    	  			             		      	  	  	  		   		 		 	    	 		 		 	   			       	  	    	  	 	   		 		 	  						   		   				   	  	     	  	   			 	     		   		  			 		 	  	     	 	   	 	  		  	 	 	  	    	 	 								 				 	 					  	  		 		  				  	   				 		  	 	  						     			 	    			  				     			 	  	 			   			 			 		 			    	  	 				  	 		 	   		 		 	  	 				  			  			 	    	 	   	    		  				 					 	 	  	 	   	     	 		 		 		 			  	 			 		    	  	 				 	    				   		  		  	   	   	 	   			 					      	 	   		 				   		   	 	 		  	  				  	 					  	 	  		   	  	 	   	  	 		 	   	 	 	     	   	 				  		 	    	       	 					 	 	 		 		 	  	 		    		 		 		      	 	     	   	 	   	   	      			   				 	 	  					  			 	    										  		  	 						   	   		  	 			   	 					   	 				  			  	  		 	   		   			     			   		 						    		 	  	  		 	  	  			     		  			     		  	 			 								 			 	 	 		 	   	 	 	  	  						 		    	    	   	 		 	   	   			  				 		  	 		    			  		 	 		 	      	   		 	  	     		    				 	   		     		 	   	 			  			   					 	 	      	 		 		 		 	   	   		 	  				  	  				    	 	   	       		 		  	    	      	 			 			 	 						 	  		 		  	 	 	     	    		 		 					 	  	  	 	    	  	   		  	 	 	 	  							  							      			 	 	    	 	  	       	 		  	   	 		 	 			 		 			 		 	  	  	 		     			     									        					   	  	  		      		  			      		    		 	   	 		      	  						     			 				        				 						     						   		 		 	  	 	  		 		 		 		  	  							 	  	  	  	    			  		  							       		  			 			 		  		 					     	 			  	 	    	  		    		 		  		 	 			  	  			 			 	 	 	 					    					   					 	 	  	      			 	 			 			 			 	  			   		  			 		 			 		      			    	 	 	    	 			 	 	  	 				  		  	     	 	 	  	   		  	 			 			    		 	 	   			     	 			   			 	 	 		    			 		 		  				    	  	 	   	 	     	  	    	  			  			  	  	  	 			 	   	  	 	  	 		  	 		 			  		   	  		 		 							 	 	 			     	   			     	    		 	 	   	 			 		   			  						  			  				 	 				     	   		 	 		  	 		   		   		   	 				 				 						  	   			 				 		 		   	  		 	 				 				  	     						 	 	     	 	 					 	   	 	   						 			  	 	 		    3	         					       	    	 	  	 		   	     	        	   		   			  	 	 		  		 	 			  					 	     	   		 	  		  	 		 	   	 				 		  					  		 	    				 			   		  		   		  	 	     		  			 		 	 		 	     	         		 	 	  	     			  	 	      			  		 			 	 		 	 					 	 	        				 	 	    	 			 	   	  	  	 	 	  	  	 		 		  		 		 		 		 	 	  		     	     	  		  	   	   	    	    	 	  		 		   	   	 				 	 		 				  		  	  	  	 		  	  			 	   				  		 		 					 	 		 	  	      	    		 				    		 	 				  	 		  	    	  		  	 			 	  	   				 				  	  		   		  						 	 	 	  	 			  			  			 		 		 	 			   		 					 	  	  		  	 	  				 			 				 		    			 		 	   	   	   	   	  	 		 						 			 	      	   			  		    		 		 			  	 			 				 	 		 		 			 	    		   		  	 	 		  								 		 	   			  		 	 	    					  	 	    				        	 	    	    	  		 		 		  		   		 	 	 		          	  	 			 	  	  	      	    	 			  	 				  	   	 	   	 		 	     		      	  	     	 		 		  		 	 	 		 	 	    	  	 		  		 			 	 	   		   					  	 	 	 	   		   		 		  			   		  			 				   	  		   		 		 	 		  						 	 	   		  	    	 		 	 		 		 			 				 	 		   		  				  		    	 	   	 	 	 	 							   		 	  		   	 		 	 				 	  	 	   	 				 	  		 	  			    				      	 	 	  		 				 		  	 	 	  			    					   	 				 	   		  	  		       	  	   	 	   			   		 	 	 	    	 				 	  	 		 	  		 	 	   	 	  	  	  			 		  		   		 	 	  	      	     	 		 	 	 	 	     				   		 	  	    	  			             		      	  	  	  		   		 		 	    	 		 		 	   			       	  	    	  	 	   		 		 	  						   		   				   	  	     	  	   			 	     		   		  			 		 	  	     	 	   	 	  		  	 	 	  	    	 	 								 				 	 					  	  		 		  				  	   				 		  	 	  						     			 	    			  				     			 	  	 			   			 			 		 			    	  	 				  	 		 	   		 		 	  	 				  			  			 	    	 	   	    		  				 					 	 	  	 	   	     	 		 		 		 			  	 			 		    	  	 				 	    				   		  		  	   	   	 	   			 					      	 	   		 				   		   	 	 		  	  				  	 					  	 	  		   	  	 	   	  	 		 	   	 	 	     	   	 				  		 	    	       	 					 	 	 		 		 	  	 		    		 		 		      	 	     	   	 	   	   	      			   				 	 	  					  			 	    										  		  	 						   	   		  	 			   	 					   	 				  			  	  		 	   		   			     			   		 						    		 	  	  		 	  	  			     		  			     		  	 			 								 			 	 	 		 	   	 	 	  	  						 		    	    	   	 		 	   	   			  				 		  	 		    			  		 	 		 	      	   		 	  	     		    				 	   		     		 	   	 			  			   					 	 	      	 		 		 		 	   	   		 	  				  	  				    	 	   	       		 		  	    	      	 			 			 	 						 	  		 		  	 	 	     	    		 		 					 	  	  	 	    	  	   		  	 	 	 	  							  							      			 	 	    	 	  	       	 		  	   	 		 	 			 		 			 		 	  	  	 		     			     									        					   	  	  		      		  			      		    		 	   	 		      	  						     			 				        				 						     						   		 		 	  	 	  		 		 		 		  	  							 	  	  	  	    			  		  							       		  			 			 		  		 					     	 			  	 	    	  		    		 		  		 	 			  	  			 			 	 	 	 					    					   					 	 	  	      			 	 			 			 			 	  			   		  			 		 			 		      			    	 	 	    	 			 	 	  	 				  		  	     	 	 	  	   		  	 			 			    		 	 	   			     	 			   			 	 	 		    			 		 		  				    	  	 	   	 	     	  	    	  			  			  	  	  	 			 	   	  	 	  	 		  	 		 			  		   	  		 		 							 	 	 			     	   			     	    		 	 	   	 			 		   			  						  			  				 	 				     	   		 	 		  	 		   		   		   	 				 				 						  	   			 				 		 		   	  		 	 				 				  	     						 	 	     	 	 					 	   	 	   						 			  	 	 		    -5
m 2 2 3
q 2
m 3 1 0
m 1 1 3
m6 2452924274 2
m 2 3 1
q8284383390
g 2 1 1
m 3 1 2
m 3 0 0
m	 		1 		0 		0
m 2 2 3
m 3 2 0
q 3
g 3 2 1
m 1 1 2
m 1 3 2
m 2 2 1
m 2 0 1
m 3 0 2
m3 	3 1
m1 0 1
m2 4294971392 3
q2
m 3 1 3
 ms
3 Â0 0
b 3
p

