B 5 5 3 5
m1 4 1
m 1 1 2
m 2 2 2
m 2 4 0
m 3 3 1
m 3 3 1
 m1 3  - 6
m 1 0 0
m 2 1 1

m  	33-
m 1 3 2
m 1 1 0
f 1
m 2 0 1
m 3 4 1
m1 3 4	3652267	42
m 1 1 4
g 1 4 3
m 3 3 0
m 1 3 1
m 1 2 1
 p
m 2 4 4
m 3 2 4
m 1 1 2
m 1 4 3
m 2 3 0
m 2 0 4
p
m 3 4 1
p
m 1 3 2
m 2 3 3
m 2 4 1
m 3 2 4
m 1 4 1
m 1 1 0
m 2 3 2
m 3 3 4
m1 7695484453 1
m 1 3 2
m30472144½460 10 1
m2507865546 	 	  1 	 	  2
m 3 3 4
m1 4 1
m1 4 0
b 1
m2 1	 2
m 3 4 0
m 3 4 3
f 3
p
m 1 0 1
m2	 0 0
m2 1 1
m 3 2 0
m 3 2 3
f 3
m 1 4 0
m 1 4 2
m2 3860304046 1
m 2 3 4
m3 2 0
m 3 2 1
m 1 3 1
m 1 1 4
g 1 2 2

m 2 2 0
m 2 4 2
f 2
m3 0 1
m1 3 3
m 1 2 2
m2 6113782993 1
m 2 3 2
	m3 	1 1
m1 2 8
m2	
		 2		 0
f2
m 3 2 0
m 3 3 3
q 3
m 1 3 0
m 1 3 2
b 1
m 1 3 1
m2 3 0

