B 5 4 4 6
m 1 3 3
m 1 4 0
q6
m 3 2 2
g3	 3 - 
3
m 4 2 1
q 4
m 1 0 2
q 1
m2 0 2
m 2 4 0
m 3 2 1
m 3 2 0
m 4 1 0
m 1 1 1
p
m 2 1 3
m 2 4 3
m 3 3 2
m 3 1 0
m 4 1 2
m 1 1 3
m1 1
 1
m2 0 3
øm2 4 
3
q-3
m 3 0 3
4 1  2
q 4
p
m1 -9 2
m2 2 2204041545
g4664673533 0 2
m 3 1 4
m3 4 3
m 4 3 1
m 4 0 3
q 4
m1
 2 1
m 2 0 0
m2 4 1
b 2
m 3 1 0
m 3 3 2
g 3 2 1
m 4 3 2
m 4 0 1
m1 2 4
m 1 1 2
m 2 3 1
b2
g 2 0 1
m3 2 4
m3 0 0
m 4 2 4
m 1 3 1
m 1 3 0
m 2 2 4
m 2 0 2
m 3 3 2
m 3 1 0
b 3
m 4 2 0
m 4 1 2
m 1 2 4
m 1 1 2
m3 1 	
2
m4 2 4
m 1 3 2
m 1 2 1
q 1
m2    		  	   0    		  	   0
f 2
m 3 3 2
m13 4	 2
m 4 3 2

