B 5 5 2 17
m 1 3 4
m 1 4 3
q 1
m 2 4 0
g2 3 4
m 1 0 0
m 2 2 2
m 2 3 4
m 1 4 0
m 2 2 0
 m 2 
0 4
m 1 4 2
m 2 3 0
m 1 4 2
f 1
m 2 4 4
m 2 0 3
m 1 0 3
p
m 1 1 0
m 2 0 0
m1 3 6061975369
m1 0 1
m 2 4 0
m 1 4 2
m 1 2 3
m 2 1 2
m 2 3 0
p
m 1 1 4
 	  	 	  	 			 	   	    			     	 				 	    	   		 		 			  	 			  		 		 	   		 	  		 					    	 	 	 	 	 		 			  	  		   			   	 		  		 		    			 	 			 	 		     			   				 			 						 		 			 		  	 	   	 		  	  		 	   		   	 	 		  	    		 	     	      				 	  	 		  		 	 	 	  			  	   		   		    	  						 	   			 		  		  	 		 	   	 	 	  			  	 			 		  		 	  		   	     					 		   		 	   	  		    	    		  		  			  	 			   	 			 		 	 	 	 		   		 					  		  		 	      		 	  		  	  	 	     	  	 	 		 	 		 	 	 	 		    		  	     	 			 			  					 		 		  	 	 	 						  				      	  	 	 			  	    	 	   			  					   	 	   	 		 	 	  				  	 	 	 	  		   								 				   		 			     	 								  		  	   				 		   	 	  	 	   	  			     			   	 					      	 		  	  			 	   	     	 	 				   	  		 	 				  		 			 						   		 		  	 			 				 	 	     			 		  	  		    	   				 	  	  	 					 	  	 	  			 		    				  		  	 	  			  		 		 	 		     	  	   	 	 		  			 		   		  		     	   		 			       		    	 				 		  	  	  	   	   			 		 		 	 					 			  	  				 	 				  	     			     		  	    			 		   		  		  	  		       	   	   	   			   	  	  					  			 	 		  			  					 	  				 	  	   		    		 	    		   					 	 	 		 		 	 	 	 		 		 	 		  	 	      	 	   		  		  	 	   		  	   						  			   			       					 		       	 		 	 		  	 	  	    			  		   	 	 		  			  			 		 	  	  	 		   		   	 				 						  	       					 	 	  		     		      	    	 		   	 	 				  		   		 	  		 	    			 		   	 					  		 	         	 	  				 					 	   	  	 			 	  	 		 			   			  					 	  			  			 	   			  		 			 				 	 		   		 	 		 	  	 			     	 	 	 	  				  	 		 	 			  				        	  	 		  	    			 		  	    	 	 	  		 			  	 			 	  	   			 	 	  			 		 		  		   	   		 	  					      	 	   		 	  		 		 				    	 	 	  	   		 	 			 	 m2	 	  	 	  	 			 	   	    			     	 				 	    	   		 		 			  	 			  		 		 	   		 	  		 					    	 	 	 	 	 		 			  	  		   			   	 		  		 		    			 	 			 	 		     			   				 			 						 		 			 		  	 	   	 		  	  		 	   		   	 	 		  	    		 	     	      				 	  	 		  		 	 	 	  			  	   		   		    	  						 	   			 		  		  	 		 	   	 	 	  			  	 			 		  		 	  		   	     					 		   		 	   	  		    	    		  		  			  	 			   	 			 		 	 	 	 		   		 					  		  		 	      		 	  		  	  	 	     	  	 	 		 	 		 	 	 	 		    		  	     	 			 			  					 		 		  	 	 	 						  				      	  	 	 			  	    	 	   			  					   	 	   	 		 	 	  				  	 	 	 	  		   								 				   		 			     	 								  		  	   				 		   	 	  	 	   	  			     			   	 					      	 		  	  			 	   	     	 	 				   	  		 	 				  		 			 						   		 		  	 			 				 	 	     			 		  	  		    	   				 	  	  	 					 	  	 	  			 		    				  		  	 	  			  		 		 	 		     	  	   	 	 		  			 		   		  		     	   		 			       		    	 				 		  	  	  	   	   			 		 		 	 					 			  	  				 	 				  	     			     		  	    			 		   		  		  	  		       	   	   	   			   	  	  					  			 	 		  			  					 	  				 	  	   		    		 	    		   					 	 	 		 		 	 	 	 		 		 	 		  	 	      	 	   		  		  	 	   		  	   						  			   			       					 		       	 		 	 		  	 	  	    			  		   	 	 		  			  			 		 	  	  	 		   		   	 				 						  	       					 	 	  		     		      	    	 		   	 	 				  		   		 	  		 	    			 		   	 					  		 	         	 	  				 					 	   	  	 			 	  	 		 			   			  					 	  			  			 	   			  		 			 				 	 		   		 	 		 	  	 			     	 	 	 	  				  	 		 	 			  				        	  	 		  	    			 		  	    	 	 	  		 			  	 			 	  	   			 	 	  			 		 		  		   	   		 	  					      	 	   		 	  		 		 				    	 	 	  	   		 	 			 	 	2 	  	 	  	 			 	   	    			     	 				 	    	   		 		 			  	 			  		 		 	   		 	  		 					    	 	 	 	 	 		 			  	  		   			   	 		  		 		    			 	 			 	 		     			   				 			 						 		 			 		  	 	   	 		  	  		 	   		   	 	 		  	    		 	     	      				 	  	 		  		 	 	 	  			  	   		   		    	  						 	   			 		  		  	 		 	   	 	 	  			  	 			 		  		 	  		   	     					 		   		 	   	  		    	    		  		  			  	 			   	 			 		 	 	 	 		   		 					  		  		 	      		 	  		  	  	 	     	  	 	 		 	 		 	 	 	 		    		  	     	 			 			  					 		 		  	 	 	 						  				      	  	 	 			  	    	 	   			  					   	 	   	 		 	 	  				  	 	 	 	  		   								 				   		 			     	 								  		  	   				 		   	 	  	 	   	  			     			   	 					      	 		  	  			 	   	     	 	 				   	  		 	 				  		 			 						   		 		  	 			 				 	 	     			 		  	  		    	   				 	  	  	 					 	  	 	  			 		    				  		  	 	  			  		 		 	 		     	  	   	 	 		  			 		   		  		     	   		 			       		    	 				 		  	  	  	   	   			 		 		 	 					 			  	  				 	 				  	     			     		  	    			 		   		  		  	  		       	   	   	   			   	  	  					  			 	 		  			  					 	  				 	  	   		    		 	    		   					 	 	 		 		 	 	 	 		 		 	 		  	 	      	 	   		  		  	 	   		  	   						  			   			       					 		       	 		 	 		  	 	  	    			  		   	 	 		  			  			 		 	  	  	 		   		   	 				 						  	       					 	 	  		     		      	    	 		   	 	 				  		   		 	  		 	    			 		   	 					  		 	         	 	  				 					 	   	  	 			 	  	 		 			   			  					 	  			  			 	   			  		 			 				 	 		   		 	 		 	  	 			     	 	 	 	  				  	 		 	 			  				        	  	 		  	    			 		  	    	 	 	  		 			  	 			 	  	   			 	 	  			 		 		  		   	   		 	  					      	 	   		 	  		 		 				    	 	 	  	   		 	 			 	 3
m 1 4 0
m 2 4 2
m 2 0 2
m1 1 0
m 1 1 0
m2 4 3
m 2 0 3
q2
m
-5 3 0
	m6
 2  0
f 1
q_

1

	p
m 2 1 1
m 2 2 4
b 2
g 2 2 4
m 1 4 0
m 2 2 2
m 1 1 4
m 1 3 3
m 2 1 4
m 1 0 4
m 2 4 4
m5191955375 2 3
m 2 3 2
m 1 3 1
m 2 3 4
m 1 1 4
b 1
m 2 1 4
m 2 0 1
P
 b2
f2
m1 1 4
m 1 4 1
m 2 3 4
m 2 1 1
q1
 m2 1
 2
m 2 4 4
m 1 3 1
m 1 2 1
m 2 3 2
m 2 2 3
b 2
m 1 3 1
m 2 3 4
f 2
m 1 0 0
m 1 3 2
m 2 3 1
m2 1 0

