B 2 4 4 1
m 2 0 2
m 2 0 1
p
m 4 2 1
m 1 1 1
m 1 1 3
m2		  		 	3		  		 	0
m 2 0 1
m 3 2 1
m 4 0 0
m 4 0 3
m221   		 				  		 	    			 		 		    	 	  	  		  	 	  		 		  		 	   	 	 	 	      	      	 		  	 	   	  	   		  	  			  	 	     		 	  		 		  	    	  			  		 			 		 	 	  					 		 	 	     				  	 	 	 			 		  	 		 							 		 	   	  	        		  	 		    				  	  		 	       		  				     		   	  		 		  	 		 	 			    	   	  		 		     			 		  		  	 	 	 	 	   	     	 		 			  				 	 		 	 		 	  	    	  	 		 			  		     			 	  	     	  	 			 	    	 		 	     	 	 	  		    			  		   	   	      		 	 	 	 	 	   	  	 				   	    	 	    		  		  		 		   	  				 	  		    						 					  	 					     				   					   			  	 	  		  	   	  	   	 	 				   	 		  					     	 	  			 	  	    			     		 	  		  			 			 	 	 		 		    	    		 	 	 	 	 	 	 			 			  	  				  	 	   						 	 					   	 		  			    	 		  		 	  						 		 	  		 	  	  			  				  		 		 		   		     	 	   	    	     		   	 		 	   			  	 	  											 		 	     			   			  	 	 		 				 	 		  		 					  		 			 	     	   	  	      	 	   			   				 	   	  	 		 			 	 		    	 				   		 	 	  	  		   	 	   	      		   	  		   				 	   			        		 		     		 		   		 	   	    	 	 	      		  		   				 	    		  		 			    	   	 	   	  	 		   		  			 	   		   		  	   		  	 		 		 		 	 			 	 	 		 		     	 		 	  	  			   	 	  	   	   		       	 	 		 	 	 	 				 		   			  					 	    		 			  							  				  		 	 			  			  	 	 				   	 			 		 	       	 		 		 			 	 		   		 	  		   			  	 			 	    			 	   	  						    			  		  	    	  	  			     		 	 			     	   	  		 				   			   		 		 	 		    	 		 	   			  			   		   		  		 					  	 	 		  	 		  	       	  	    				 		  	 	 	 	 				 		   		  				  	 	   		  		  	 	   	  	 	 		 		 	            		 		 	   			  	 		 	 		 					 	     	 			 		 		   	     		 	 				 		  					 	 	  		  	  		 				   		 	  	   				    		  	 	  		   							 		  	 	 		      	  	 		  				 	 		 	 			  	     	    		 	   			   	 		 	  	      	   		  			 	 		       			 			     	 								  	 			 	 						    	     	 	 	 		  	   		 		  		 	 			  	 							 	  		 	    	  			 						 			 		 			 				   	   		 			     	   				  	 	   	     	   		 	 	     	   				 	   		  		   	 			      	 		 		 	 	   					  	        	 	   		 	   		 		  		    	 				 						 		  			  					   		 	 						 				 	 	 		  			     			    			 	  	 		 	 		  		 		 	  			 		      	 				  				   	 	 	   	 		 	  		   	 		    	 		   			 	 	 			 		  	 	 		 	   					  	    	 		  							 	 		   		 			   		  	   	  	 	      				  		 	     	    	       	        	 	 	  				 	 	 		   		   	 	    		 	 		  	 			  	  	    	    			 	 	  	   	  	 				     						 		    									   			   	  	 			 			  		 			    			 			  	 	  				  	 	 	 	   		  	  	 	     			        		    	   				     	   	   	 	     	  	  		   		   	 						 	 	 		 	  			 	 	   	  	  		 	 						  			 	   	 	 			 	  	  			 	   	 				 	  	 	 	 	 	 	 	 				  	 			  			  	 			      		  		  			 		   		 	  		 	  			    	   	   	 			 	  		 		  	  	 	   			  	  	     	 	   	 	 	 		   		 			   	  		   		 					    		 						   		  	     	     		 	    	 		 	    			 	 		  	   	  	   		  					  	 	 		    		  		  		 	 		      			   		 	  	    		   	   	 			   		 	 		 			 	  	   	  	 			    			 		 	 	 						 	 	 	 		  	  	 	 					   	     		     								 	  		 		 	 		 		 	   	 		 	 	 		 				   	   	     	  	 		 	  		   		 	  	 			     	 			  	 	      		 			 		 		 		 	 	 	  	 		      	 	   		 	  	 		 		   			       	  		 		 			 	  	  		 	 	  	     				 	  	 	 			    		   						 	 					     			 	 		 				 	   			  		 			 			     	 		 	 		  	   		 	  	 		  	 	  	 		 		 				  	 							 	 	 			   	 		   	 	 	   				 	 							 	  		 					   		 	 		  	      						   		  	 	   			     		 	   	 	 		 			  			 	 				     				             	 	   		  	   	  			   	    			 	 		      			   	   			  		   		 	 		  			   	    	 	  			 		  	   			 		  			  			     	 				 	 	  		 	 		   			 							 			 			 	  			  		  	 			 	  		    	 	 	  		  		  	  	    		 	    	  							 	 		  	 	       		 	 	   		   			 			 		 	 			  	 	    		  			   	 	 	   	   				 	      		 	    			 		      		  					 				  	 			  	 				 			  			 		 	    			 	  	  	    	 			  	  					   	  	  		  	      	    		 		 		 		 	 		      			  	 		 		 	  	  	 	  			 	 			 		        	    		  						      		 	  			  				 	  	 		  	  	  	 	  	   		   		   		 	 		     		 	 			 			  		   			  	 	 		 		         			    			    	    	   	    		   			   		  		   			 		 	  	 	   			 	  									  		     	 	 		  	  	   	  				 	   		 		 		        		  	 	 	 	 	  	  	 		 		  	 					  		 		 	 	 	  	 	 	    			  		 						 				  	  	  		   			      								     		 	   	 	  		 				 	 	   	 			 			   	   	 	  				 		   	 	    			 						 				  	  	  			 		     		  			 				  		   		  			  		 		 		 				    			 				    	    		  		 		 	 	 	 	 							  						  	    	 		       	  	 			  			    	 			   					 	 				  		 	  	   		         				 	 			    			   		 				   		 			 	    			   	 			 					 	      		 	 	    		 			 		  	 		 	  	 				  	 		 	     	   	   	 		  		 		 	 	  	  				 	 	 	  			 	 		 			  	  		 		  						 	  		 	  			 		   		 	 	   		   		 			 			   	  	  		   				 			   	   	     		      		   						 		 		  	  						  		 	       	 			      									 	 		 		      		    	   	  		      	 	 							 	  	    		 	 	   	 	 	 	 	   				   	 				 	   					  		 	 			 		 		   					   				 		 	     	 	 		        	 		   		  	    	  						     	   	 	 	 	   	 		  		  	 		 	 				 	 	 	   	   	  		 	 	    	      		 		 			 	 	  	 	    	  		      	  	  	 		 	   					 		 			 	 							 	 		 		 	  	 	 	  	 				 		   	    					 					      	 			  	 	       	 	   		   		  			 		  		 	    						 	 	 	 	 			 	   	 	 			 			  		 	 	  	 					  	  				     	 	      	 		 	  		  			  		  		 	  	 	 		  		 		 			 					   				   		  				 		    			   	    	   		 		  	  	 	 	  					   		 				 	 	 	  	   				 	   	  			     		 	 	 	   			 	  	 	  	 		  			   	  		 	    	  	         	    			 		  	 	   		  	  	   		   	 			 	   				 			 	  		 	 	  			  						  	  	 		  	 	   				 	   	   		      			 		 		 		 	 		    		 	 		   					 	  		 			    	 	  	 	 			   	 	    		 						 					   	  		 	  	  		 	   		 	  	 			   			 		 			 	  	  	 			  	  		    	  	  		 			 	 	  		 		 	 		  	 			  			 	  	 	 	      						 	  	  	  		  			     			 		  	  	   		 	    	  		  					 		 		    				 		 		     	 					  	 	  	     	  	   	  	   						 	 	 			 	 				   	 				 	  	    		 	 	 		 	   	  	   	 		   	  	 	  			 	  	   			 	     		  	  					 	    					  	 	 			  		  	 				 	   	 	   			 		    	 			  		   				  		   									 	  			   	 	   	  			  				 	 	 	    			 		   		   	 	  	      	  			  		  	  				   	  			  		 							 	  			   	   	 	   		 		        		  				 	  	  					  			 		 			 			    								 	 	     	    				 	  			 			     	 	 	  	  		    	 	 				 		 						 			   	 	  				  		 			 		 	  	 		  	  	   		   	 		 	 		  	  	  	 			 		   			  						 		  		 				         	  	  						 									  		  		  				   	  			 	 	     	 		 		 				    			 	      				 	 	 	 	   	 	  			 	 		 	 		  		  	  		 	  	 	   	   				 		    	  		  	 		   			 		  	     		 			 	  				 	 	 	  		 	   	 			  	   	 	 	 	   	    	 	 	   	 		 			 						  	  	 		 	  	    	 		  	  		 	    	 	   		 	 	  	  		      	   	  		     						 	 			    	  	 	     	 				 	 			 		    		    	    				 			   		 						 	  	            		  					 		  	    		 	   	 	   	 			   	  		   	  	      		   	   			 	 		 	 		 		 		 		 		 	 		  	 			  		    		   	 	 	  				 			    		  		    			  						 			 	 		 			 		   			   				 		 			     				        		        					 		 	 	 			  	     				    		  	  		 							 		 	 		  	 		 	 	   	 	 		   			 	 	 			 						 	 			  	 	 		  	  	    	 		 	  		 			     				   		 					 			   			 			 			   				 		 	 	   		 							 		  		 			 	 	 	   	   				  	   	 	 						 	 	 	   	  	  		 				 	   	 		     	 					 			 	   		  	 	 	 			   				   		 	  		    					  	 	  			    	 			     	  	 		 	 	  	 	    		 		    					  			  	 	 	 	 				  	  	 		   	  			     	      		 	   		 	  					 	 	  	 	 		 			 	 	  									    	  			  	  	 			   	  	 					       	  			  	  		 	 	  		   	   			  	   	 			 	 	 		  	  	  		 	 	 	  	 		 				 	 	 		 	  			 	   	    	  	  	 		        		  				 	   	 		 	  	  	    	  		    			 		   			   	  		 			 		  		   		 	 	 		  	 			   		    			   	 	 	    			      		 	  		        		 				  		 	    			 		 		    	 	  	  		  	 	  		 		  		 	   	 	 	 	      	      	 		  	 	   	  	   		  	  			  	 	     		 	  		 		  	    	  			  		 			 		 	 	  					 		 	 	     				  	 	 	 			 		  	 		 							 		 	   	  	        		  	 		    				  	  		 	       		  				     		   	  		 		  	 		 	 			    	   	  		 		     			 		  		  	 	 	 	 	   	     	 		 			  				 	 		 	 		 	  	    	  	 		 			  		     			 	  	     	  	 			 	    	 		 	     	 	 	  		    			  		   	   	      		 	 	 	 	 	   	  	 				   	    	 	    		  		  		 		   	  				 	  		    						 					  	 					     				   					   			  	 	  		  	   	  	   	 	 				   	 		  					     	 	  			 	  	    			     		 	  		  			 			 	 	 		 		    	    		 	 	 	 	 	 	 			 			  	  				  	 	   						 	 					   	 		  			    	 		  		 	  						 		 	  		 	  	  			  				  		 		 		   		     	 	   	    	     		   	 		 	   			  	 	  											 		 	     			   			  	 	 		 				 	 		  		 					  		 			 	     	   	  	      	 	   			   				 	   	  	 		 			 	 		    	 				   		 	 	  	  		   	 	   	      		   	  		   				 	   			        		 		     		 		   		 	   	    	 	 	      		  		   				 	    		  		 			    	   	 	   	  	 		   		  			 	   		   		  	   		  	 		 		 		 	 			 	 	 		 		     	 		 	  	  			   	 	  	   	   		       	 	 		 	 	 	 				 		   			  					 	    		 			  							  				  		 	 			  			  	 	 				   	 			 		 	       	 		 		 			 	 		   		 	  		   			  	 			 	    			 	   	  						    			  		  	    	  	  			     		 	 			     	   	  		 				   			   		 		 	 		    	 		 	   			  			   		   		  		 					  	 	 		  	 		  	       	  	    				 		  	 	 	 	 				 		   		  				  	 	   		  		  	 	   	  	 	 		 		 	            		 		 	   			  	 		 	 		 					 	     	 			 		 		   	     		 	 				 		  					 	 	  		  	  		 				   		 	  	   				    		  	 	  		   							 		  	 	 		      	  	 		  				 	 		 	 			  	     	    		 	   			   	 		 	  	      	   		  			 	 		       			 			     	 								  	 			 	 						    	     	 	 	 		  	   		 		  		 	 			  	 							 	  		 	    	  			 						 			 		 			 				   	   		 			     	   				  	 	   	     	   		 	 	     	   				 	   		  		   	 			      	 		 		 	 	   					  	        	 	   		 	   		 		  		    	 				 						 		  			  					   		 	 						 				 	 	 		  			     			    			 	  	 		 	 		  		 		 	  			 		      	 				  				   	 	 	   	 		 	  		   	 		    	 		   			 	 	 			 		  	 	 		 	   					  	    	 		  							 	 		   		 			   		  	   	  	 	      				  		 	     	    	       	        	 	 	  				 	 	 		   		   	 	    		 	 		  	 			  	  	    	    			 	 	  	   	  	 				     						 		    									   			   	  	 			 			  		 			    			 			  	 	  				  	 	 	 	   		  	  	 	     			        		    	   				     	   	   	 	     	  	  		   		   	 						 	 	 		 	  			 	 	   	  	  		 	 						  			 	   	 	 			 	  	  			 	   	 				 	  	 	 	 	 	 	 	 				  	 			  			  	 			      		  		  			 		   		 	  		 	  			    	   	   	 			 	  		 		  	  	 	   			  	  	     	 	   	 	 	 		   		 			   	  		   		 					    		 						   		  	     	     		 	    	 		 	    			 	 		  	   	  	   		  					  	 	 		    		  		  		 	 		      			   		 	  	    		   	   	 			   		 	 		 			 	  	   	  	 			    			 		 	 	 						 	 	 	 		  	  	 	 					   	     		     								 	  		 		 	 		 		 	   	 		 	 	 		 				   	   	     	  	 		 	  		   		 	  	 			     	 			  	 	      		 			 		 		 		 	 	 	  	 		      	 	   		 	  	 		 		   			       	  		 		 			 	  	  		 	 	  	     				 	  	 	 			    		   						 	 					     			 	 		 				 	   			  		 			 			     	 		 	 		  	   		 	  	 		  	 	  	 		 		 				  	 							 	 	 			   	 		   	 	 	   				 	 							 	  		 					   		 	 		  	      						   		  	 	   			     		 	   	 	 		 			  			 	 				     				             	 	   		  	   	  			   	    			 	 		      			   	   			  		   		 	 		  			   	    	 	  			 		  	   			 		  			  			     	 				 	 	  		 	 		   			 							 			 			 	  			  		  	 			 	  		    	 	 	  		  		  	  	    		 	    	  							 	 		  	 	       		 	 	   		   			 			 		 	 			  	 	    		  			   	 	 	   	   				 	      		 	    			 		      		  					 				  	 			  	 				 			  			 		 	    			 	  	  	    	 			  	  					   	  	  		  	      	    		 		 		 		 	 		      			  	 		 		 	  	  	 	  			 	 			 		        	    		  						      		 	  			  				 	  	 		  	  	  	 	  	   		   		   		 	 		     		 	 			 			  		   			  	 	 		 		         			    			    	    	   	    		   			   		  		   			 		 	  	 	   			 	  									  		     	 	 		  	  	   	  				 	   		 		 		        		  	 	 	 	 	  	  	 		 		  	 					  		 		 	 	 	  	 	 	    			  		 						 				  	  	  		   			      								     		 	   	 	  		 				 	 	   	 			 			   	   	 	  				 		   	 	    			 						 				  	  	  			 		     		  			 				  		   		  			  		 		 		 				    			 				    	    		  		 		 	 	 	 	 							  						  	    	 		       	  	 			  			    	 			   					 	 				  		 	  	   		         				 	 			    			   		 				   		 			 	    			   	 			 					 	      		 	 	    		 			 		  	 		 	  	 				  	 		 	     	   	   	 		  		 		 	 	  	  				 	 	 	  			 	 		 			  	  		 		  						 	  		 	  			 		   		 	 	   		   		 			 			   	  	  		   				 			   	   	     		      		   						 		 		  	  						  		 	       	 			      									 	 		 		      		    	   	  		      	 	 							 	  	    		 	 	   	 	 	 	 	   				   	 				 	   					  		 	 			 		 		   					   				 		 	     	 	 		        	 		   		  	    	  						     	   	 	 	 	   	 		  		  	 		 	 				 	 	 	   	   	  		 	 	    	      		 		 			 	 	  	 	    	  		      	  	  	 		 	   					 		 			 	 							 	 		 		 	  	 	 	  	 				 		   	    					 					      	 			  	 	       	 	   		   		  			 		  		 	    						 	 	 	 	 			 	   	 	 			 			  		 	 	  	 					  	  				     	 	      	 		 	  		  			  		  		 	  	 	 		  		 		 			 					   				   		  				 		    			   	    	   		 		  	  	 	 	  					   		 				 	 	 	  	   				 	   	  			     		 	 	 	   			 	  	 	  	 		  			   	  		 	    	  	         	    			 		  	 	   		  	  	   		   	 			 	   				 			 	  		 	 	  			  						  	  	 		  	 	   				 	   	   		      			 		 		 		 	 		    		 	 		   					 	  		 			    	 	  	 	 			   	 	    		 						 					   	  		 	  	  		 	   		 	  	 			   			 		 			 	  	  	 			  	  		    	  	  		 			 	 	  		 		 	 		  	 			  			 	  	 	 	      						 	  	  	  		  			     			 		  	  	   		 	    	  		  					 		 		    				 		 		     	 					  	 	  	     	  	   	  	   						 	 	 			 	 				   	 				 	  	    		 	 	 		 	   	  	   	 		   	  	 	  			 	  	   			 	     		  	  					 	    					  	 	 			  		  	 				 	   	 	   			 		    	 			  		   				  		   									 	  			   	 	   	  			  				 	 	 	    			 		   		   	 	  	      	  			  		  	  				   	  			  		 							 	  			   	   	 	   		 		        		  				 	  	  					  			 		 			 			    								 	 	     	    				 	  			 			     	 	 	  	  		    	 	 				 		 						 			   	 	  				  		 			 		 	  	 		  	  	   		   	 		 	 		  	  	  	 			 		   			  						 		  		 				         	  	  						 									  		  		  				   	  			 	 	     	 		 		 				    			 	      				 	 	 	 	   	 	  			 	 		 	 		  		  	  		 	  	 	   	   				 		    	  		  	 		   			 		  	     		 			 	  				 	 	 	  		 	   	 			  	   	 	 	 	   	    	 	 	   	 		 			 						  	  	 		 	  	    	 		  	  		 	    	 	   		 	 	  	  		      	   	  		     						 	 			    	  	 	     	 				 	 			 		    		    	    				 			   		 						 	  	            		  					 		  	    		 	   	 	   	 			   	  		   	  	      		   	   			 	 		 	 		 		 		 		 		 	 		  	 			  		    		   	 	 	  				 			    		  		    			  						 			 	 		 			 		   			   				 		 			     				        		        					 		 	 	 			  	     				    		  	  		 							 		 	 		  	 		 	 	   	 	 		   			 	 	 			 						 	 			  	 	 		  	  	    	 		 	  		 			     				   		 					 			   			 			 			   				 		 	 	   		 							 		  		 			 	 	 	   	   				  	   	 	 						 	 	 	   	  	  		 				 	   	 		     	 					 			 	   		  	 	 	 			   				   		 	  		    					  	 	  			    	 			     	  	 		 	 	  	 	    		 		    					  			  	 	 	 	 				  	  	 		   	  			     	      		 	   		 	  					 	 	  	 	 		 			 	 	  									    	  			  	  	 			   	  	 					       	  			  	  		 	 	  		   	   			  	   	 			 	 	 		  	  	  		 	 	 	  	 		 				 	 	 		 	  			 	   	    	  	  	 		        		  				 	   	 		 	  	  	    	  		    			 		   			   	  		 			 		  		   		 	 	 		  	 			   		    			   	 	 	    			      		 	  		     
m 2 0 2
m 3 0 1
m 4 0 0
m4 0 1
m1 8 0
m-10 1 3
b 1
h¬q1
m 3 3 1
f 3
m 4 3 1
m 4 0 1

