B 4 5 3 9
m1			 		  	 0			 		  	 2
m1 3 1
m 3 1 0
m 3 2 4
p
m 1 0 4
m 1 1 4
m 3 2 2
m3 0 0
g3 4 1
m 1 1 1
m2 3 4
m 2 1 1
f 2
g 3 3 3
m1 1 0
m 1 0 0
	m2 					 	  	 3 					 	  	  					 	  	 3
m 3 2 3
p
m 1 3 1
f 2
 m3
 1 4
m 3 3 4
m1 2 1
m 1 1 4
b5
m 2 3 0
m2 5	37915660 7 1
q 2
m 3 3 3
m 3 2 1
b 3
q 3
g 1 4 2
m	2 1 4
m 3 2 3
Õm3m  2	 3
m 1 0 2
m 2 2 3
m 2 3 0
m3  3
 m3 	3 4
m1 0 2
q 1
m 2 2 1
m 3 0 4
m3 24
m 1 3 0
m 2 0 1
b 2
m 3 2 1
m3 9 4
f	3
m3 0 0
m 1 2 4
m 2 2 3
m 2 2 4
m 3 2 3
m	3 2  4
m 1 3 0
m 2 0 2
m 2 0 3
p
m 3 1 2
m 3 3 4
m 1 0 2
q 1
m 2 2 0
m 3 1 1
m 3 0 3
m 1 2 3
f 1

