B 4 5 3 2
m1 0 -6
m 2 0 1
m 3 3 0
m 3 0 4
b753822568
 g¼3	 0 0
m1
 2 
2
m 1 1 4
m 2  4 2
b4	667452	613
m 3 2 1
m4 0 1
m 1 0 2
m 2 4 3
m 3 2 4
m1 2 0
m1  0 0
m 2 3 3
m 2 2 2

g2 9 
m 3 2 1
m 3 2 1
m1 2 1
m 2 1 1
m 2 2 0



b2
f 2
m3 4 2
m3  2
 0
m 1 2 0
m 2 3 3
m-5 0 1
m 1 2 3
b 1
m 2 1 3
m 3 1 3
m3 1 0
m1 4 1
m1 45198	25714 3
m 2 1 3
m 2 0 0
m3 2 3
m3 3 
2
p
m 1 3 0
m 1 3 1
m2 69585 21	691 0
m 3 2 3
m 3 2 3
g 3 1 1
m 1 4 2
m 1 1 0
b 2
m 3 1 2
m 3 0 3
  m1  4 1
m 1 1 4
f1
m 2 2 2
m3 		 3 		 1
m 3 3 0
b 3
m 1 4 2
m 2 2 3
m 2 2 2
m3 2 0
m3 1I 0
m76819516	9 3 2
b 1
m 2 4 2
m 2 2 1
m 3 4 1
m 3 2 2
b3
m 1 3 3

