B 3 4 3 4
m 1 0 2
m 1 0 0
m 2 2 2
m3 3 2
q 3
m 1 0 3
m 2 1 1
g2 3 0

	m0 1 0
m1 0 4
m 2 3 2
m 2 1 1
b 2
m 3 1 0
m 1 0 0
q 1
m 2 0 0
m 2 0 0
m 3 0 3
g 3 0 1
m1	   	   
1	   	   2
 2
 m2 0
m 2 2 0
m 3 0 1
m1 g0 2
m2 0 0
m3 1 2
m 1 3 2
m1 			 	 	 	  			 	 				   		     		 			  		 		 	  	  			   		  		 		 	  	     	  		 			 	 			  	 	  			  	  			  	  				 	 	   		 	 				 		 	 	 	       		 	  		  		 	   	 				      	 			 					 	  						  	   											 	 	   			     			 	 		   			  	  		  	      	  		  									  	  			  	  				   	 				 			 	     	 					     	 			  	  	  		 	 	  		   			   	  			 	 		 	 			  	  		   			   	    	     				  	   	  			 			 					   		  	 		  	 		  	 	 	 	   	 	 		  		 	 	 		  	 		    	    	 	 	   	  		  			  	 	 				 			 		 		  	 			 	     	 	  	      			  	     	     		    	  					 	  	 	    	  	    	 	 					  		 	  		 	 	   	 		  	 	    	 	 			   		 								 	 	 	   	   	   	 	    	 			 		 	 	 		 									 	 		  			 	 		 	  							    	  		  			 	 					 		 	  	    	     		   	  	  		  						      	  	   		 	 	 		   			  	  				  				 					    		   	 		 								  		 	 	   		 		 	  	    	 	 		  		  		  				 	 		 	 	  		  					 	 							  		  	 						 	  	   			        			 	 	  				   			 	 					 			  	    	 	  	 	 	     		 			   	 	 					  									 		 	   	 	   	 	  		    	 	  		  	    	  		 	 	 		   	  		 	 	 	 	 	 		 	 					  	  			  	  		 	 		 		 	 	 	   				 	   		  			   	 	   		 		 	 	    	  	  	    	  			 	  	  				 				  	 			 		 				 	 									 	  	   	     	 	     	   	 		  			 			 	 				 	 	 	  		   	    	   							 	 					   		 					   			 	  	  					   	 	 		  	  	   	 		 	  		   				 	     		   		   	 	 	   				  							  	 	   	   	 	    	  		 		 	 		    	 		  						  					 	 			  	  				  	    										 				  		 		 	  	    			  	 	 	   	  		 	  	 		  	 				 	 	 		 	  	   		    	 			        		  		 	 			  	  			   		 				  							   						 	    	   	   		  		 					  						   			 		 	 			  	     				  	 			   			 				    	  	 	  	  		     							  		 	 							 	 			        				 				 			            		  		   		 		  		  								 			     		      	 				 			  	    	 	    			    						   	 		 				 		 		  	  	   		    	  					 	  			 			  	   	 	    		 			 						   				 	 	 						   	  					  		  					 		 		 			   			   		   	  	 	 			   					 		   								 	 		  	      	   			 	  				   	       	     		  		  			  		 	  		 		 	  	 		  		   	 		 	 					 	  			    				   	   	 	  	 							 	    	 		 	    		 		 	   	  	 	 		   			     		 		 	 	 		 	     			 	 	   	  			 		 					 		 	  	     	  	 			     	   	  		 		 			 	      		 	 				 				     	 	 			 		   			 		 			  			 			   	  					 	    	 		 		 	 							  	 	 		 	   	     	    		 	 		 				 			 			  			   	  	  				   	    		 		          	   			  			  		      				  	    				 	 		 	 						 	 	  	    			 		  	  	 			  		 		 			     					 	 	 			 		   				 				 	 						 		        	 				 	  		 		  								 				 	  			 		 		   		  	 			  									    	     	 		  	  	 			  		 	   			 			 	 	 			   	 	 			   	 	 		 	 							 		       		 	  		  		 		 			 	     		 		  	 	  	    	 	       	 	 			   	 			  	 	 	 		 		 	 				  	     				 	  	 	  		 	 		 	 	 	   		 	   	 				 	 			 	 			     	  	   			    	 		   	 		   							    		   	 		  			 	  	 		  	   					  	 	 	 	  	 			 	 		  			          		 		   	   		 	 			      				 	    	 	 	   		 	   			 	 	 	  		        		   			 	 		 	   	  			   	 	      	 	 			 	     				 		 	 	   	   			 	 	  	 	    	 	 	 	   	 		 	     					 		 	 		 	     		 			 		  			  				 	 							  	   			   	 	 	  	  	 	 		 	  	   	    		  			 		    				 	 	          			   		 		 			 		 	 	 	 	  	 	 	 	  		 		 	    	 	 	 			  	 	 		 			      	 			 	     					     		   				 	  	 	  	  	 	  	   					 					   			  	    	 	 		  	       		  				 	  	   			 	      	 	 	 	 		   			 	 				 		 	   		       		  		  	  			  		   		   	 	  		  						  		 	   				       			 		 			 	  			  	 			  		    			 		 		 		 	 	  	     	  	 			 	  	 			      		 	 		      		 			 	 	 	 	   				  	 	 			 				 		  	  		 	     			  	   				  	 				  	  	  	 	   					 	 			    		  			 	  	  	 		  	 	  							  		  		 	 		   	    	 	     		  	  		 	 	  	 		  	 			   		   	 	 		  			 						 	 			 	 	 			 	 	 			  	      	 		 	 	    	 		  	 	 	   	   		  	 			 		 		  	 	 				 							  		     		 	 	 	 		 			  					    	 	 	    		 				  	  		    		    	 			 		    	 	 	 			   	  			 		  		 					    		 		  		  	   	 			  	  			  					 	  		    	 	  		      		 		  				     	 	   			 			 				 	  	  	    	   		    			   	  	 				 		   		     	  	 	    				  		          		 	  						  	  	 										 					     	   	  				   	 		        	 								 				  	    		  		   	 	  				   		 	 	    			 		   		 			  	     		  		 					  		  		   						 	  	   		    		  		 	 	    	 	 			  	   	 	  	 				     	     	 		   	 			 	    		 					   	 	  			   		   			 	 	  		 	 	   			  	  	 	      	    					  		 		   	 			   	 				 	 	  		 			   	 					 		 	 	   		  	  	 		 				 	 		 	  			 				 			 		 	 			 	  	 			 	 			 	  	  			 	  	 				 			    	    		  			   	 	 	 	  	 					 	 	  				    	 	 	   			     		  	 	 	    		 		 				    		 	 						   		  	  				 	 	 	  	 		 	 		  		 			   					   		  		  	 	 				 			 		     	  			  	  		    					     				 	  				 	  	  			 		 		 		 		 	    	 		   	 	 			 	 	 	  		 		 	  		 		 			 	   			   			  	 								  				       		 		 	 		 	  	  	 		   		  			  					  	     		  	 				  		 	 	 	 	   		  	 	  	   	 	 			  		 	 		   		   			 	 										 			  			  			 		  	   	 	  		 	 	 	 	  				 	  			 	 	 	   	      	   			 			  		 			   		 				 	 		 	     		 				  	 	 	    		 						 					  		 				 			      		 		 			 			 	    	 			   	   	 				    	    	  						 			      	 	 	   			 						  		  			          	 	   					      		 	   			 	  		  	 			  		 			   	  	  	    	  		  	 				    			 		 		  						  				  	 	  			   	 	 	 		 						       			 	  	 	  				 	   			 		  	 		 			  	   			  	 		    	 	 		 	 	  		     	 		   	 				    	    		  				 	 	 		 		 	   					  			 	 	 	  	 	 			 				 		 	   	     	     	  			   	 	      		 				 	   	    		 	 	 						 				 				    	  		 									 		 		  	 		 			   					 						  	 		 	 		  					 			 	 	 	  			 		 		  	  	  	  	 	 	 	 			    				 				 	 	  	 				              	  	 	 					   			   							 	   		     										  		 	     	  	 			  	  	   	 		 	 	  	 		    		 	 		 				   				 		   			    		 			  	 				    	  		     	 		 	   	   	 	 	    						 		 	   			   				  		 	 	      				  	 	 	 	   	  	 				   	 		   	  	  	 		  					 	 	 		       	  			 	 		 	   							 	  		  		   		  	 			    	          		 		       	 	 		   		 						 	  	 						  	 	 	  	 	   							  	  				 	  	 	 		  		 	   							      			     			   	 	 	 		  	 		   		   	 	      			 	 				 	 	 	 		 	   	 		 		    	  			 			      		 		  		  											 	 	     				 	 	 	 	  		 	 	   	  	 		 	  	 	 					 			 	  				      	  	 			     	 									 	     	  	      	 				  	       	  	 		 	 			 	   	 			     	 					 			 	 		 	  			   		   	 	 	  							 		   	   		 	 	 	  	  	        			   							   		 	    	   	  				  	  0 			 	 	 	  			 	 				   		     		 			  		 		 	  	  			   		  		 		 	  	     	  		 			 	 			  	 	  			  	  			  	  				 	 	   		 	 				 		 	 	 	       		 	  		  		 	   	 				      	 			 					 	  						  	   											 	 	   			     			 	 		   			  	  		  	      	  		  									  	  			  	  				   	 				 			 	     	 					     	 			  	  	  		 	 	  		   			   	  			 	 		 	 			  	  		   			   	    	     				  	   	  			 			 					   		  	 		  	 		  	 	 	 	   	 	 		  		 	 	 		  	 		    	    	 	 	   	  		  			  	 	 				 			 		 		  	 			 	     	 	  	      			  	     	     		    	  					 	  	 	    	  	    	 	 					  		 	  		 	 	   	 		  	 	    	 	 			   		 								 	 	 	   	   	   	 	    	 			 		 	 	 		 									 	 		  			 	 		 	  							    	  		  			 	 					 		 	  	    	     		   	  	  		  						      	  	   		 	 	 		   			  	  				  				 					    		   	 		 								  		 	 	   		 		 	  	    	 	 		  		  		  				 	 		 	 	  		  					 	 							  		  	 						 	  	   			        			 	 	  				   			 	 					 			  	    	 	  	 	 	     		 			   	 	 					  									 		 	   	 	   	 	  		    	 	  		  	    	  		 	 	 		   	  		 	 	 	 	 	 		 	 					  	  			  	  		 	 		 		 	 	 	   				 	   		  			   	 	   		 		 	 	    	  	  	    	  			 	  	  				 				  	 			 		 				 	 									 	  	   	     	 	     	   	 		  			 			 	 				 	 	 	  		   	    	   							 	 					   		 					   			 	  	  					   	 	 		  	  	   	 		 	  		   				 	     		   		   	 	 	   				  							  	 	   	   	 	    	  		 		 	 		    	 		  						  					 	 			  	  				  	    										 				  		 		 	  	    			  	 	 	   	  		 	  	 		  	 				 	 	 		 	  	   		    	 			        		  		 	 			  	  			   		 				  							   						 	    	   	   		  		 					  						   			 		 	 			  	     				  	 			   			 				    	  	 	  	  		     							  		 	 							 	 			        				 				 			            		  		   		 		  		  								 			     		      	 				 			  	    	 	    			    						   	 		 				 		 		  	  	   		    	  					 	  			 			  	   	 	    		 			 						   				 	 	 						   	  					  		  					 		 		 			   			   		   	  	 	 			   					 		   								 	 		  	      	   			 	  				   	       	     		  		  			  		 	  		 		 	  	 		  		   	 		 	 					 	  			    				   	   	 	  	 							 	    	 		 	    		 		 	   	  	 	 		   			     		 		 	 	 		 	     			 	 	   	  			 		 					 		 	  	     	  	 			     	   	  		 		 			 	      		 	 				 				     	 	 			 		   			 		 			  			 			   	  					 	    	 		 		 	 							  	 	 		 	   	     	    		 	 		 				 			 			  			   	  	  				   	    		 		          	   			  			  		      				  	    				 	 		 	 						 	 	  	    			 		  	  	 			  		 		 			     					 	 	 			 		   				 				 	 						 		        	 				 	  		 		  								 				 	  			 		 		   		  	 			  									    	     	 		  	  	 			  		 	   			 			 	 	 			   	 	 			   	 	 		 	 							 		       		 	  		  		 		 			 	     		 		  	 	  	    	 	       	 	 			   	 			  	 	 	 		 		 	 				  	     				 	  	 	  		 	 		 	 	 	   		 	   	 				 	 			 	 			     	  	   			    	 		   	 		   							    		   	 		  			 	  	 		  	   					  	 	 	 	  	 			 	 		  			          		 		   	   		 	 			      				 	    	 	 	   		 	   			 	 	 	  		        		   			 	 		 	   	  			   	 	      	 	 			 	     				 		 	 	   	   			 	 	  	 	    	 	 	 	   	 		 	     					 		 	 		 	     		 			 		  			  				 	 							  	   			   	 	 	  	  	 	 		 	  	   	    		  			 		    				 	 	          			   		 		 			 		 	 	 	 	  	 	 	 	  		 		 	    	 	 	 			  	 	 		 			      	 			 	     					     		   				 	  	 	  	  	 	  	   					 					   			  	    	 	 		  	       		  				 	  	   			 	      	 	 	 	 		   			 	 				 		 	   		       		  		  	  			  		   		   	 	  		  						  		 	   				       			 		 			 	  			  	 			  		    			 		 		 		 	 	  	     	  	 			 	  	 			      		 	 		      		 			 	 	 	 	   				  	 	 			 				 		  	  		 	     			  	   				  	 				  	  	  	 	   					 	 			    		  			 	  	  	 		  	 	  							  		  		 	 		   	    	 	     		  	  		 	 	  	 		  	 			   		   	 	 		  			 						 	 			 	 	 			 	 	 			  	      	 		 	 	    	 		  	 	 	   	   		  	 			 		 		  	 	 				 							  		     		 	 	 	 		 			  					    	 	 	    		 				  	  		    		    	 			 		    	 	 	 			   	  			 		  		 					    		 		  		  	   	 			  	  			  					 	  		    	 	  		      		 		  				     	 	   			 			 				 	  	  	    	   		    			   	  	 				 		   		     	  	 	    				  		          		 	  						  	  	 										 					     	   	  				   	 		        	 								 				  	    		  		   	 	  				   		 	 	    			 		   		 			  	     		  		 					  		  		   						 	  	   		    		  		 	 	    	 	 			  	   	 	  	 				     	     	 		   	 			 	    		 					   	 	  			   		   			 	 	  		 	 	   			  	  	 	      	    					  		 		   	 			   	 				 	 	  		 			   	 					 		 	 	   		  	  	 		 				 	 		 	  			 				 			 		 	 			 	  	 			 	 			 	  	  			 	  	 				 			    	    		  			   	 	 	 	  	 					 	 	  				    	 	 	   			     		  	 	 	    		 		 				    		 	 						   		  	  				 	 	 	  	 		 	 		  		 			   					   		  		  	 	 				 			 		     	  			  	  		    					     				 	  				 	  	  			 		 		 		 		 	    	 		   	 	 			 	 	 	  		 		 	  		 		 			 	   			   			  	 								  				       		 		 	 		 	  	  	 		   		  			  					  	     		  	 				  		 	 	 	 	   		  	 	  	   	 	 			  		 	 		   		   			 	 										 			  			  			 		  	   	 	  		 	 	 	 	  				 	  			 	 	 	   	      	   			 			  		 			   		 				 	 		 	     		 				  	 	 	    		 						 					  		 				 			      		 		 			 			 	    	 			   	   	 				    	    	  						 			      	 	 	   			 						  		  			          	 	   					      		 	   			 	  		  	 			  		 			   	  	  	    	  		  	 				    			 		 		  						  				  	 	  			   	 	 	 		 						       			 	  	 	  				 	   			 		  	 		 			  	   			  	 		    	 	 		 	 	  		     	 		   	 				    	    		  				 	 	 		 		 	   					  			 	 	 	  	 	 			 				 		 	   	     	     	  			   	 	      		 				 	   	    		 	 	 						 				 				    	  		 									 		 		  	 		 			   					 						  	 		 	 		  					 			 	 	 	  			 		 		  	  	  	  	 	 	 	 			    				 				 	 	  	 				              	  	 	 					   			   							 	   		     										  		 	     	  	 			  	  	   	 		 	 	  	 		    		 	 		 				   				 		   			    		 			  	 				    	  		     	 		 	   	   	 	 	    						 		 	   			   				  		 	 	      				  	 	 	 	   	  	 				   	 		   	  	  	 		  					 	 	 		       	  			 	 		 	   							 	  		  		   		  	 			    	          		 		       	 	 		   		 						 	  	 						  	 	 	  	 	   							  	  				 	  	 	 		  		 	   							      			     			   	 	 	 		  	 		   		   	 	      			 	 				 	 	 	 		 	   	 		 		    	  			 			      		 		  		  											 	 	     				 	 	 	 	  		 	 	   	  	 		 	  	 	 					 			 	  				      	  	 			     	 									 	     	  	      	 				  	       	  	 		 	 			 	   	 			     	 					 			 	 		 	  			   		   	 	 	  							 		   	   		 	 	 	  	  	        			   							   		 	    	   	  				  	  0
q1
m 2 3 1
m 3 0 3
m 3 0 1
m 1 0 0
m 2 1 2
m 2 1 1
f 2
m 3 1 3

