B 5 5 2 16
m1 0 0
m 2 2 3
g2 	  		 		0	 	  		 	0
m 1 1 0
m 1 1 4
m 2 3 3
g 2 0 1
m1 0 2
m1 3271806300 0
m 2 0 4
m 1 3 4
m2 4 3
m 1 1 2
m 2 3 2
m 1 2 4
m2 3 1
m 2 4 1
m 1 3 4
m 1 0 1
p
m1  4
m 1 4 3
m7
 2
  2
p
m 1 3 1
m 1 2 0
m 2 1 0
m 2 0 1
f 2
m 1 1 2
q 2
m1 1	 h1
m 1 3 0
m 2 0 4
m 1 3 0
m1  1 4
m2 4 
m 2 4 4
m 1 1 3
m 1 1 4
f1
g 1 4 4
m5 	}20 4
m1
 1 2
m 1 2 2
q1
m 2 1 2
m 1 0 4
m 1 4 1
q 1
m 2 0 4
q 2
m 1 2 4
m 1 1 2
b 1
m 2 2 4
m 2 3 0
m 1 1 2
m 1 4 1
q 1
m2 4 0
m0 0 4
g2 1 1
m 1 3 0
m 2 3 1
m 1 
  2
b 1
m 2 1 2
m 2 3 0
m2 3 0
m 2 3 4
m 1 1 0
m 2 1 4
m 2 3 4
m 1 1 2
m2 3 0
m 2 2 0
m0		  4		  1
m 1 1 4
m2 3 0
m1 3 2
g 1 2 3
m 2 3 0
b 2

