B 4 5 2 18
m 1 1 4
m 2 1 3
m2 10 
m 2 2 2
q 2
m 1 3 1
f 1
m 2 1 0
m 1 3 0
m 2 1 0
m 2 1 1
m 1 0 3
1 2 3


	p
m 2 1 2
f 2
m 1 3 3
	m2 0 0
m 2 3 3
	  b
f2
m 1 0 2
m 2 2 3
g 2 4 1
m 1 3 3
m 2 1 2
m 2 1 2
f2
m 1 1 2
m 2 4 0
m 1 4 3
m 2 1 2
f 2
m 1 4 0
g1 2 2
m 2 2 1
m1 3 0
m 2 2 3
m 2 3 2
m10  		2
m 2 4 3
m 1 1 4
m 1 1 2
m 2 4 2
m11    	    	0    	
2
m 1 4 2
m 2 0 0
m 2 3 4
m 1 1 4
m1  0
m 2 1
 2
g 2 3 3
p
m 1 1 0
m 1 3 4
m 2 2 4
m 2 1 4
	  	 b
m1 1 0
m 1 3 3
m 2 1 0
m1 0 F2
m 1 1 2
2
m 1 2 0
f 1
m2 1 0
m 2 2 3

