B 5 4 4 4
m 1 2 3
m 1 3 0
)ìq1
m 2 0 2
f 2
m 3 1 0
m 4 1 1
m1 3 1
m 2 1 4
m 2 4 2
b 2
g 2 1 1
m 3 1 1
m3 0 3
m433
m 4 1 3
m1 3 4
m 2 0 0
q 2
m 3 1 3
m 4 2 3
p
m1 0 4
m 1 4 3
	
g1 3 1
m 2 4 2
m 2 0 2
m 3 2 3
m1 0 3
m 4 2 0
q 4
m 1 3 2
m 2 1 3
m 2 0 3
m3		  		  4
m 4 1 4
m 4 4 2
b 4
m 1 2 1
m 1 1 3
g 1 3 0
m2	  	 	   	   		 	  		 	 		 	 		 						   			  	   					 	  	 			 		   		  				 			 	 		 	  	 					 	 		 	  					 	 	  			  				    	 		 	  	   		 	 	 	 	 	  		     		   	  	    					 		   	 			 	 	  					 			 	  		 	 		 	   	   				  	 				  		 	  		   		     						  			 			  		  	  		      		  	  		 			  		 	 				 	  	   	  		 		 		 	 	 					    				  	    		 		  	 		 	      		 				 				     			 				 	 					    			  	 		 	    		 		 				   	  	  	  	 	    	  	    					     		 	   		   					 							  	    			   				  		 		 	 		  		  				  	  	 			  	    			 		  		  	  		  	 								 	 					   		   	 		   	  		    	 		 	 	      			 		 	  			 	  					  	 	 	 	 	 				     	 	  	     	  	 		 		 		 	 	 								 			 			 	    		 	 	 	 	  	    		 	  		    	    	 	 	   			 				 	 	  	 	   	 	 	 		 						   	  		 					 							  			   		 	 	  	  	  	  	 				  	         	 	 	  	 				  		   	     		 					  			  	 		 						   		 	  			 	 		   	   	 	   		  		 			  			 	  		 			 		      				 		 		 	  	    				  	    	 	  	   		 	     		     	   		 	  	 				 	 	 				    	  	 		    				 	  						   			   					   	 	   				 			 	  	 										           	 			 		   			 						 			  	  		 			   		 			  		    			  			 			 		 			  				 	    	   	    		 				    			  	 		 				 	 	 		  	   			 	    		 	 	     	       	 		 				 		 		 	  						   		   	 	 			  		 				  		 	 	     	 			  	 	  					   	       	 		 	 		      	 			  		    	  	 	   				 		  			 	 							  						 		  	 				  			 	  					 	 		 		 	 	    		   			 	 					  		     		   						    	  	  			 	  	   		 		 			 	 			 	  		 	  							   							 	        	  		  		     		 	 						  	 				 		 	 	   	  			  		  		 				  	   	   	   		    		 	 			 	 	    	       	 	 	 			  				       	 		  	 		    	  	      	 	 		 		 		 	    	  	  	     					 		  			 	 	 		 		  	      	 		  		   	 							 	 				 	  	     	 	 		 	   			   	      				 		 		 	 	 		     		 	  	 		  				   	  	 	   				 		 						 		 	 			 	 		  				 		 	 	 	   		   	 	 	   	  				 			    	  	 				 	 	 	 				 	 			  	 	  		 	 	 	 	  	   		  	 	  		  		 		  	   				   	   				   	           	 						 	  	    						 		  	   		 			  	  			   	 	     	 		 	 	  			  		 	   	 				 	  	  	 		   		  	 				 	  	 				 			  	  	 					  	  	   	 				  	  				  	  	 	     			 		 	 		 	  		  				 					  	   							      			  	 	 				      	 			  		 	     	  		     	   	  	 				 	  		 		 	 	  				    	 				  	  	  	 			   										 		 		  	 			 	   		  		 	 	    		  	   				  	 			 		  	   	  			    			    		 	   				 	        												 	 	 	   			  	   	   		 		  	 			   			    					   	 	 	  	           	  			  	    	 					   		  		 		     	  	 		 	 	   				 	   	 			  	     		   		    	  	    	 		 	  		 		 		    	   			   				   	  		      	 		   	   		  	   				 		  	 			 	 			   				 	  	   		  		  					 	   		    	  									 	 	 						    			    	   	  		   		 	    			   	    	  			   			    		 	          				  		   	 				 	  	   				   	 						 	    		 	 			     	 		  					 	 	  		 			 		 		  			 	  	     	 	  	  	 	   	 	 		     	 			  	  	    				     	  		 	    		  	 	   		     	 				   	 	  				 			       	 				   	      	 	  	    	    	  	  		  	 		 			  	  					   		 						    	    		   	  		   	 	 				 	  	  		 			 	 		 		 	  	 					 		 		     		  	 						  	 	 			 			 	 		 					 	 	   	    		  		  	   	  		     				 		 				  				 		 			  		 		   	 	 		  	 	 	   			 	  		 				  	   	 		      	 	  	 											 		   	      		 	  	    		 				  		  		   			 	 		  				   	    	      	 	    	   	       			 	 		   		  			  		 		 			   			  	  			 	  			 		 			  				   		  	   	     				 				 	 	  	 	   	 	 		   	 	 	   		 	 			 		  	 						       	        	  		   								 		    		  	   	 			   	  		  	   				  			 			 		 	  			   	   	  	 			  	   	 		 	   	      			  		 				 	    		   	 	  		 			  				  	    			  		 	  			 		     	  	 			 				 	 				   			   				    				 	  	 					   	    	   	   	  	 	 		   	  	 				   	 	  				 					  		  	  	 			  	 				  		  	   		  	 	   				       	     	  				  			 			  			 	  		 	 			  					 				 		 	 	 	 	  			 	  		  	 		 			 	  	  			  	  				 	 		 	 		  			  	 	  	  		  	  					     	 	  		  		 	   		  		 		  	 	  	 		  	  	   			  					  	 		 		  		     					     			 		    		  	  				 		     	 				   		 	   				 			  		   	 	 						  			  			 					   					    	   			 	 		     	   				 				 	   		      		 				  		 	 			   	 					 	   	   		   		  				 	 		            		  	 			 	   			   			  	 	 		   	  		 		   		  		 						 		   		 	      		 	 		     	 	 	    	   	 	  		 	  			    	  						  	 				 		   	 	  	 	 	    	 	    	    			 			 	  			  	   		 		   	   	  	 		  			  		  	 	  			 	 	  		  				  		 					 	  	    		  	 	  	    			  	 		   						 	  	 		 					 	  	 		  		   		 	 		     	 					 					 			 		  			 	 	  				 	 		  				  	    	 	    		 			 	       			 	 						     	   			 		  	  		 		 	   			  	   			 			     	   				  		  		  	 			  	 			  		  			  		   	  	 	 			  							    	    			 	   		  		 			 		  				          	    	 	 	 	    	 	 		  	 		 			  			   				 	    	 		      	    			   			 	 	 	  		  		    		  	 	 				  		    	 	 		 	  		 			    	   	 	 		  			     	  		   	    	   	  	  	   		  		   		   	 	 					 		 		 		   	 	  				   	 	 		  		 		   	 	  		   	 		 		 	 	 		 	 	 	 	 	  	 		  	 	 	  	 			 		  	   	  		 				 	 	 			 	 	  		    		 		 	 	 	  		  	 	  	  	  	 		  				 	 		 	 	 	 	 			 		 		 	   	  	   		 	  		 	 			 		 		     		   				 		  		  	  	 			   	 		 		    		 				    						  				  	    		      		 		 		 	 		 					 		 		 	   			 			  	 	   	  	  	 	   	  		    	    	  	  	  				  		 		 	    				   	   		  	  		    			    	 				 					 		 		 			       	 			 			   		   	 		 	 				     	 	 	 		    	  					 		 		   		  		 		   	 				   		  	   	 			   	         	 	 	   		  	 	 	    		 	        		 	    	  		 	  	    		 	  		  	  	   		 	 	 	 	 	    	 	 	   	 	   			  		 			  	 		 	  		 			 			 	  	  		     				  		 		  		 				  	 			 		 	 	   		 		 		      		     		 		 		 			   	  	 			   	 			    			   	      		 		 				 	  			      		  			  		 	  	  			       		 	 	 		   				 	 		 		 	    			   	 	   		 	      		 	 		 	 	 	 	 				  	  			   	   	 	  		 	 	       	  		  		 								 				   			 				 	    			  	 						 	 	   		  	  	 	     	 	 	   	 	  			   	 	 		 	 		  	  	  		    						 		 	 		  		         					   	  		    	 		 	 	  	 			  			 					 	  		 		   		   		 	 	 		 				 	 		 			       		 	 	 			  	 		  	 			    	 	    	    		 	 	 	 	 		   							  			  	  						  	 		 		    		  		 			 	 	 			 	   		  	  	 	  		  	  	 	 		  		 			     		  	  		    	 					 	 			 	 	 		  	   	 			 	  	  		 	  	 	 						 	  	 					   	 		 	   	 	  	 						 		 	 	  	  		     	 	 		   			   		  	 	 	    			 				 	 		   		    	    		    	 			    	    	 			 	   	  							    	 	 	  		 		 	 			  		     	   			  		  	 	 	  			   		    	 		  					 	 			   	   		 	  	 	  	  		 		 	  	     	  	      	  	   	 	  		 	  		 				 			  		 	  					 	   		 	 			    			 	 	  			  			  					    	 		  0	  	 	   	   		 	  		 	 		 	 		 						   			  	   					 	  	 			 		   		  				 			 	 		 	  	 					 	 		 	  					 	 	  			  				    	 		 	  	   		 	 	 	 	 	  		     		   	  	    					 		   	 			 	 	  					 			 	  		 	 		 	   	   				  	 				  		 	  		   		     						  			 			  		  	  		      		  	  		 			  		 	 				 	  	   	  		 		 		 	 	 					    				  	    		 		  	 		 	      		 				 				     			 				 	 					    			  	 		 	    		 		 				   	  	  	  	 	    	  	    					     		 	   		   					 							  	    			   				  		 		 	 		  		  				  	  	 			  	    			 		  		  	  		  	 								 	 					   		   	 		   	  		    	 		 	 	      			 		 	  			 	  					  	 	 	 	 	 				     	 	  	     	  	 		 		 		 	 	 								 			 			 	    		 	 	 	 	  	    		 	  		    	    	 	 	   			 				 	 	  	 	   	 	 	 		 						   	  		 					 							  			   		 	 	  	  	  	  	 				  	         	 	 	  	 				  		   	     		 					  			  	 		 						   		 	  			 	 		   	   	 	   		  		 			  			 	  		 			 		      				 		 		 	  	    				  	    	 	  	   		 	     		     	   		 	  	 				 	 	 				    	  	 		    				 	  						   			   					   	 	   				 			 	  	 										           	 			 		   			 						 			  	  		 			   		 			  		    			  			 			 		 			  				 	    	   	    		 				    			  	 		 				 	 	 		  	   			 	    		 	 	     	       	 		 				 		 		 	  						   		   	 	 			  		 				  		 	 	     	 			  	 	  					   	       	 		 	 		      	 			  		    	  	 	   				 		  			 	 							  						 		  	 				  			 	  					 	 		 		 	 	    		   			 	 					  		     		   						    	  	  			 	  	   		 		 			 	 			 	  		 	  							   							 	        	  		  		     		 	 						  	 				 		 	 	   	  			  		  		 				  	   	   	   		    		 	 			 	 	    	       	 	 	 			  				       	 		  	 		    	  	      	 	 		 		 		 	    	  	  	     					 		  			 	 	 		 		  	      	 		  		   	 							 	 				 	  	     	 	 		 	   			   	      				 		 		 	 	 		     		 	  	 		  				   	  	 	   				 		 						 		 	 			 	 		  				 		 	 	 	   		   	 	 	   	  				 			    	  	 				 	 	 	 				 	 			  	 	  		 	 	 	 	  	   		  	 	  		  		 		  	   				   	   				   	           	 						 	  	    						 		  	   		 			  	  			   	 	     	 		 	 	  			  		 	   	 				 	  	  	 		   		  	 				 	  	 				 			  	  	 					  	  	   	 				  	  				  	  	 	     			 		 	 		 	  		  				 					  	   							      			  	 	 				      	 			  		 	     	  		     	   	  	 				 	  		 		 	 	  				    	 				  	  	  	 			   										 		 		  	 			 	   		  		 	 	    		  	   				  	 			 		  	   	  			    			    		 	   				 	        												 	 	 	   			  	   	   		 		  	 			   			    					   	 	 	  	           	  			  	    	 					   		  		 		     	  	 		 	 	   				 	   	 			  	     		   		    	  	    	 		 	  		 		 		    	   			   				   	  		      	 		   	   		  	   				 		  	 			 	 			   				 	  	   		  		  					 	   		    	  									 	 	 						    			    	   	  		   		 	    			   	    	  			   			    		 	          				  		   	 				 	  	   				   	 						 	    		 	 			     	 		  					 	 	  		 			 		 		  			 	  	     	 	  	  	 	   	 	 		     	 			  	  	    				     	  		 	    		  	 	   		     	 				   	 	  				 			       	 				   	      	 	  	    	    	  	  		  	 		 			  	  					   		 						    	    		   	  		   	 	 				 	  	  		 			 	 		 		 	  	 					 		 		     		  	 						  	 	 			 			 	 		 					 	 	   	    		  		  	   	  		     				 		 				  				 		 			  		 		   	 	 		  	 	 	   			 	  		 				  	   	 		      	 	  	 											 		   	      		 	  	    		 				  		  		   			 	 		  				   	    	      	 	    	   	       			 	 		   		  			  		 		 			   			  	  			 	  			 		 			  				   		  	   	     				 				 	 	  	 	   	 	 		   	 	 	   		 	 			 		  	 						       	        	  		   								 		    		  	   	 			   	  		  	   				  			 			 		 	  			   	   	  	 			  	   	 		 	   	      			  		 				 	    		   	 	  		 			  				  	    			  		 	  			 		     	  	 			 				 	 				   			   				    				 	  	 					   	    	   	   	  	 	 		   	  	 				   	 	  				 					  		  	  	 			  	 				  		  	   		  	 	   				       	     	  				  			 			  			 	  		 	 			  					 				 		 	 	 	 	  			 	  		  	 		 			 	  	  			  	  				 	 		 	 		  			  	 	  	  		  	  					     	 	  		  		 	   		  		 		  	 	  	 		  	  	   			  					  	 		 		  		     					     			 		    		  	  				 		     	 				   		 	   				 			  		   	 	 						  			  			 					   					    	   			 	 		     	   				 				 	   		      		 				  		 	 			   	 					 	   	   		   		  				 	 		            		  	 			 	   			   			  	 	 		   	  		 		   		  		 						 		   		 	      		 	 		     	 	 	    	   	 	  		 	  			    	  						  	 				 		   	 	  	 	 	    	 	    	    			 			 	  			  	   		 		   	   	  	 		  			  		  	 	  			 	 	  		  				  		 					 	  	    		  	 	  	    			  	 		   						 	  	 		 					 	  	 		  		   		 	 		     	 					 					 			 		  			 	 	  				 	 		  				  	    	 	    		 			 	       			 	 						     	   			 		  	  		 		 	   			  	   			 			     	   				  		  		  	 			  	 			  		  			  		   	  	 	 			  							    	    			 	   		  		 			 		  				          	    	 	 	 	    	 	 		  	 		 			  			   				 	    	 		      	    			   			 	 	 	  		  		    		  	 	 				  		    	 	 		 	  		 			    	   	 	 		  			     	  		   	    	   	  	  	   		  		   		   	 	 					 		 		 		   	 	  				   	 	 		  		 		   	 	  		   	 		 		 	 	 		 	 	 	 	 	  	 		  	 	 	  	 			 		  	   	  		 				 	 	 			 	 	  		    		 		 	 	 	  		  	 	  	  	  	 		  				 	 		 	 	 	 	 			 		 		 	   	  	   		 	  		 	 			 		 		     		   				 		  		  	  	 			   	 		 		    		 				    						  				  	    		      		 		 		 	 		 					 		 		 	   			 			  	 	   	  	  	 	   	  		    	    	  	  	  				  		 		 	    				   	   		  	  		    			    	 				 					 		 		 			       	 			 			   		   	 		 	 				     	 	 	 		    	  					 		 		   		  		 		   	 				   		  	   	 			   	         	 	 	   		  	 	 	    		 	        		 	    	  		 	  	    		 	  		  	  	   		 	 	 	 	 	    	 	 	   	 	   			  		 			  	 		 	  		 			 			 	  	  		     				  		 		  		 				  	 			 		 	 	   		 		 		      		     		 		 		 			   	  	 			   	 			    			   	      		 		 				 	  			      		  			  		 	  	  			       		 	 	 		   				 	 		 		 	    			   	 	   		 	      		 	 		 	 	 	 	 				  	  			   	   	 	  		 	 	       	  		  		 								 				   			 				 	    			  	 						 	 	   		  	  	 	     	 	 	   	 	  			   	 	 		 	 		  	  	  		    						 		 	 		  		         					   	  		    	 		 	 	  	 			  			 					 	  		 		   		   		 	 	 		 				 	 		 			       		 	 	 			  	 		  	 			    	 	    	    		 	 	 	 	 		   							  			  	  						  	 		 		    		  		 			 	 	 			 	   		  	  	 	  		  	  	 	 		  		 			     		  	  		    	 					 	 			 	 	 		  	   	 			 	  	  		 	  	 	 						 	  	 					   	 		 	   	 	  	 						 		 	 	  	  		     	 	 		   			   		  	 	 	    			 				 	 		   		    	    		    	 			    	    	 			 	   	  							    	 	 	  		 		 	 			  		     	   			  		  	 	 	  			   		    	 		  					 	 			   	   		 	  	 	  	  		 		 	  	     	  	      	  	   	 	  		 	  		 				 			  		 	  					 	   		 	 			    			 	 	  			  			  					    	 		  4
m 2 4 1
m 3 2 0
g 3 3 1
m 4 2 3
b 4
m 2 0 4
m3 0 
3
m 3 2 0
f 3
m 4 3 0
q78848d68409
m3 466994094 -5 0
m 1 3 3
m 2 0 4
b-1
g 2 3 3
m 3 0 4
m 3 2 1
q		3
m4	 2	 ù2
1m 1 8
m 2 0 4
q2
m 3 3 3


m4 3 1
m4 3 0
g 4 1 1
m 1 0 2
m 1 0 0
m 2 3 1
m 2 2 1
m 3 0 3
m 4 0 4
m 4 0 1

