B 5 5 2 15
m11 2
m 1 1 3
m 1 3 4
p
m 2 3 0
m 2 4 2
m 1 4 2
q 1
m2 3 3
m 2 0 3
m 1 1 2
m 1 4 4
m 2 1 1
m 2 2 1
b 2
	m	1 04
m11 0 4
m2 2 8
m 2 2 4
m 1 2 3
m 1 0 0
m 2 0 4
m 1 1 0
m 2 2 3
p
m 1 2 4
m 1 2 0
m 2 2 4
m 1 4 2
b 1
g 1 1 2
m 2 1 3
m1 4 0
m 2 2 3
m2 3 3
b2
m 1 0 0
b 1
m 2 2 0
m1	 		3	 		
m 1 1 1
q 1
m 2 2 2
m 2 2 3
m 1 0 4
		m2 2	 -5
m 2 1 1
f 2
m 1 4 1
m 1 3 2
m2 431743	2175 4
m 1 3 4
m 1 0 3
12 m 0
b2
f2
m 1 3 4
m 1 0 2
m 2 4 1
m2 4 1
m 1 2 0
m 1 2 1
m 2 3 4
m6	3405	0174	2 2 1
m 1 1 0
m 1 4 1
m 2 1 4
p
m 1 1 0
m 2 2 3
m 1 3 4
m1 	2 1
g1 2 295022491 0
m 2 1 2
m 1 1 0
m 2 3 4
f 2
m 1 1 0
m 2 1 0
m 1 3 4

q

1
m 2 1 4
m 1 1 0
b 1
m 2 3 1

