B 5 5 2 21
m 2 3 1
m 1 1 4
m 1 1 4
q 1
q 2
m 1 4 0
m 2 0 1
m 1 0 1
m 2 4 2
p
m 1 2 2
m 1 3 2
m 2 2 0
m 2 4 2
b 2
q 2
m 1 1 0
m 2 2 0
m 1 1 2
q 1
m 2 0 3
m 1 0 3
m 2 1 2
m 2 4 4
b6
q 2
	
p	
m 1 0 0
m 1 4 2
m 2 3 4
f 2
m 1 0 0
f 1
m 2 4 2
b 2
m 1 0 3
m1 4 0
m 2 3 3
2
m 1 1 4
m 1 1 1
f 1
m 2 1 2
m 1 1 4
f 1
m 2 2 4
m 1 3 1
m 2 0 4
m 1 1 4
m 1 2 4
q 1
b 2
m 1 3 4
m 1 2 0
m 2 3 4
m 1 0 3
m 2 3 1
m 2 0 1
m1 0 2
m 2 3 1
m 1 1 2
m 1 0 0
m 2 1 4
m 2 4 1
b2
m1 1 3
m 2 1 1
m 2 1 4
f 2
m 1 4 3
m 1 3 4
f 1
m 2 4 1
m2 1 
m 1 4 3
m 1 4 1
m 2 3 3
m 2 4 0
m 1 3 1
m 1 1 4
m2 3 1
m 2 2 3
m 	1 1 2
m 2 0 3
m2 3 0
m 1 1 2
m2 1 5970660806

