B 5 5 4 7
m 1 0 3
m 2 1 0
m 2 3 3
f 2
q 2
m 3 4 0
m2 3 3
m 4 1 0
m 1 3 2
m 1 2 2
m2 2558120895 2
f2
m 3 3 4
m3  0	 2
q 3
m 4 1 3
m 4 1 4
b 4
m 1 1 1
b 1
m 2 0 2
m 3 2 4
m 4 3 2
f
-2
m 1 3 4
m2 4 4
m 3 1 4
m2 -4 0
m1 1 4
m		  	1
	  	4	  	2
m2		 	 	 	3		 	 	 	4
f2
p
m 3 3 2
m3 0ý 1
m 4 4 0
b 4
m 1 3 4
m 1 3 4
m-9 1 
3
m2 4 2
f 2
m3 3 4
m3 11 1
m 4 0 0
f 4
m 1 0 4
2 4 2
p
m 3 0 2
b 4
m 1 1 4
m 1 3 1
m 2 0 0
m 2 2 3
m 3 1 4
m 3 0 4
m 4 2 1
q 4
m 1 3 4
m 1 4 4
g 1 4 2
m 2 4 2
m 3 2 1
m 4 0 2

m 1 2 3
m 2 4 3
m	2 
4 2
m 3 2 1
m
3 
8 0
m 4 1 0
p
m 1 2 2
m 1 2 2
m 2 2 1
	f-1 0
m 3 0 0
m 3 0 3
f 3
m 4 2 2
m220625 2414 3 0
p
m 1 1 4
m 1 3 4
m 2 0 1
m 3 2 4
m 4 2 1
m 4 0 2
m 1 0 2
m 2 1 4

