B 5 4 3 3
m1 2 3
m 1 4 0
m	2 2 7
m 2 3 0
b 2
m3 3
 4
g7006545215  2
m 1 2 2
m 1 2 3
m 2 1 0
 m	1
 1 3
m 1 0 3
m 2 2 0
m 2 2 3
m 3 1 0
m 1 2 0
m2	3	3
p
m3 2 4
m 1 3 4
m 2 0 0
m 3 4 3
m-6 4 3
m 1 2 1
m 1 3 2
m 2 2 0
	m2 2552056236 2
m 3 1 1
m33 1 
g 3 0 2
m1 -3 1
m1 1 2
m 2 1 4
m 2 0 2
m	3	 3 
3
m 3 1 0
m
1 1 	0
q 2
g7495078757 3 2
m 3 2 1
q 3
m 1 4 2
m 1 0 2
b 2
p
m 3 1 4
m 3 3
m2 1 0
f 2
m	
1  0
m : £010
m 2 1 3
p
m 3 2 0
m 1 0 1
m 1 0 3
m 2 1 0
m 3 1 0
m 3 4 3
m1 -2 3
m1 2 0
m 2 1 3
m 2 0 0
m 1 1 3
m 1 2 0

