B 5 4 2 20
m 1 0 4
m 1 1 3
b1
m 2 2 0
m2  	3 3
m 1 1 4
m 1 1 3
g2 3 1
m 1 0 0
m 2 0 2
m1 3 4
m1 4 0
q 2
m1 3 0
q 1
m 2 2 4
m 2 3 3
m
1 -1 2
m 2 3 2
m 1 2 2
1
m 2 1 2
b 2
m 1 2 3
m 2 1 2
m 1 3 3

m2  3 4
m 1 1 4
m 1 4 3
b 1
m 2 0 1
m 2 4 0
m 1 3 2
m1		2		0
q 1
g 1 3 3
m 2 1 4
m 1 3 0
m 1 4 3
m 2 1 3
m 2 3 3
m 477	191234	2 3
m 1 3 0
q 1
m 2 0 0
m2 4 0
f
7
m 2 2 4
m1 1 3
m 2 0 1
m 1 2 4
m 2 1 1
m 2 1 2
m1 2 4
b 1
q 1
m 2 1 2
2 	 	011
m 1 2 0
g-9 0 2
p
m 2 2 0
m 2 4 0
b-3
q 2
m 1 2 3
m 2 3 0
b 2
q 2

