B 5 4 4 6
m8315277512 2 4
m 1 2 1
m 2 2 3
q 2
m 3 0 1
m 3 4 3
q 3
m 4 0 2
m 4 4 3
m1  
3 0
m 1 3 2
m 2 3 0
m1
1 0		 0
m3 0 
q 3
m 4 2 2
m 4 1 2
b 4
m 1 1 1
m 1 1 0
m 2 1 3
m 3 0 2
m4	 3	 3
p
m 1 2 4
f 1
m 2 1 3
	82
 m 0
q 2
m3 1 3
m 3 2 3
m 4 1 2
m 4 4 0
p
m 1 3 0
m 1 2 2
m 2 0 2
m 2 2 2
m	3  1 2
m 4 3 1
m 1 4 1
m2  0
m3 2 3
b 3
f 3
m 4 1 3
m4 0 1
m 1 3 1
m 2 0 2
m 2 0 0
m13		 		 2		 		 0
m 3 0 2
m 4 3 1
m4 4 2
m 1 3 0
b	 1
m 2 4 2
m-4 3 0
m 4 3 0
m 1 2 2
b 1
g 1 0 0
m 2 1 1
g 2 0 2
m 3 3 0
m31 3
m 4 3 0
m 4 1 1
f 4
m 1 3 0
m 1 0 2
m2 3 0
m 2 4 3
m 3 1 2
q3
m4 Z3A 6

