B 4 5 2 14
m1		4 0
m 2 2 0
m6702115938 2 3
	m 1 3

b

f 1
m 2 0 1
b 2
m 1 4 0
m 2 2 2
m 2 0 3
m 1 2 1
f 1
q 1
m 2 2 3
m 1 4 0
g 1 1 0
m 2 2 3
m 2 2 4
m1
 
3 1
m 1 2 2
m 2 2 0
m2
 3 	3
mÆ.1  4  	3
m 2 1 2
m1 8176771209 
m 1 1 2
g1 1 0
m 2 1 1
m 2 3 0
m
 1 
2 0
m 1 3 1
m 2 0 2
m 2 2 3
m 1 0 2
m2 4 3711	4	62825
m 2 3 0
m1 2 
	3
m 1 0 3
b 1
f 2
g 2 0 0
m1	 		 	0	 	
	 	8
m 2 0 1
m 2 1 1
m 1 0 1
q 1
m 2 2 3
m1 2 3
m1 3 3
q 1
m 2 3 4
m 1 1 0
m 2 0 1
11
m 1 4 1
m 1 3 2
m1 3 4
m 2 0 1
m 2 3 4
p
m 1 0 0
m 1 3 2
q 1
m2 - 1
m 1 3 3
m 2 4 1
b 2
m 1 2 2
m 2 4 1
m 2 3 0

