B 4 4 3 8
m 1 3 3
m 1 2 1
p
m 2 0 0
m 2 3 3
g 2 1 2
m 3 0 1
q 3
m 1 1 3
01 0 m
m 2 2 0
m 3 3 3
m1 2 2
m 2 3 0
m 2 1 0
m3 2 3
m 3 2 0
f 3
m8275364480 2 3
m 2 2 0
m 3 3 0
m 3 1 0
m1 2 3
b
1
m 2 2 1
m 2 0 0
g 2 3 3
m 3 3 2
m 1 2 2
m1 2 2
b 1
m 2 0 1
b 2
m3 2 1
f
3
m 1 2 0
m1 2 317	
	7467336
b 1
m 2 0 2
m 2 0 3
m 3 0 2
m5322574258 2 1
mh	1 3  3
f 1
m 2 1 3
m 3 2 1
m 3 3 3
m1 2 1
m2 1 
m 3 1 1
m 3 0 1
b 3
m1 1 2312018602
q 1
Âm2Ý	 	 	 		2	 	 	 		1
m 2 3 2
m3 	²2 1
m 2 2 1
m 2 1 0
f26 9556749	7

