B 3 4 4 3
m410 9575262 1 0
m3 1 2
m 3 2 3
p
m4 3 0
m 4 1 1
f 4
m 1 2 0
m 1 2 2
m 2 3 1
2 3m8 29732986 0
m3 1 2
m4   	 		 	 	 		 	   	 	 		 		 		  			    		    		  			  	 	 		 	    	    		  	 	  	  	   	    	   			 	  	 	 		    	 	  					  	  				 			    		 	     	 		 		 		 	 		 	 			  	   	    	       	 	 	 	  		   	  	 			  	 			  			 		 	 	 			 		 							 		  				  						 		 				  	  		 		 		 	 	   		   				 		  	 	  			  	 		  					 	   		 	      	 	      		 		  	   					 	 	  	   		 	   				   				  	  					 		   	  		 	     				  			 	    	 				     	  	 		 	  	 		  		 		 		  		 	 	 		  	 	  		       		       		  		  			     	 		   	 	 		  	   			  	  	       	 	 				  			   		   	 				  	 	 	  		 	     				    	 		    	 				 						 	 	 		 		   	  	 	 					      	 		 			 		  	  	 		 	  		 		 	 		 		 			 	  		  	 	 			    	 				    	  		   							 	  	   		  	 	    		   	  					 			 	 		  				  	 		    	 	 	 			        			  		 								   	 	   	     	 			   	   				 	 					  	 				 		    		 	  	 	   	    	  	 		   		 	 					 	 			 		   	      		 		   	 		   	  	    	  						 	 		     	 	 	   		 			  	   	 		 	 		    	 	 	 		  	  			 	  					 				  			   					  	 		 		      	  			 	 		  	  	 	 		 				 		 	    			 			   			   						 		 	  	    		 	 		  		 			 			 		    			   								  		  	  	  	 	      			   	 	  	 	 	 			 			  		 		  		   				 		 	  		     		  				 	  		  	    	 	  	    	 		    	 				  	 			 		 	 	   	   	  	 	  		 		 						 	 	 				 	   				 	 		  	     		 		 			 	 	   	 		 	  		  	 	 	 			  	 	 				 		 			  	 	 	 	  			 	   		 		 			  					 	 		 	 	 	  		 	 	 		 	  		 	  		     		 	 	 	   			    		  	  				  	 	 					 	     				 	 	 	 	           	     	 			     	  			   	 	  		 		 		  	 	      		 	  	 		 	  	 	   	 		  		   					  					 	 			   	 	  		 			   			 	 					 		   	    		 	         			 	 			  				 	    	       	 			 	    		   		 		      		   						 	  	  		 	 	  				 		 			  	 	 			  	 			  			   				  	 	  				 	 	 	 			   	  			    			    				  		 		 		      	 				 	  	  		   	 		 			    	   		      		 		   		 	  		   	 			   	  	       	    	 		 		   		 	 	     	   		  			   		 	 				 				  		  	  			  						  		     	 		 			  	  	   		   			 					      	   	 				    		  		  	 	  		 				 			 	  	  	 		  	   	 		 	   						 				  			      		   		 				   		 							 			   	 			  	  		   						 	   		     	  						 				   	 					    	  	  		   				  		 										 	 							   		  	 	 	     		 	  				  	  		 			 	 		  	 			  	 	  	 			  	  			    					 		 	   		 		  						   	  	 	 				  	  	     				 		 	 			   		 	 	 		   	 		  	 	 	 			  	 	 		 	 	   					 			  		     	 		   		  		  		 	 		 							 					    	 				 	     	 	  	        		 							 			 					  		 		  	 	 			   	 					  			 		 	 		 	   			 	 	     		 						  					 	  	  	  	   				 			  		 	 	 				 		 	 					    		   	  					 		  	 	    		 	 			  		 	 		      	  			  	 	  		 	  	 	 	 		        		 		 				 	     	  	 	 					    	     		 	    		 	 	           		 					    	 	 	 	 	  		 					 	   		  	      		  		  		 	   	     	 			   					   	 						  	  	 	 	   		 			  			 	 		   				       	  	   	   	      	  			  		 	 				 			   	 			  							  						      	 			   		  	  		  		 				  	    	  	 	 	       	   	  	 	 				     		  	 				  			  	   			 	 	 		  	 	 	   		 					 		  		   					 	  		 		 		 	   			 	   		 						   			 					 	 		   	 			 					  	   	   		   	   	   		 	 		     		  				   								   			  	    	    		 		 	   		  			 	  	 	  			 									   		 			     	  	 		 	  	 		  	 	 				  								 		 		   					 				  		         	 			 	 		   	     	 		 	 	    					    			  			 					  		 			   	 			  			 		  				  		 	 	 	  							 	 		    					 	 			 	  	 	  	      	 	  			 	  	  	 		   		  		 		 	 	  	  	    	      	 	 	   				   		  	 	   	 		 			 		 		   				 			  	  						 				 			   	 	  	 		 	 			 		  				     	 		 				    	  	   	  	 				  		  				 		 	 	 	   	     	 		  		 	  	  		   	 	    	 	   					 					 			 		   	 	   		 	 		 		    	 	 		 	 	 	    	 	  	 								 		 						 		  	  	   		 			 	  	  	 							 	   			  	  			 	 		 	 	  		      	  			   		 		  		 				  	  		  							  		 		   	 		 	 	 		 	   	 	 		 		 		  			    		    		  			  	 	 		 	    	    		  	 	  	  	   	    	   			 	  	 	 		    	 	  					  	  				 			    		 	     	 		 		 		 	 		 	 			  	   	    	       	 	 	 	  		   	  	 			  	 			  			 		 	 	 			 		 							 		  				  						 		 				  	  		 		 		 	 	   		   				 		  	 	  			  	 		  					 	   		 	      	 	      		 		  	   					 	 	  	   		 	   				   				  	  					 		   	  		 	     				  			 	    	 				     	  	 		 	  	 		  		 		 		  		 	 	 		  	 	  		       		       		  		  			     	 		   	 	 		  	   			  	  	       	 	 				  			   		   	 				  	 	 	  		 	     				    	 		    	 				 						 	 	 		 		   	  	 	 					      	 		 			 		  	  	 		 	  		 		 	 		 		 			 	  		  	 	 			    	 				    	  		   							 	  	   		  	 	    		   	  					 			 	 		  				  	 		    	 	 	 			        			  		 								   	 	   	     	 			   	   				 	 					  	 				 		    		 	  	 	   	    	  	 		   		 	 					 	 			 		   	      		 		   	 		   	  	    	  						 	 		     	 	 	   		 			  	   	 		 	 		    	 	 	 		  	  			 	  					 				  			   					  	 		 		      	  			 	 		  	  	 	 		 				 		 	    			 			   			   						 		 	  	    		 	 		  		 			 			 		    			   								  		  	  	  	 	      			   	 	  	 	 	 			 			  		 		  		   				 		 	  		     		  				 	  		  	    	 	  	    	 		    	 				  	 			 		 	 	   	   	  	 	  		 		 						 	 	 				 	   				 	 		  	     		 		 			 	 	   	 		 	  		  	 	 	 			  	 	 				 		 			  	 	 	 	  			 	   		 		 			  					 	 		 	 	 	  		 	 	 		 	  		 	  		     		 	 	 	   			    		  	  				  	 	 					 	     				 	 	 	 	           	     	 			     	  			   	 	  		 		 		  	 	      		 	  	 		 	  	 	   	 		  		   					  					 	 			   	 	  		 			   			 	 					 		   	    		 	         			 	 			  				 	    	       	 			 	    		   		 		      		   						 	  	  		 	 	  				 		 			  	 	 			  	 			  			   				  	 	  				 	 	 	 			   	  			    			    				  		 		 		      	 				 	  	  		   	 		 			    	   		      		 		   		 	  		   	 			   	  	       	    	 		 		   		 	 	     	   		  			   		 	 				 				  		  	  			  						  		     	 		 			  	  	   		   			 					      	   	 				    		  		  	 	  		 				 			 	  	  	 		  	   	 		 	   						 				  			      		   		 				   		 							 			   	 			  	  		   						 	   		     	  						 				   	 					    	  	  		   				  		 										 	 							   		  	 	 	     		 	  				  	  		 			 	 		  	 			  	 	  	 			  	  			    					 		 	   		 		  						   	  	 	 				  	  	     				 		 	 			   		 	 	 		   	 		  	 	 	 			  	 	 		 	 	   					 			  		     	 		   		  		  		 	 		 							 					    	 				 	     	 	  	        		 							 			 					  		 		  	 	 			   	 					  			 		 	 		 	   			 	 	     		 						  					 	  	  	  	   				 			  		 	 	 				 		 	 					    		   	  					 		  	 	    		 	 			  		 	 		      	  			  	 	  		 	  	 	 	 		        		 		 				 	     	  	 	 					    	     		 	    		 	 	           		 					    	 	 	 	 	  		 					 	   		  	      		  		  		 	   	     	 			   					   	 						  	  	 	 	   		 			  			 	 		   				       	  	   	   	      	  			  		 	 				 			   	 			  							  						      	 			   		  	  		  		 				  	    	  	 	 	       	   	  	 	 				     		  	 				  			  	   			 	 	 		  	 	 	   		 					 		  		   					 	  		 		 		 	   			 	   		 						   			 					 	 		   	 			 					  	   	   		   	   	   		 	 		     		  				   								   			  	    	    		 		 	   		  			 	  	 	  			 									   		 			     	  	 		 	  	 		  	 	 				  								 		 		   					 				  		         	 			 	 		   	     	 		 	 	    					    			  			 					  		 			   	 			  			 		  				  		 	 	 	  							 	 		    					 	 			 	  	 	  	      	 	  			 	  	  	 		   		  		 		 	 	  	  	    	      	 	 	   				   		  	 	   	 		 			 		 		   				 			  	  						 				 			   	 	  	 		 	 			 		  				     	 		 				    	  	   	  	 				  		  				 		 	 	 	   	     	 		  		 	  	  		   	 	    	 	   					 					 			 		   	 	   		 	 		 		    	 	 		 	 	 	    	 	  	 								 		 						 		  	  	   		 			 	  	  	 							 	   			  	  			 	 		 	 	  		      	  			   		 		  		 				  	  		  							  		 		20
m40 1
g 4 3 2
m 1 3 1
m 2 3 1
m3 2 0
m 4 2 3
m1 2 0
m 2 3 0
m 3 2 1
m4 2 3
m 1 0 2
m 2 0 1
m 3 0 0
m3	 	   	 1	 	   	 3
m4	
		  						 				 				 			  	 		  		  	  		   		   	 				 				  	    			 		  		  				   	   					  	  						 	  			 	  	 		  	 								 	  	  		     		     	 				 		 	  	  				     	   			   				 		 	 							  	  			 	 						   	   		 					 	    	   	   			  		   		   	 				 		  			 	 		 	 		 	 			 	 	   					    	 	   			   	  		  									  	 	     				  				 				 		    		    	    			 		 	  						 		 		 	  										  			 	 		 				 	 	  					 	  			     							  		  				   				 		  	   				 	 		 	  		   	  		 	  				      	        	 		  		 				 			  			 	  			 		  	 						   	 	 	       		   	  			         		  	  		 	   		  		   		  			 	    		 	  	  			 	 	 	  	 	    		 			 	  	  	 								  	  	   	 	 				 				 	 	  	 			    		 		 				 	  			 		   	 	 	  	  		 	 							    			 			 				   		    	    	 		   	  		 	  		  	  		 		   							   					   		 		  					  		   	   		 	  	 			 		  		  		   	 		   							   	     	  	     	    	  						 			 			        	  			  	  			  	  		   	 			  	   				 				 	 		 	  	  	            	 	    					 	  	 		  			  	     		 	  	 					 	  	  		    				  	  	 	   	  		 		  				  				 	 		 		  				   		 				 	  			   						 	     			  		  	   	 					 	 	  	 			  		   	   	  		  		  					 	  	 	   		 		  		   				  		  	  	 	   	  		  	     	    				      				 		   		  	  		 			  		 				  	      	 	 		 		 		  		 	 		 		 		  			   				 			 	 	 							 			 	 	 			   		 	   		 			   			 		 	   		     		    	   			  								   	 	 		 							 		     	 	 		 	 	 		 	 	   	 	 	   	 	 		 			  	  	  	 	   		    	 	 		 				  	 	   	    		 		  						    	 	    		  	 			  			  				     	  	    		 	 	 		 	 		 			     	     		  	   	 	    	   	 	 			 	  		 	  			  	 	 		 			    	   		   		 		 		  	   	  	 		 			      	   			 	  	 	   		   	 		 	 		   	 	 	     	 		 	  					    	   			     				 				 	  					   	  				       	  		  	      		 				   	 	   			 		 		 		 			 			 	    	 		  				 					 		 				 	 		 		 			   	 		  	  					 		       	 		 		 			   	  					    	   		 	 			 	  			 	   						  		 	 	    	 	 					 		    	   	   	  				  	   			     		   		 	 		 		 	     	 		  	 		     	 						    		  		     		 	 				 						 	 							    		 			   	 	 			 	 								  		  	 	 		     		  			  			 		     			  			  				 	 	     				      	 	 	  	 	  	          	 	       	  	   		 			  	 	     	   	 	    	  		  				 	  	 	 		    			   	   			 				 	 		   	   	  				   	 			 		       	  		  	 	     	 			   		   			 			   	 	  					 								   			   					 		 	    	 							  			 			   		 		 	       	 			 		   	  		     	    		   		   	   	  	  		      		  	   			 	   	   		 	 		 			 		    		  	 	  			  	 	 		  			 		  			  	 				 	 				  				   	  	 	  			   		       			 	  		  	  		  			 	 								 		     		  	  		 		  		 		  	 	  	  	   				  	 	  	 	 	 	 	 	  	 				 	 		 	      	 		   	    	 	     	 				 				  	  			 				  				 	 	   	 	  	 	 	 		 		    	  	 		          	    					 	 			  			  			 		 		 		 				  			   	 				  		 	 			 						 		  		 		      	   	   						 	 	   	 		 	        	 	   				   	 					   		 	  	  	 		 				  			  		 	   	 		 	 	 			  	 	    		 		 						 	     		 	 		 	 			 	  		   		 		   	 			  	  	   		 					  				  	  	   	    		 		      	      	  								 	    						  		 		 			 		 		   		 			  					 		 			  	 		   	    		 				 		 	 			  							 		     	 		   							 	  		 		  	  				 		 		      	 		   		 		  			     	   				     			  	 	  		 	      				 		  	 	 	  				  		   		 	 	 		 	     	  				 	  	    		 		  	 			  					  						  	  	 	  			 	 	 	   	 		 	 		 	 	 	 	 		 	 	 				      		 	  			 	 	  					 		2		  						 				 				 			  	 		  		  	  		   		   	 				 				  	    			 		  		  				   	   					  	  						 	  			 	  	 		  	 								 	  	  		     		     	 				 		 	  	  				     	   			   				 		 	 							  	  			 	 						   	   		 					 	    	   	   			  		   		   	 				 		  			 	 		 	 		 	 			 	 	   					    	 	   			   	  		  									  	 	     				  				 				 		    		    	    			 		 	  						 		 		 	  										  			 	 		 				 	 	  					 	  			     							  		  				   				 		  	   				 	 		 	  		   	  		 	  				      	        	 		  		 				 			  			 	  			 		  	 						   	 	 	       		   	  			         		  	  		 	   		  		   		  			 	    		 	  	  			 	 	 	  	 	    		 			 	  	  	 								  	  	   	 	 				 				 	 	  	 			    		 		 				 	  			 		   	 	 	  	  		 	 							    			 			 				   		    	    	 		   	  		 	  		  	  		 		   							   					   		 		  					  		   	   		 	  	 			 		  		  		   	 		   							   	     	  	     	    	  						 			 			        	  			  	  			  	  		   	 			  	   				 				 	 		 	  	  	            	 	    					 	  	 		  			  	     		 	  	 					 	  	  		    				  	  	 	   	  		 		  				  				 	 		 		  				   		 				 	  			   						 	     			  		  	   	 					 	 	  	 			  		   	   	  		  		  					 	  	 	   		 		  		   				  		  	  	 	   	  		  	     	    				      				 		   		  	  		 			  		 				  	      	 	 		 		 		  		 	 		 		 		  			   				 			 	 	 							 			 	 	 			   		 	   		 			   			 		 	   		     		    	   			  								   	 	 		 							 		     	 	 		 	 	 		 	 	   	 	 	   	 	 		 			  	  	  	 	   		    	 	 		 				  	 	   	    		 		  						    	 	    		  	 			  			  				     	  	    		 	 	 		 	 		 			     	     		  	   	 	    	   	 	 			 	  		 	  			  	 	 		 			    	   		   		 		 		  	   	  	 		 			      	   			 	  	 	   		   	 		 	 		   	 	 	     	 		 	  					    	   			     				 				 	  					   	  				       	  		  	      		 				   	 	   			 		 		 		 			 			 	    	 		  				 					 		 				 	 		 		 			   	 		  	  					 		       	 		 		 			   	  					    	   		 	 			 	  			 	   						  		 	 	    	 	 					 		    	   	   	  				  	   			     		   		 	 		 		 	     	 		  	 		     	 						    		  		     		 	 				 						 	 							    		 			   	 	 			 	 								  		  	 	 		     		  			  			 		     			  			  				 	 	     				      	 	 	  	 	  	          	 	       	  	   		 			  	 	     	   	 	    	  		  				 	  	 	 		    			   	   			 				 	 		   	   	  				   	 			 		       	  		  	 	     	 			   		   			 			   	 	  					 								   			   					 		 	    	 							  			 			   		 		 	       	 			 		   	  		     	    		   		   	   	  	  		      		  	   			 	   	   		 	 		 			 		    		  	 	  			  	 	 		  			 		  			  	 				 	 				  				   	  	 	  			   		       			 	  		  	  		  			 	 								 		     		  	  		 		  		 		  	 	  	  	   				  	 	  	 	 	 	 	 	  	 				 	 		 	      	 		   	    	 	     	 				 				  	  			 				  				 	 	   	 	  	 	 	 		 		    	  	 		          	    					 	 			  			  			 		 		 		 				  			   	 				  		 	 			 						 		  		 		      	   	   						 	 	   	 		 	        	 	   				   	 					   		 	  	  	 		 				  			  		 	   	 		 	 	 			  	 	    		 		 						 	     		 	 		 	 			 	  		   		 		   	 			  	  	   		 					  				  	  	   	    		 		      	      	  								 	    						  		 		 			 		 		   		 			  					 		 			  	 		   	    		 				 		 	 			  							 		     	 		   							 	  		 		  	  				 		 		      	 		   		 		  			     	   				     			  	 	  		 	      				 		  	 	 	  				  		   		 	 	 		 	     	  				 	  	    		 		  	 			  					  						  	  	 	  			 	 	 	   	 		 	 		 	 	 	 	 		 	 	 				      		 	  			 	 	  					 		2
m 1 3 0
m 1 1 0
b1
m 2 0 0
m 3 3 0
b 3
m 4 3 0
m 4 0 0

