B 4 5 3 4
m 1 4 0
f1
m 2 0 2
m3 313777228 0
m 3 1 3
m 1 4 3
m 1 0 3
5	 	   q1
m 2 0 2
m 2 1 2
m 3 3 2
m3 2
 	3
m1 0 3
m 1 1 0
m 2 4 2
q 2
m 3 1 3
m 3 2 2
m 1 2 1
m 1 3 0
m 2 4 2
m1 3 4104660824
m 1 1 4
m 2 1 1
m		3		2
b 2
m 3 3 3
m1	 4 
0
b 1
f 1
m 2 0 3
m2 8
218 3964
25 2
m3 4 


0
q 3
m 1 4 1
m 1 2 0
f1
m 2 0 4
m 2 3 2
f 2
m 3 0 0
m2 1 0
m2 2Ë 1
m 3 1 2
m 3 3 3
m 1 4 2
 21 1
m-1 4 2
m 2 3 1
m 3 4 1
g 3 1 2
m 1 4 2
g 1 1 1
m2	  4 2
m 2 0 1
b417096825
m 1 2 4
 2 4m
m 3 2 0
m 3 3 3
m 1 4 1
m2  		 	  4  		 	  1
m 3 3 1
m 1 4 1

