B 5 5 3 5
g1 2 1
m2 0 	0
m3 0 1
m 3 4 1
m 1 1 3
m 2 4 1
q2
m 3 1 1
 m1 2 9
m 2 1 2
q 2
m 3 3 1
m 1 0 0
m 2 3 0
m 2 2 0
m3 4 1
m 3 2 0
m1	 				 3	 				 4
m 2 0 4
m3  1
3 	3 	3
 q3
m 1 3 4
m 1 4 1
b 1
m 2 2 2
m 3 2 0
m1 3  1
m1 	2 2
m2 3 8438269585
m2 4 1
p
m 3 3 3
m8 3 8226357665
m 1 1 4
p
m 3 0 4
m 3 3 1
m 1 3 4
m 1 1 3
q 1
 m2 -²7G	 2
m 3 0 1
p
m 1 0 4
m 2 2 0
	m3 3  4
m 1 4 4
m 2 0 1
m 3 3 0
f 3
m 1 3 4
f 1
m2 
3 3686250811
m 3 0 4
 m1 3 
4
b4002172968
m 2 1 2
m 3 2 2
m 3 0 4
m 1 2 0
m 1 1 1
m2 0 1
m2 2 2
m 3 0 4
m3 0 1
m 1 3 2
m 1 0 4
b1
m 2 2 0
m2 2 22
b 2
m 3 3 4
m 1 3 4
g 1 2 1
m 2 0 1
m 3 3 4
m 1 1 0
m 2 2 4

