B 5 5 2 11
m 1 4 1
  
b8
p
m 2 0 2
m 2 4 1
m1 2 2
m 1 2 2
m 2 2 4
m 1 2 3
f 1
m 2 3 0
q2
m 1 4 3
q 1
 m2 1 -8
m 2 0 1
m104 1
m 2 2 4
m2
 
1	1
m 1 4 0
b 1
m 2 0 2
m 2 0 4
m 1 3 0
m1 0 1
f 1
m 2 0 1
g2 2 2
m 1 2 4
m 1 0 4
m 2 0 1
m 2 1 2
m 1 0 2
b 1
m 2 0 3
m 1 1 3
f1
m 2 4 4
m 24 1
m 1 2 3
m 1 0 1
b 1
m 2 4 1
m 1 2 4
m 1 0 3
m2 0 0
m 2 0 3
q 2
m 1 4 4
m 2 3 3
q 2
m 1 0 1
m 1 1 4
m 2 0 2
m 1 2 3
m 2 2 3
m 1 2 4
m1 3 0
m 2 1 3
m 2 4 4
m 1 4 0
f 1
m 2 2 3
m 2 1 1
b 2
m 1 0 0
m 1 2 1
m 2 1 3
m 1 4 1
m
2 0 
1
m2    4    0
q 2
m13-7  
m 2 0 1
m 2 4 4
m1 0 
m 1 1 4
 2 2 		4
m  2M 2
q 2
m1  3
m 1 4 1
m 2 1 3
m 2 0 3
m 1 0 1
f 1
m 2 4 0
m 1 2 2
m 1 2 2
1q
m 2 0 2
g2			  			  4			  1
m 1 4 3
m 2 2 4
f 2

