B 4 5 3 1
m 2 4 3
m 2 0 2
m 3 0 1
m 3 3 2
m1 2 3
m2 1 2
m3 2 2
q 3
m 1 3 3
m2  3 2
m 2 2 0
f 2

m 3 4 2
m 3 2 4
f 3
m 1 3 1
m 1 3 3
m 2 4 3
f 2
m 3 0 2
m 1 4 2
m 1 1 4
b 1
m 2 2 2
m 3 4 3
m 3 3 0
b 3
g 3 2 2
m 1 0 2
m 2 3 0
m 2 1 0
m 3 4 1
m 1 0 3
b 1
q 1
m2 6485351663 0
m2 61832
98309 1
m 3 2 0
m3 2906622907 1
b 3
m 1 1 0
m 1 2 4
p
m 2 1 2
m 3 3 1
f 3
m1 1 0
m1 0 0
m 2 2 3
f 2
m 3 0 2
m 1 3 4
f 1
g1 1 1
m 2 2 3
m 3 2 2
3
f3
m 1 2 1
m22 0
m1 0 6
m2 0 -1
m2 1 2
m 3 2 2
m 3 0 4
	b 3
 g
3 3 2
m 1 0 3

m1  2 1
m 2 1 3
2 3 4
m 3 0 3
m 3 1 3
p
m1 1 1
m	1 3 
3

