B 5 4 3 3
m 1 1 2
m 2 1 0
m 2 1 0
p
m 3 1 2
f 3
m 1 2 3
m 2 3 1
m 2 3 0
m7 4 4
m 1 3 0
m 1 0 1
	 m3 0 	2
m1 4 0
m 2 3 0
m3 0 4
m 1 3 1
m3 2 3
m 2 0 0
m2 2 0
m 3 3 3
m 3 1 2
m 1 3 1
m 1 3 2
b 1
g1 0 3
m 2 0 3
m 3 1 1
m 3 2 3
m 1 2 2
m 1 0 3
q 1
m 2 3 4
m 2 2 3
f 2
m3 3 4
m 3 4 3
m1 2 4
m 2 2 3
m 3 1 2
m3  1	0 

m 1 1 2
b 1
m 2 1 2
m 2 1 1
m 3 3 1
m 1 2 3
m 1 2 1
m 2 4 1
m 3 2 3
b 3
f 3
	 	 	 		  1	 	 	 		  0m0
m 1 4 0
f6968649078
m 2 3 2
m 3 3 3
m 1 2 0
q 1
m 2 2 4
m 2 2 2
m33 1
m 3 1 0
q 3

m1 3
  3
m 1 3 3
m 2 0 1
 m9 0 	3
m3	 3 1
m 1 3 1
m 1 4 2

