B 5 4 3 4
m 1 3 0

	b
q 1
p
m 2 3 2
m 3 1 0
  f3
m1 5667890837 3
m1 -6 3
m 4 1
m0 7240054147 1
m 1 2 1
m 1 0 0
m 2 2 2
m 2 2 3
m3ê 1 1
m 1 0 2
m1 0 2
m 2 3 1
m 3 0 2
m1 0 4
m 2 3 3
m 2 4 0
m3 1 0
m 3 1 2
m1 2  4
g 1 2 2
m 2 3 0
m 2 4 1
m 3 3 0
3 0 6
b 3
m 1 2 4
m 1 2 0
f 1
m 2 4 2
m 3 3 0
m1 2 0
b 1
m8  0
 1


-4
m3 	   3 	   n1
m 1 0 1
m 2 3 0
q2
b 3
m 1  0 0
m 1 2 1
m2¯	 3 0
m 3 3 0
m 3 1 3

m1 3 2
m 2 3 0
m 3 4 2
m 1 4 0
f 1
m 2 3 0
m 3 3 0
m 2 3 0
f 2
m 3 3 0
m 3 4 3
m 1 1 2
m 1 2 0

