B 9 10 6 9
m 1 0 5
m 2 8 2
m 2 5 4
m 3 3 8
b 3
m 4 5 3
m 4 0 9
b 4
m 5 0 8
m 6 3 6
m 6 6 9
g 6 8 3
m 1 4 8
m 1 4 7
m 2 2 6
m 3 9 1
m 4 1 6
g 4 9 6
m 5 2 5
b 5
m 6 7 6
m 1 5 0
g 1 5 2
m 2 1 5
q 2
m 3 0 4
m 3 2 2
m 4 6 3
m 4 8 2
m 5 1 5
m 5 1 0
m 6 7 0
m 6 5 7
m 1 7 3
m 1 0 9
m 2 4 2
m 3 0 4
m 4 3 9
m 5 5 6
m 5 7 6
m 6 7 6
m 1 3 4
m 1 6 2
m 2 4 7
m 3 7 4
m 4 8 7
m 5 7 0
g 5 5 1
m 6 3 8
m 1 5 3
m 1 1 6
m 2 8 6
m 3 0 1
m 4 2 7
m 5 4 6
m 5 5 4
m 6 1 1
q 6
m 1 0 2
m 1 6 5
p
m 2 8 7
q 2
m 3 8 6
m 3 6 2
m 4 5 5
m 4 0 9
b 4
m 5 0 8
m 6 2 5
m 1 9 2
m 2 9 5
m 3 1 5
m 3 0 1
m 4 8 7
f 4
m 5 6 0
m 5 3 7
m 6 1 6
m 1 2 1
m 2 8 9
m 3 6 0
m 3 0 7
m 4 1 6
m 4 2 1
q 4
m 5 0 4
m 5 5 5
m 6 9 1
q 6
m 1 4 6
m 1 0 6
m 2 1 3
m 2 2 3
m 3 8 8
g 3 9 3
m 4 3 8
m 4 0 6
m 5 7 5
m 1 4 1
b 1
m 2 9 4
m 3 5 3
m 4 0 8
m 4 2 0
m 5 3 4
m 5 6 9
m 6 0 2
m 6 3 8
q 6
m 1 8 5
m 2 3 8
m 3 2 3
m 4 3 4
b 4
q 4
m 5 1 8
m 5 7 0
m 6 9 2
g 6 9 1
m 1 9 7
m 1 2 8
g 1 1 0
m 2 0 6
m 3 0 3
m 3 5 6
b 3
m 4 3 7
f 4
m 5 2 1
m 6 6 8
m 6 6 1
m 1 1 7
f 1
m 2 1 8
m 2 6 3
m 3 5 4
m 4 4 8
b 4
m 5 7 6
m 6 0 4
m 1 8 1
m 2 0 1
m 5 1 4
m 5 2 7
m 6 1 7
m 1 5 3
m 1 5 8
m 2 3 8
m 2 7 3
m 3 4 2
m 4 8 6
m 5 1 4
q 6
m 1 9 4
m 1 3 5
m 2 2 5
m 2 6 5
f 2
m 3 9 1
b 3
m 4 1 3
m 4 3 1
b 4
m 5 4 8
q 5
m 6 6 3
m 6 3 8
m 1 3 8
m 1 8 5
m 2 9 1
m 2 8 6
m 4 0 0
m 4 1 0
m 5 3 6
f 5
q 6
m 1 9 2
q 1
m 2 3 8
f 2
q 2
m 3 6 2
m 3 3 9
m 4 4 4
b 4
m 5 8 6
m 5 2 4
m 6 2 7
m 1 1 7
m 1 8 4
m 2 2 7
m 2 7 6
m 3 7 6
m 3 3 6
m 4 9 7
m 4 8 0
m 6 0 0
g 6 2 6
m 1 1 4
m 1 8 6
m 2 2 7
m 3 7 7
m 5 8 7
q 5
m 6 0 1
m 6 3 0
m 1 7 6
m 1 8 2
g 1 6 8
m 2 8 9
m 2 0 3
m 3 1 3
m 4 4 3
m 4 7 8
m 5 4 8
m 6 5 5
f 6
m 1 2 3
f 2
m 4 1 8
m 5 0 8
f 5
m 6 8 7
q 6
g 6 6 4
m 1 0 8
m 1 6 1
m 2 2 3
m 2 3 8
m 3 0 4
m 3 8 3
m 4 4 4
m 4 4 5
g 4 6 2
m 5 5 8
m 6 7 6
m 1 9 5
m 1 3 1
m 2 7 8
m 3 9 2
m 3 6 5
m 4 1 4
f 4
m 5 1 5
b 5
f 5
m 6 3 3
m 6 1 8
m 1 4 6
m 1 1 1
q 1
m 2 6 6
m 2 7 4
m 3 9 1
m 4 5 3
q 4
m 5 7 1
g 5 2 6
m 6 8 6
m 1 3 8
m 1 6 0
m 2 3 0
m 3 5 3
f 3
m 4 5 1
f 4
m 5 4 6
b 5
m 6 1 4
m 1 6 5
f 1
m 2 5 9
m 3 9 4
m 4 1 8
m 5 4 8
b 5
m 6 2 5
m 6 1 2
p
m 1 9 5
m 1 8 8
g 1 7 5
m 2 0 8
m 2 5 4
m 3 4 6
m 4 9 2
m 4 1 5
b 4
f 4
m 5 8 5
m 6 9 1
m 2 0 3
m 2 2 9
m 3 9 4
m 3 1 7
m 4 2 7
b 4
p
m 5 3 6
m 6 2 7
m 6 3 7
b 6

