B 7 7 3 21
m 1 5 2
q 1
m 2 6 4
m 2 6 5
p
m 3 5 5
f 3
m 1 6 1
f 1
q 1
m 2 0 5
m 2 2 0
m 3 0 0
m 3 2 6
m 1 0 4
m 1 4 1
m 2 3 6
m 2 6 2
q 2
b 3
m 1 3 3
m 1 4 1
b 1
m 2 2 2
q 2
m 3 1 0
m 1 6 4
m 2 3 0
q 2
m 3 3 0
m 3 3 6
m 1 2 6
m 1 1 5
m 2 2 2
m 2 0 1
b 2
m 3 4 0
m 1 0 4
m 2 6 4
m 3 1 3
m 1 6 0
m 2 3 4
m 3 5 4
m 3 0 3
m 1 6 0
m 1 3 1
m 2 4 2
m 2 1 6
q 2
m 3 4 4
p
m 1 5 4
m 1 2 6
f 1
m 2 5 0
m 3 3 6
m 1 2 3
m 1 6 1
m 2 6 2
b 2
p
m 3 6 4
m 3 2 6
b 3
m 2 1 4
m 2 4 3
m 3 2 0
m 1 1 1
m 1 4 3
m 2 5 4
m 2 1 4
m 3 2 0
m 3 5 3
q 1
m 2 6 0
p
m 3 6 6
m 3 6 4
m 1 5 3
b 1
m 2 5 2
m 3 5 2
m 3 1 2
m 1 4 5
m 1 5 3
b 1
m 2 6 5
m 3 5 2
m 3 5 4
g 3 5 6
m 1 2 0
m 1 4 3
m 2 4 2
m 2 5 1
b 2
f 2
q 2
g 2 1 3
m 2 0 3
m 3 4 1
m 3 0 0
m 1 2 0
m 1 3 2
q 1
m 2 1 2
m 3 0 1
m 3 6 0
q 3
m 1 5 3
p
m 2 3 6
m 2 6 0
m 3 4 4
f 3
m 1 5 3
g 1 2 1
m 2 2 0
m 3 6 4
m 2 6 4
m 3 5 3
m 1 3 6
m 2 2 2
m 3 2 0
m 3 1 2
m 1 2 3
m 2 6 4
q 2
m 1 6 0
m 1 1 6
m 2 5 3
p
m 3 5 2
m 3 6 2
m 1 6 2
m 1 2 3
p
m 2 5 3
m 2 4 2
m 3 4 2
m 3 5 3
m 1 6 4
m 2 1 2
m 3 1 4
m 3 6 2
m 1 3 6
m 1 5 5
m 2 3 6
m 2 2 0
m 3 0 6
m 1 2 0
m 1 4 3
m 2 6 1
m 3 4 2
m 3 5 6
q 3
m 1 2 5
m 1 2 1
q 1
m 3 6 4
m 3 0 0
f 3
m 2 3 6
m 2 0 0
m 3 3 6
m 3 6 3
m 1 4 2
m 2 6 4
m 2 3 0
p
m 3 4 2
m 3 6 6
q 3
m 1 6 4
m 2 0 3
m 2 3 0
b 2

