B 10 5 5 6
m 1 7 0
m 2 2 2
q 2
g 2 0 7
m 3 1 6
m 4 0 0
m 4 2 2
m 5 7 0
m 1 4 2
m 1 1 4
b 1
m 2 4 5
m 2 5 3
m 3 1 7
m 3 7 0
b 3
g 3 4 1
m 4 7 2
m 4 9 4
g 4 4 1
m 5 2 8
q 5
m 1 0 2
m 2 4 3
m 3 7 2
m 4 3 8
m 5 0 8
m 1 4 4
m 1 7 2
m 2 0 5
m 3 4 2
m 3 3 4
m 4 3 7
g 5 4 3
p
m 1 2 6
m 2 0 3
m 2 5 1
q 2
m 3 3 3
f 3
m 4 1 4
m 4 2 2
m 5 0 3
g 5 2 2
m 1 5 2
b 1
m 3 1 3
m 3 7 0
m 4 5 1
m 5 1 4
m 5 6 0
m 1 2 4
f 1
m 2 1 1
m 2 1 4
m 3 3 7
p
m 4 4 8
m 4 7 2
q 4
m 5 2 3
m 5 4 2
q 5
m 1 5 3
q 1
m 2 2 6
q 2
m 3 2 1
m 3 8 0
b 3
m 4 1 6
f 4
m 5 1 7
m 1 2 1
m 1 8 4
b 2
m 3 3 6
b 3
m 5 9 1
m 5 7 1
m 1 2 3
m 2 2 1
m 3 1 8
m 3 7 1
q 3
m 4 3 9
m 4 2 4
m 5 1 6
m 5 2 4
m 1 4 6
m 2 0 1
m 2 5 1
m 3 0 4
m 4 0 1
m 4 5 0
m 5 1 4
m 5 0 0
f 5
m 1 1 8
m 1 2 0
m 3 1 4
g 3 0 5
m 4 0 4
m 5 3 9
m 5 8 3
m 1 2 3
m 2 0 3
m 3 0 9
m 3 3 0
m 4 0 2
m 4 7 3
b 4
m 5 3 4
m 5 9 0
f 5
p
m 2 2 3
m 2 6 0
m 3 0 4
m 3 7 4
f 3
m 4 3 9
m 4 2 3
m 5 2 3
m 5 5 1
m 1 3 1
b 1
m 2 2 1
m 3 0 1
m 3 3 3
m 4 3 2
m 5 3 9
m 5 8 2
m 1 1 3
m 1 1 4
m 2 3 9
m 3 4 3
m 3 4 2
m 4 1 4
m 4 5 0
b 4
m 5 1 3
m 1 1 2
m 1 8 3
q 1
m 2 0 4
m 3 0 4
m 3 0 0
m 4 7 2
p
m 5 3 3
m 1 0 1
m 2 0 1
m 3 1 2
m 3 2 0
f 3
m 4 2 6
m 5 3 6
b 5
m 1 4 6
b 1
m 2 4 7
m 3 1 6
m 3 8 4
g 3 4 9
m 4 4 6
m 4 5 2
m 5 1 6
m 5 5 2
m 1 6 4
m 2 0 4
m 3 1 3
m 4 1 4
m 5 1 4
m 5 6 4

