B 5 12 4 14
b 1
m 2 1 7
m 3 2 10
m 3 2 5
p
m 4 2 2
m 2 3 3
m 3 11 3
m 4 7 3
m 1 3 2
q 1
m 3 0 2
q 3
m 4 1 11
m 4 3 7
m 1 2 5
m 2 4 1
m 3 11 4
m 3 1 6
f 3
m 4 9 3
m 4 4 1
q 1
g 1 2 2
p
m 3 0 0
m 3 3 8
m 4 4 9
m 1 4 2
m 1 0 11
m 2 4 4
m 2 3 2
m 3 1 0
m 4 4 10
m 1 4 0
m 2 2 2
m 2 0 5
q 2
m 3 9 1
m 3 3 10
m 4 9 1
m 4 2 3
b 4
f 1
m 2 4 2
m 2 2 0
g 2 6 1
m 3 9 0
m 3 3 0
m 4 7 2
m 4 3 1
q 4
m 1 5 3
m 1 0 5
m 2 11 3
m 2 4 7
m 3 4 2
f 3
p
m 4 5 4
m 4 1 8
m 1 3 5
m 2 11 4
m 3 9 1
m 4 1 6
m 1 1 11
m 1 2 0
q 1
m 2 8 4
m 2 2 4
b 2
m 3 3 8
m 4 5 1
m 1 0 7
m 2 1 2
m 2 0 4
m 3 6 2
m 4 3 0
m 1 0 4
m 1 4 7
m 2 6 2
m 2 1 7
m 3 6 4
m 3 4 0
m 4 2 0
m 1 8 0
m 1 2 6
b 1
f 1
m 2 5 4
m 3 2 10
m 3 0 0
p
m 4 9 3
m 1 0 5
b 1
q 1
m 2 10 0
m 2 1 1
m 3 10 0
m 3 0 6
f 3
m 4 10 0
m 4 4 3
p
m 1 1 0
m 2 6 4
m 2 0 9
f 2
m 3 11 2
m 4 11 3
m 4 2 4
m 1 9 2
m 1 2 11
m 2 0 3
m 2 3 10
m 3 0 10
m 4 3 1
m 4 4 11
m 1 4 3
m 1 4 7
m 2 1 2
m 3 4 3
q 3
m 4 9 1
m 4 4 3
m 1 5 1
m 1 3 6
m 2 6 4
m 2 4 1
p
m 3 1 2
m 4 5 1
m 1 2 6
m 1 0 3
m 2 6 4
f 2
p
m 3 4 1
g 3 5 3
m 4 5 4
m 1 2 0
m 2 0 2
m 3 4 5
m 3 3 8
m 4 7 2
m 1 0 2
m 2 8 2
m 2 3 8
q 2
m 3 4 4
f 3
m 4 3 1
m 1 9 2
m 2 4 5
m 3 1 5
m 4 9 1
m 1 9 3
m 1 2 9
m 2 2 8
m 2 1 6
f 2
m 3 1 4
f 3
m 4 0 7
b 4
m 1 10 1
m 2 1 1
q 2
p
m 3 4 3
m 3 2 10
f 3
p
m 4 3 10
m 4 0 5
m 1 4 5
m 1 3 11
m 2 4 5
m 2 3 3
m 3 1 2
g 3 11 0
m 4 1 0
m 4 1 4
m 1 8 4
m 1 2 3
q 1
m 2 3 6
m 3 2 3
g 3 2 4
m 4 0 2
m 4 4 10
q 4
g 4 7 4
m 1 7 2
q 1
m 2 2 7
m 2 2 4
m 3 8 0
m 3 3 11
m 4 8 4
m 4 2 2
m 1 1 10
m 2 1 0
m 2 4 2
m 3 6 4
m 3 1 3
f 3
m 4 1 2
m 1 0 11
b 1
f 1
m 2 0 4
p
m 4 1 11
m 4 3 4

