B 8 9 3 15
m 1 4 7
m 1 6 0
f 1
m 2 1 1
m 2 1 2
m 3 2 0
m 3 7 0
q 3
m 1 6 7
m 1 2 3
b 1
p
q 2
m 3 8 5
f 3
p
m 1 7 1
m 1 1 2
b 1
m 2 0 0
m 2 6 0
f 2
g 2 7 6
m 3 4 2
b 3
m 1 0 8
q 1
m 2 0 1
m 3 3 3
m 1 3 7
m 2 6 5
m 2 7 3
m 3 8 7
m 3 6 0
m 1 6 4
m 1 2 5
q 1
m 2 4 0
m 2 0 1
m 3 7 7
m 3 0 6
m 1 6 4
q 1
m 3 6 7
b 3
m 1 6 4
m 3 3 0
m 3 4 7
m 1 4 2
f 1
m 2 3 0
q 2
m 3 3 4
b 3
m 1 2 5
m 1 4 0
m 2 1 3
m 2 3 5
m 3 7 2
m 3 0 6
m 1 5 0
m 1 6 7
m 2 8 7
m 2 1 5
m 3 8 3
m 3 6 0
m 1 7 2
m 2 4 4
m 2 6 4
m 3 4 3
m 1 4 0
m 1 4 8
m 2 6 8
m 3 8 7
m 3 5 6
m 1 1 4
m 2 2 3
m 3 0 3
m 1 4 5
m 1 3 6
m 3 7 4
m 1 6 0
f 1
q 1
m 2 0 5
m 3 4 0
m 3 4 4
m 1 7 5
m 2 8 5
m 2 4 0
m 3 8 2
m 1 4 0
m 1 0 1
m 2 7 4
m 2 2 4
m 3 6 4
m 3 6 7
q 3
m 1 7 0
g 1 5 0
m 2 3 8
m 3 0 1
f 3
m 1 7 1
m 1 4 0
m 2 8 7
g 2 8 0
m 3 3 6
m 3 6 8
b 3
q 3
m 1 3 6
m 2 2 5
p
m 3 2 3
m 3 3 6
m 1 4 4
m 2 5 5
m 2 7 5
m 3 6 1
m 3 0 6
f 3
g 3 5 6
m 1 7 0
m 1 7 8
m 2 2 2
m 2 3 5
b 2
m 3 7 5
m 1 7 5
m 2 5 0
m 2 3 3
m 3 7 3
f 3
g 3 5 4
m 1 3 5
m 1 4 7
b 1
q 1
m 2 8 1
f 2
m 3 5 6
m 1 0 1
m 1 1 2
m 2 4 5
m 2 5 1
b 2
m 3 5 7
m 3 4 6
b 3
m 1 2 0
m 1 1 1
p
m 2 4 0
b 2
m 3 1 3
q 3
m 1 2 6
m 2 2 6
m 2 5 3
m 3 2 3
q 3
m 1 8 2
m 2 8 2
m 3 2 3
m 3 5 0
m 1 2 6
m 1 7 8
f 1
m 2 7 2
m 3 0 2
m 3 1 7
m 1 6 1
m 1 1 0
m 2 2 0
m 3 8 1
m 3 1 2
q 3
m 1 6 1
f 1
g 1 5 1
m 2 4 0
m 2 4 8
m 3 6 6
q 3
p
m 1 2 3
m 2 1 4
m 3 4 0
b 3
m 1 6 7
m 1 3 8
m 2 8 1
m 3 8 2
m 3 4 5
m 1 7 0
m 1 2 1
m 2 8 2
m 2 2 8
m 3 2 6
m 1 7 2
m 1 2 8
p
m 2 2 5
m 3 7 0
m 1 0 7
m 1 1 0
m 2 1 4
b 2
q 2
m 3 1 3
m 1 1 3
m 1 0 7
m 2 4 5
m 1 2 5
m 1 5 0
g 1 7 5
m 2 1 3
m 3 7 5
m 3 0 7
p
m 2 8 5
m 3 4 2
m 1 5 6
b 1
m 2 2 6
m 3 5 3
f 3
m 1 1 4
m 2 6 2
q 2
g 2 1 2
m 3 7 0
m 1 3 6
g 1 1 1
m 2 1 4
m 2 4 3
q 3
m 1 6 8
m 2 7 2
b 2
m 3 2 5
m 3 2 8
b 3
m 1 2 5
m 1 5 8
g 1 1 1
m 2 4 5
m 3 8 1
m 3 1 1
m 1 6 7
m 2 2 3
m 3 5 0
p
m 1 3 7
m 1 5 5
m 2 0 1
m 3 3 6
m 3 7 6
b 3
m 1 1 0
m 1 4 1
m 2 2 5
m 3 4 7

