B 4 6 6 2
m 1 4 1
m 1 3 2
m 2 0 3
m 3 1 2
m 3 3 4
m 5 0 0
m 6 3 1
m 6 2 2
m 2 3 5
m 2 1 1
m 3 5 2
m 4 5 2
m 4 3 5
m 5 1 3
m 6 0 1
m 1 1 0
m 1 0 2
q 1
m 2 0 3
f 2
m 4 2 1
m 5 5 2
m 5 3 1
m 6 0 5
b 6
f 6
m 1 4 2
m 2 3 3
b 2
f 2
m 3 0 0
m 4 0 3
m 4 3 0
p
m 5 0 3
m 6 4 0
m 1 3 2
m 1 2 1
f 1
g 1 0 3
m 2 1 1
q 2
m 3 0 5
m 3 2 1
m 4 0 2
m 4 0 3
f 4
m 5 1 1
f 5
m 6 0 0
m 6 3 3
m 1 5 1
m 2 1 5
m 3 3 3
m 3 2 2
m 4 0 2
m 4 2 3
m 5 5 1
m 6 3 2
m 6 0 2
m 1 3 2
m 2 0 0
q 2
m 3 4 0
m 3 3 2
m 4 0 0
m 4 2 5
g 4 1 3
m 5 5 2
g 5 1 3
m 6 5 0
m 1 3 2
m 2 0 5
m 3 1 2
m 3 0 1
m 4 0 2
m 4 2 2
q 4
m 5 1 0
m 5 0 1
f 5
m 6 0 3

