B 10 6 5 9
m 1 3 4
f 1
m 2 3 4
f 2
q 2
m 3 3 8
m 3 1 5
b 3
m 4 7 4
m 4 8 3
f 4
m 5 5 0
m 5 3 4
m 1 3 9
f 1
m 2 4 2
m 2 2 1
m 3 2 5
f 3
m 4 3 7
m 5 8 3
m 1 2 8
f 1
m 2 5 9
m 2 1 4
q 2
m 3 2 2
m 3 2 3
p
m 4 1 4
m 5 0 4
m 5 4 2
q 5
m 1 0 9
b 1
m 2 1 4
m 3 5 2
m 3 1 3
m 4 0 4
q 4
g 4 0 5
m 5 7 0
m 5 5 3
m 1 5 4
m 1 2 5
m 2 2 6
m 2 3 1
m 3 2 9
m 5 0 4
m 5 2 5
m 1 9 1
m 2 2 0
m 2 8 2
m 3 8 3
m 4 0 0
m 5 6 3
m 1 9 0
m 2 4 9
m 3 0 1
m 3 9 3
m 4 4 4
f 4
m 5 0 8
m 1 2 9
m 2 1 1
m 3 0 4
q 3
m 4 2 0
m 4 7 5
m 5 6 3
b 5
q 5
m 1 2 9
m 1 2 2
m 2 2 2
m 3 0 3
m 4 2 6
m 5 5 4
m 5 3 3
m 1 2 9
g 1 2 8
m 2 1 5
m 2 6 4
m 3 1 5
m 3 0 1
m 4 2 0
m 4 0 2
q 4
m 5 0 3
m 1 7 0
f 1
m 2 8 5
f 2
m 3 4 8
p
m 4 2 6
m 4 4 4
m 5 1 5
q 1
m 2 5 0
m 2 1 1
b 2
m 4 4 8
f 4
m 5 5 0
m 5 4 4
b 5
f 5
m 1 4 5
m 1 0 2
m 2 2 6
m 3 0 8
m 3 5 3
m 4 5 6
m 5 1 8
m 5 8 5
m 1 4 9
m 1 7 0
q 1
m 2 0 2
m 3 5 3
m 4 4 4
m 4 0 3
m 5 0 1
b 5
m 1 6 5
m 1 1 2
m 2 1 6
b 2
m 3 7 1
m 4 8 4
m 4 1 0
m 5 7 0
m 5 8 3
m 1 5 9
m 2 5 2
p
m 3 9 5
m 4 5 5
m 4 8 4
m 5 1 4
m 1 8 1
m 1 7 2
f 1
m 2 9 3
m 3 7 1
m 4 5 3
m 4 6 5
m 5 3 4
m 5 5 5
m 1 3 7
f 1
m 2 5 0
m 2 1 3
b 2
m 3 7 4
m 4 0 4
m 4 6 0
m 5 5 3
m 5 3 3
b 5
m 1 5 1
m 1 0 4
m 2 4 2
m 3 5 3
m 3 8 1
g 3 0 6
m 4 7 4
m 5 7 5
m 1 0 4
m 1 3 5
m 2 3 5
m 3 5 0
m 4 3 4
m 5 3 7
m 5 9 2
m 2 4 2
m 3 0 4
m 3 7 5
q 3
m 4 0 0
m 4 5 4
b 4
m 5 4 2
m 5 5 4
q 5
g 5 2 1
m 1 4 9
m 2 3 1
b 2
m 3 0 8
m 4 0 8
b 4
f 4
m 5 3 7
b 5
m 2 3 7
m 3 0 8
m 3 6 1
m 4 0 3
m 4 4 1
m 1 3 7
m 1 3 1
b 1
m 3 3 7
m 4 8 4
m 4 8 1
f 4
m 5 2 6
m 5 1 2

