B 10 4 4 3
m 1 3 3
m 1 4 2
m 2 0 6
m 3 2 6
b 3
q 3
m 4 0 9
q 4
m 1 0 1
p
m 2 4 3
m 3 0 6
m 3 5 0
m 4 2 3
m 4 7 0
f 4
m 1 2 3
m 1 2 3
b 1
m 2 1 4
m 2 7 3
m 3 9 1
m 3 5 1
m 4 0 2
m 4 5 3
m 1 0 4
m 1 6 2
b 1
m 2 9 1
q 2
m 3 7 3
f 3
m 2 5 2
m 3 0 2
m 3 7 1
m 4 6 1
b 4
m 2 0 9
q 2
m 3 0 0
m 4 4 1
m 4 8 0
f 1
m 2 9 1
b 2
m 3 2 6
q 3
m 4 0 4
m 4 6 3
m 1 1 3
q 1
m 2 1 8
m 2 4 3
m 3 2 7
m 3 5 3
m 4 0 4
m 4 8 0
m 1 0 3
m 1 2 2
m 2 0 2
m 2 1 0
b 2
f 2
m 3 8 3
b 3
m 4 0 9
m 4 8 2
m 1 2 3
m 2 8 2
m 2 4 0
m 3 5 1
m 3 2 0
m 4 0 1
m 1 0 9
m 1 0 0
m 2 8 2
m 2 0 0
m 3 5 3
q 3
m 4 2 3
g 4 3 7
m 1 1 1
b 1
m 2 4 3
g 2 0 8
m 3 2 6
m 4 1 2
m 4 0 3
q 1
m 2 1 2
m 2 0 2
q 2
m 3 8 2
m 3 2 3
g 3 1 0
m 4 0 1
m 3 2 0
m 3 2 2
m 4 2 9
m 1 2 2
m 2 1 6
m 3 8 0
m 3 3 1
m 4 4 3
b 4
m 2 7 3
q 3
m 4 2 2
m 1 3 8
m 1 5 3
m 2 2 9
m 4 8 0
m 1 0 6
m 3 0 3
b 3
m 1 0 3
m 2 0 1
m 3 1 6
f 3
m 4 7 3
m 4 1 1
b 4
m 1 0 4
m 1 7 3
m 2 1 2
q 2
m 3 0 2
f 3
g 3 3 2

