B 10 10 4 14
m 1 9 9
m 2 0 7
p
m 3 9 1
m 3 2 8
b 3
q 3
f 1
m 2 6 8
m 3 8 9
m 4 4 5
m 4 0 8
f 4
f 1
g 2 8 2
m 3 8 4
m 3 7 3
q 3
p
m 4 2 5
m 4 7 2
b 4
f 4
m 1 9 2
m 1 5 8
q 1
m 2 9 4
f 2
p
m 3 9 6
m 4 1 5
m 4 6 8
m 1 5 7
q 1
m 2 1 5
m 3 3 8
m 3 3 5
m 4 2 6
m 1 1 3
m 2 8 8
m 3 0 7
m 3 2 4
m 4 8 9
m 1 3 3
m 2 1 7
m 3 1 1
m 4 3 9
m 1 6 3
m 1 7 3
m 2 6 6
m 2 1 0
f 2
m 3 6 9
f 3
m 4 5 3
m 4 2 8
b 4
f 4
m 1 2 3
q 1
m 2 7 8
m 4 4 1
m 4 3 0
m 1 4 6
m 3 1 6
m 4 5 6
f 4
m 1 5 2
m 2 6 3
m 2 8 4
m 3 2 3
m 3 5 9
m 4 9 9
m 4 8 1
m 1 1 7
m 2 4 6
m 3 8 9
p
m 4 1 3
f 4
m 1 0 2
m 2 9 4
m 2 5 3
m 3 2 6
m 4 0 9
m 4 6 0
m 1 6 3
m 1 0 6
b 1
m 2 6 7
f 2
m 3 9 0
m 4 0 2
m 4 1 5
m 1 4 7
q 1
m 2 8 9
m 3 7 1
b 3
m 4 3 4
m 4 9 2
m 2 2 8
m 3 7 3
m 4 3 0
m 4 8 8
m 1 4 6
m 1 5 2
p
g 2 1 4
m 3 4 5
m 4 9 9
m 1 4 7
q 1
m 2 3 0
m 3 8 1
m 3 5 6
m 4 0 0
m 1 1 0
m 1 2 1
b 2
m 3 0 3
m 4 6 8
m 1 3 1
m 1 9 3
f 1
m 2 9 2
m 2 9 0
b 2
m 3 5 5
m 3 3 1
m 4 8 4
f 4
m 1 8 0
f 1
m 2 6 6
m 3 2 3
m 3 0 2
b 3
m 4 1 6
m 4 8 2
m 1 2 6
m 1 2 1
b 1
m 2 2 5
m 3 1 0
m 3 6 7
b 3
f 3
m 4 3 5
f 4
m 1 2 4
m 1 5 7
b 1
m 3 0 4
m 4 7 8
m 1 0 0
m 1 6 4
m 2 0 6
m 2 1 8
m 3 9 4
m 3 3 4
f 4
m 1 5 0
m 2 5 6
m 2 4 1
m 3 3 4
m 1 2 1
m 1 8 7
b 1
f 1
m 2 9 7
f 2
m 3 5 1
f 3
m 4 4 5
m 1 0 7
m 2 2 5
f 2
m 3 5 0
m 4 9 1
m 4 6 4
q 4
m 1 9 2
m 1 1 4
p
m 3 8 4
m 4 2 1
m 1 9 1
f 1
m 2 7 7
q 2
m 3 4 3
m 4 9 1
m 1 0 4
m 1 8 2
m 2 5 1
q 2
m 3 0 2
m 4 5 3
q 4
m 1 1 0
m 1 3 2
m 2 6 8
m 2 6 9
m 3 5 7
m 3 7 9
m 4 2 2
b 4
f 4
q 4
m 1 6 6
m 1 3 5
b 1
m 2 4 8
f 2
m 3 5 9
p
m 4 1 6
m 4 9 7
m 1 1 2
m 1 8 5
f 1
m 2 6 3
m 3 4 0
m 3 8 1
q 3
m 4 9 3
m 1 4 4
f 1
m 2 9 2
p
m 4 9 2
m 1 8 9
m 2 8 5
m 2 6 7
b 2
m 3 0 2
m 1 6 3
m 1 1 1
m 2 3 4
m 2 8 4
m 3 7 1
m 3 3 7
b 3
f 3
m 4 5 7
m 1 4 7
m 1 8 8
b 1
m 2 1 6
m 3 5 6
g 3 2 0
m 4 9 5
q 4
m 1 0 7
m 1 6 5
b 1
m 2 4 1
m 3 1 6
b 3
m 4 9 5
m 4 7 8
f 4
m 1 9 1
m 1 3 1
p
m 2 2 6
m 3 5 0
g 3 7 1
m 4 0 7
m 2 6 8
m 3 2 3
m 4 8 0
m 4 8 5
m 1 3 8
b 1
m 2 5 0
m 3 0 7
m 4 9 1
b 4
m 1 8 2
m 1 7 0
m 2 1 6
m 2 1 7
m 3 1 1
m 3 4 5
m 1 7 4
m 2 8 9
m 2 7 5
q 2
m 3 3 4
m 4 2 6
m 4 6 4
m 1 3 2
m 2 2 2
m 3 7 2
m 4 8 2
m 4 8 7
m 1 0 2
m 1 9 9
m 2 8 8
m 3 6 8
m 3 4 1
m 4 6 9
b 4
m 1 3 8
m 1 9 3
b 1
m 2 0 2
m 3 1 0
m 3 1 5
m 4 6 3
m 4 1 5
m 1 1 0
m 1 0 7
m 2 2 0
f 2
m 3 6 3
m 4 6 7
m 4 1 8
m 1 8 3
m 1 6 5
m 2 1 0
m 2 0 1
p
m 3 8 9
m 3 1 2
m 4 2 6
m 1 5 0
b 1
m 2 6 3
m 3 9 4
m 4 7 2
m 1 6 3
m 1 0 9
f 1
m 2 3 8
b 2
m 3 8 9
m 4 4 5
m 4 8 9

