B 7 8 3 26
m 2 6 5
m 3 3 4
m 1 3 4
m 2 2 0
m 2 3 1
m 3 5 1
m 3 5 3
f 3
m 1 7 6
m 1 6 3
m 2 7 0
g 2 3 6
m 3 5 2
m 2 3 3
m 2 5 0
m 3 5 7
m 1 3 0
m 2 2 0
m 3 2 1
m 3 4 3
p
m 1 3 4
m 1 2 0
f 1
g 1 5 6
m 2 5 1
m 3 1 1
m 3 0 5
m 1 7 2
m 1 5 2
m 2 3 4
m 3 0 7
q 3
p
m 1 2 6
m 1 1 5
m 2 1 7
m 2 6 2
m 3 7 2
m 3 1 3
m 1 5 3
m 2 4 4
m 2 0 4
f 2
m 3 1 0
f 3
m 1 6 7
m 1 1 2
f 1
m 2 7 3
f 2
m 3 6 5
m 3 3 4
m 1 6 6
m 3 3 2
m 3 3 6
m 1 0 1
m 2 3 5
m 2 3 4
m 3 6 4
m 3 4 5
m 1 2 0
m 2 7 3
m 2 4 1
q 2
m 3 6 5
m 3 2 2
b 3
m 1 0 0
m 1 1 2
m 2 2 1
m 2 3 0
m 3 5 6
m 3 0 4
m 1 0 6
m 1 3 7
m 2 4 1
m 2 1 3
m 3 2 7
f 3
m 1 1 6
m 2 7 4
b 2
m 3 4 5
m 3 0 5
m 1 6 2
b 1
m 2 3 1
m 2 5 4
b 2
m 3 4 1
m 1 0 6
m 1 0 7
q 1
m 2 1 7
m 3 2 0
m 3 2 7
m 1 3 2
m 1 6 3
m 2 2 3
q 2
m 1 1 3
m 2 4 1
m 3 5 5
m 3 2 6
g 3 7 1
m 1 3 6
m 1 2 0
b 1
m 2 5 2
m 3 7 4
m 3 6 1
m 1 5 2
m 2 6 4
m 3 4 2
f 3
m 1 0 4
m 1 1 4
m 2 5 2
m 2 6 2
m 3 0 4
m 1 0 4
m 2 0 4
q 2
m 3 2 1
m 3 3 2
f 3
m 1 5 2
m 2 0 6
m 2 5 7
m 3 3 0
m 3 2 6
b 3
p
m 2 3 0
m 2 5 6
m 3 1 4
m 1 6 4
m 1 0 3
p
m 2 2 0
m 1 6 4
g 1 4 4
m 2 0 7
m 3 5 2
m 3 2 2
m 1 3 4
m 1 4 2
f 1
q 1
m 2 2 0
m 3 5 2
q 3
m 1 4 2
m 2 5 0
m 2 4 6
f 2
m 3 5 0
m 1 0 6
m 1 3 6
m 2 3 3
p
m 3 0 1
m 3 1 7
m 1 7 4
m 1 1 0
m 2 4 2
q 2
m 3 1 6
m 3 6 4
m 1 4 2
m 2 0 4
m 2 3 7
m 3 2 3
m 1 0 4
m 1 2 3
m 2 7 4
m 2 2 0
f 2
m 3 2 0
m 3 2 7
m 1 6 3
f 1
m 2 4 2
m 2 0 7
m 3 4 2
m 3 1 1
b 1
m 2 7 4
m 2 5 7
m 3 1 0
m 3 2 2
b 3
q 3
m 1 0 4
m 2 4 6
p
m 3 2 0
m 3 5 5
m 1 5 2
f 1

