B 7 5 6 6
m 2 2 5
m 3 5 4
b 3
f 3
m 4 3 0
m 4 6 1
m 5 4 1
m 5 4 4
m 6 2 2
m 6 1 2
m 1 3 3
m 3 3 1
m 3 0 2
b 3
m 4 3 2
q 4
m 5 4 0
m 6 2 6
m 6 2 3
f 6
q 6
p
m 1 0 0
m 2 4 1
m 3 4 0
m 3 1 3
f 3
g 3 0 3
m 5 5 1
b 5
p
m 6 4 0
p
m 1 2 3
m 1 0 1
m 2 4 0
m 2 5 0
m 3 3 3
m 3 4 3
m 4 5 4
m 5 3 6
m 5 3 1
m 6 4 3
m 6 1 2
f 6
m 1 0 1
m 1 6 4
g 1 1 5
m 2 1 1
m 2 6 0
m 3 1 2
m 3 6 3
f 3
m 4 4 0
m 4 1 3
b 4
m 5 2 4
q 5
m 6 0 2
m 6 5 2
q 6
m 1 5 4
m 3 2 4
m 3 6 1
f 3
m 4 3 3
f 4
m 5 5 1
m 6 3 5
m 1 2 4
m 1 4 4
b 1
m 2 4 0
m 2 2 1
m 3 0 2
m 4 3 0
m 4 5 3
m 5 2 0
b 5
m 6 4 3
m 6 3 0
m 1 4 3
m 1 2 0
m 2 2 1
m 3 0 1
m 4 1 0
m 4 6 3
m 6 5 3
m 6 3 0
m 1 3 0
m 2 4 1
m 2 1 4
m 3 4 3
m 3 0 1
m 4 4 0
m 5 4 3
m 6 4 3
m 6 6 0
m 1 4 3
m 1 5 4
q 1
m 2 2 6
q 2
m 3 3 0
m 3 4 1
f 3
p
m 4 3 0
q 4
g 4 4 6
m 5 4 3
m 5 5 2
m 6 3 1
m 6 0 4
m 1 3 0
m 1 5 3
m 2 1 4
m 2 6 0
b 2
m 3 6 1
m 3 1 2
b 3
m 4 2 4
m 4 6 1
m 5 4 3
m 6 2 6
f 6
m 1 3 0
m 1 5 4
m 2 0 3
m 2 6 0
f 2
m 3 6 0
g 3 0 1
m 4 2 6

