B 6 10 2 21
m 1 3 4
m 1 3 6
m 2 3 1
m 2 3 9
m 1 0 5
m 1 2 3
m 2 2 5
m 2 2 6
m 1 6 0
m 2 5 3
m 1 0 2
q 1
m 2 5 3
m 1 3 0
m 2 2 2
m 1 5 5
m 1 4 9
b 1
m 2 1 2
m 2 1 1
q 1
m 2 5 4
m 2 4 4
f 2
m 1 7 0
m 2 8 4
m 2 2 7
m 2 5 3
m 2 2 0
f 2
m 1 1 4
b 1
m 2 1 2
m 2 2 1
m 1 3 3
b 1
m 2 5 1
m 1 4 6
g 1 5 2
m 2 3 6
f 2
m 1 1 6
b 2
m 1 9 2
m 2 2 3
q 1
m 1 9 1
m 1 2 1
b 1
m 2 4 0
f 2
m 1 3 3
b 1
m 2 5 5
m 2 3 4
m 1 8 0
m 1 3 7
q 1
m 2 3 1
m 1 8 4
m 1 5 9
q 1
m 1 0 1
m 1 4 0
f 1
m 2 3 5
q 2
m 1 3 0
m 2 9 2
m 2 2 6
m 1 5 1
m 1 4 5
m 2 5 1
b 2
m 1 0 5
m 1 4 8
m 2 0 9
m 1 2 4
m 2 0 9
b 2
m 1 4 0
m 2 7 1
m 1 2 3
m 1 4 0
m 2 8 0
m 1 7 4
m 2 0 1
b 2
m 1 5 3
m 1 3 8
f 1
m 2 7 4
m 1 2 4
m 2 8 1
m 1 4 2
b 1
m 2 6 0
m 2 5 9
f 2
m 1 8 5
m 1 4 7
b 1
m 2 2 3
p
m 2 0 0
m 2 0 8
m 1 6 5
m 1 3 4
m 2 6 0
p
m 1 3 1
m 2 7 1
m 1 2 0
m 2 5 6
m 2 3 0
m 1 0 9
b 1
m 2 0 1
m 2 0 3
m 2 7 1
m 2 4 8
m 1 2 5
m 2 9 2
m 1 3 5
m 2 0 5
m 2 1 9
m 1 7 5
m 1 0 4
m 2 1 4
m 2 1 5
g 2 5 0
m 1 7 0
m 2 1 7
m 2 3 4
b 2
m 1 0 5
m 1 0 7
p
m 2 2 5
m 1 0 8
m 2 6 0
m 2 2 3
f 2
m 1 0 5
m 1 0 1
m 1 2 4
b 1
m 2 1 4
f 2
p
m 1 6 0
m 1 2 0
b 1
m 2 5 5
m 2 3 6
m 1 8 1
m 1 5 4
m 2 0 5
m 2 0 2
b 1
m 2 8 1
m 2 5 5
m 2 4 5
q 2
m 1 7 5
m 1 2 1
q 1
m 2 8 5
m 1 3 3
m 1 2 1
q 1
m 2 7 5
g 2 5 0
m 1 3 4
m 1 2 2
m 2 7 5
m 2 4 7
m 1 3 4
p
m 2 4 1
m 2 0 3
m 1 4 9
m 1 4 1
q 1
m 2 4 8
m 1 3 1
m 1 0 5
m 2 8 2
m 1 7 5
m 2 7 5
m 2 2 1
f 2
m 1 6 0
m 1 4 5
m 2 3 6
m 1 3 7
m 2 9 2
m 2 3 2
f 2

