B 14 11 8 15
m 1 2 7
m 1 7 3
m 2 3 9
m 2 2 2
m 3 10 3
q 3
m 4 10 8
m 5 10 8
m 6 7 12
m 7 13 4
m 7 8 8
m 8 5 0
m 8 4 9
m 1 8 10
m 1 10 10
m 2 5 1
m 3 3 5
m 3 10 10
m 4 1 12
m 4 4 4
m 5 3 6
m 5 5 8
m 6 2 10
m 7 7 0
m 8 1 11
b 1
m 2 7 13
m 2 7 5
m 3 2 11
m 3 3 9
m 4 5 5
m 5 8 9
m 5 13 10
f 5
m 6 1 3
m 7 2 3
m 7 13 1
f 7
m 8 1 3
m 8 2 8
q 8
m 1 7 12
g 1 10 2
m 2 2 10
m 2 9 9
q 2
m 3 5 1
m 4 8 3
m 5 1 3
m 5 7 0
f 5
m 6 9 10
m 6 0 8
m 7 1 3
m 8 2 11
m 1 9 10
m 1 4 1
m 2 6 7
m 3 0 6
p
m 4 1 3
m 5 0 6
m 5 2 5
m 6 7 5
m 6 5 6
m 7 13 3
m 7 5 10
m 8 10 6
m 1 0 10
m 2 10 5
m 3 1 1
m 4 11 2
m 4 7 4
m 5 4 3
p
m 6 0 6
m 8 8 3
b 8
m 1 4 10
m 1 5 8
m 2 4 8
m 2 4 2
m 3 6 4
m 3 13 2
q 3
g 3 6 5
m 4 8 9
m 4 2 8
m 5 7 7
f 5
m 6 10 7
m 6 12 10
m 7 4 8
f 7
m 8 6 11
m 1 7 5
m 1 5 6
m 2 5 0
m 3 9 11
m 4 9 9
m 5 7 3
m 6 6 6
f 6
m 7 6 2
m 7 12 8
m 8 3 3
m 8 9 5
m 1 4 12
b 1
m 2 7 0
b 2
m 3 0 4
m 4 4 5
m 4 1 9
m 5 6 9
m 6 5 13
m 6 9 7
m 7 4 5
m 8 5 1
m 1 0 0
m 1 9 4
m 2 2 1
q 2
p
m 4 3 0
m 5 9 10
m 6 11 5
m 7 13 9
m 8 4 1
m 8 9 1
m 1 9 5
m 1 9 9
p
m 2 3 10
m 3 8 4
q 3
m 4 7 3
m 5 4 2
m 6 3 5
m 7 6 11
m 7 11 3
m 8 7 0
m 1 1 10
m 2 1 3
m 2 12 6
f 2
q 2
m 4 8 3
m 5 11 4
m 6 5 7
m 6 2 3
m 7 4 3
b 7
f 7
m 8 0 10
b 8
m 1 5 13
m 1 13 2
m 2 2 3
m 2 12 0
m 3 2 10
m 3 11 9
m 4 4 6
m 4 8 3
m 5 8 10
m 6 7 13
m 6 10 0
m 7 4 2
m 8 7 0
p
m 2 2 5
q 2
m 3 5 13
m 3 7 0
g 3 10 0
m 4 11 7
m 4 1 6
m 5 3 9
m 5 13 5
m 6 2 12
m 6 6 2
m 7 1 0
m 7 9 7
m 8 3 0
p
m 1 0 2
m 1 4 3
g 1 4 11
m 2 7 12
q 2
p
m 3 7 8
p
p
m 5 9 0
m 6 10 6
m 6 11 8
f 6
m 7 0 4
m 7 4 3
m 8 2 1
m 1 4 2
m 2 9 2
m 3 8 1
m 4 3 5
m 4 2 9
m 5 1 10
g 5 8 12
m 6 1 3
m 6 13 1
m 7 3 8
m 8 9 7
m 1 1 0
m 1 1 9
m 2 13 10
m 2 0 8
b 2
m 3 4 5
m 4 7 13
m 5 6 13
p
m 6 10 7
b 6
m 7 0 6
m 7 8 4
m 8 8 13
m 8 12 8
m 1 6 4
b 1
q 1
m 2 6 8
m 2 11 0
m 3 7 12
m 4 12 10
m 4 4 3
m 5 8 1
q 5
m 6 7 8
m 6 2 5
m 7 10 11
m 8 10 8
m 1 2 5
m 1 13 4
m 2 8 1
m 3 5 4
m 3 2 3
m 4 7 0
b 4
q 4
m 5 7 0
g 5 10 10
m 6 8 1
m 6 1 1
m 8 9 5
f 8
m 1 1 12
m 1 2 8
m 2 1 3
m 2 1 7
g 2 1 2
m 3 7 8
m 3 3 10
b 3
f 3
q 3
m 4 9 0
q 4
m 5 9 12
b 5
f 5
p
m 6 13 2
m 6 8 7
m 7 9 10
m 8 0 13
q 8
m 1 6 8
m 1 7 9
m 2 12 4
m 3 2 3
m 3 12 6
m 4 11 2
m 5 1 7
m 6 7 13
m 6 8 3
f 6
m 7 0 1
m 8 2 10
m 8 6 6
m 1 3 6
m 1 13 7
m 2 8 13
m 2 13 9
f 3
m 4 3 5
m 5 5 10
m 5 10 5
m 6 9 0
f 6
m 8 5 3
m 8 9 8
m 1 8 13
m 1 11 1
q 1
m 2 6 4
m 2 7 3
p
m 3 0 4
g 3 0 7
m 4 9 10
b 4
m 5 0 4
p
m 6 4 2
m 6 2 8
m 7 1 8
g 7 3 5
m 8 1 3
m 2 3 6
m 2 11 5
m 3 5 8
m 3 9 10
m 4 4 10
m 4 5 6
m 5 9 9
m 6 2 2
m 6 10 9
m 7 1 9
m 8 1 7
g 8 7 13
p
m 1 5 0
m 1 12 1
m 2 10 7
p
m 3 3 9
m 3 6 7
q 3
m 4 4 6
q 4
g 4 1 11
p
m 5 8 0
m 5 12 1
f 5
p
m 6 2 3
m 6 8 5
m 7 8 13
m 8 5 6
m 8 2 6
m 1 6 11
m 2 1 8
m 3 6 7
m 4 4 2
m 4 10 7
m 5 4 2
q 5
m 6 8 7
m 7 3 0
m 7 4 6
m 1 2 3
b 1
m 2 4 1
m 2 2 1
f 2
q 2
m 3 5 12
q 3
p
m 4 7 3
m 4 5 1
m 5 1 6
m 5 10 2
m 6 6 7
m 6 10 6
m 7 6 13
p
m 8 7 12
m 1 9 12
m 2 9 0
m 3 6 10
m 3 12 0
m 4 7 12
m 4 13 0
f 4
m 5 5 7
m 5 3 7
m 6 2 1
g 6 3 2
m 7 1 3
m 7 11 5
m 8 10 11
b 8
g 8 3 9
m 1 0 10
m 2 3 8
m 2 3 2
m 3 6 4
m 4 10 11
m 5 3 12
m 5 2 6
m 6 11 2
m 7 6 2
b 7
m 8 6 3
m 1 6 11
m 2 2 8
m 2 11 10
b 2
m 3 2 1
m 3 7 2
b 3
m 4 7 4
f 4
m 5 6 13
b 5
m 6 3 0
m 6 0 1
b 7
q 7
m 8 1 7
m 1 3 9
m 1 8 7
m 2 0 9
m 2 11 2
f 2
m 3 10 7
m 3 13 7
b 3
m 4 5 12
m 5 2 4
m 5 10 7
f 5
m 6 1 7
m 7 5 12
m 7 5 4
m 8 4 8
m 8 11 9
m 1 7 0
m 2 6 7
m 2 10 0
q 2
m 3 1 1
m 3 9 2
q 3
m 4 7 0
g 4 3 10
m 5 7 10
m 5 8 1
m 6 1 3
f 6
m 7 1 5
m 7 3 7
m 8 2 8
m 8 10 5
m 1 0 4
b 1
m 2 0 2
f 2
m 3 1 2
m 3 10 6
m 4 7 4
m 4 6 5
m 5 4 8
m 5 12 2
b 6
m 7 2 5
m 7 2 8
m 8 13 7
m 8 10 5
f 1
m 2 3 0
b 2
m 3 7 1
p
m 5 6 8
m 5 0 4
m 6 5 0
m 7 6 11
m 7 3 8
q 7
m 8 11 0
m 1 2 8
m 2 5 6
m 2 5 3
m 3 11 7
m 3 7 3
m 4 1 10
m 4 8 6
m 5 4 8
f 5
m 7 9 3
p
m 8 3 0
m 8 11 5
q 8
m 2 5 0
b 2
m 3 7 4
b 3
p
m 4 5 1
m 4 8 8
m 5 11 0
m 5 10 10
m 6 8 2
m 7 6 11
m 7 10 8
m 1 3 0
m 1 10 2
m 2 9 12
m 2 1 1
f 2
m 3 13 5
m 3 13 7
m 4 3 7
m 4 7 6
m 5 6 9
m 6 7 0
m 6 8 3
m 7 6 9
m 7 11 3
m 8 7 4
f 8
m 1 7 0
m 2 5 0
b 2
m 3 11 2
q 3
m 4 3 10
b 4
m 5 7 9
m 6 2 5
m 6 13 2
m 7 6 6
m 8 7 0
b 8
m 1 5 10
m 1 7 4
m 2 0 6
m 3 0 2
m 4 1 4

