B 4 10 6 7
m 1 6 1
m 1 0 3
m 2 1 0
m 2 0 7
m 3 3 6
m 3 3 5
f 3
m 4 6 0
m 4 0 1
p
m 5 2 2
m 6 2 5
m 1 1 3
m 1 2 6
m 2 3 3
b 2
m 3 1 3
b 3
g 3 3 1
m 4 8 2
m 5 4 2
m 6 9 3
m 1 0 1
m 3 7 3
b 3
m 4 4 2
m 4 2 1
m 1 6 1
q 1
m 2 4 1
m 2 0 8
f 2
m 3 9 2
m 3 0 9
m 4 8 3
m 4 2 8
m 5 1 3
q 5
m 6 0 9
m 6 1 6
q 6
m 1 6 0
m 1 0 2
f 1
m 2 0 2
q 2
m 3 2 3
m 4 0 0
m 4 0 3
b 4
f 4
m 5 1 1
m 5 3 0
m 6 0 7
m 1 4 2
m 1 2 6
m 2 0 4
m 2 1 3
q 2
m 3 5 0
f 3
m 4 7 2
m 4 2 7
b 4
f 4
m 5 0 5
m 6 1 6
m 6 2 3
m 1 4 2
m 2 9 1
m 2 1 9
b 3
m 4 1 4
m 5 8 3
m 5 0 1
m 1 4 3
b 1
m 2 0 2
m 2 2 6
m 3 4 2
m 4 1 3
m 4 0 3
m 5 1 8
m 6 2 1
m 6 0 5
f 6
m 1 6 0
m 3 8 3
m 4 1 0
m 5 3 8
m 5 1 0
m 6 0 7
m 6 2 7
m 1 1 3
m 1 0 1
m 2 0 2
m 2 1 9
m 4 7 3
b 4
m 5 4 2
m 5 1 3
m 6 0 2
m 1 9 3
m 1 0 5
m 2 1 3
m 2 1 7
m 3 2 3
q 3
m 4 3 1
m 4 0 0
m 5 2 1
m 5 0 3
g 5 4 1
m 6 5 1
m 6 1 6
m 1 0 3
m 2 4 2
p
m 3 3 4
b 3
p
m 4 0 6
m 4 1 6
m 5 4 2
m 6 0 2
m 6 3 4
m 1 4 2
m 2 5 1
m 5 4 2
m 5 1 8
g 5 6 1
m 6 0 2
m 6 1 5
m 1 7 3
m 1 3 5
b 1
m 2 0 2

