B 4 9 4 9
m 1 1 5
m 1 3 3
m 2 8 3
m 2 2 5
g 2 3 3
m 3 3 8
m 3 2 1
f 3
p
m 4 2 8
m 1 1 1
m 1 0 0
m 2 1 6
b 2
m 3 4 0
m 3 0 1
g 3 8 2
m 4 0 1
m 1 3 0
g 1 8 3
m 2 7 3
m 3 0 1
m 3 1 8
m 4 1 3
m 4 0 3
m 1 0 1
m 1 2 8
q 1
g 1 3 0
m 2 3 3
b 2
m 3 1 6
f 3
m 4 7 1
m 4 0 6
g 4 6 1
m 1 1 3
m 1 2 1
m 2 2 2
m 2 2 1
m 3 4 1
m 3 3 2
f 3
m 4 0 1
m 4 2 1
m 1 0 1
m 1 3 0
m 2 3 4
m 3 2 8
m 3 1 5
q 3
m 4 8 0
m 4 1 7
m 1 5 0
f 1
m 2 3 2
m 2 1 7
f 2
m 3 1 3
m 3 3 3
m 4 3 6
m 4 2 4
p
m 1 5 3
m 1 3 1
b 1
p
m 2 7 0
m 2 3 0
m 3 2 0
b 3
f 3
q 3
m 1 2 3
m 2 4 0
m 3 1 7
m 4 5 0
q 4
m 2 6 2
m 3 1 3
m 3 3 8
b 3
m 4 2 0
m 4 2 5
m 1 7 3
m 1 0 6
p
m 2 4 1
m 3 3 4
m 4 6 2
b 4
m 1 5 3
b 1
m 2 8 0
m 2 0 7
m 3 4 1
m 3 3 8
m 4 5 0
m 4 0 8
q 4
m 1 4 0
m 1 2 1
m 2 0 7
m 3 0 1
m 3 1 4
f 3
m 4 6 2
m 4 0 4
m 1 6 2
m 1 0 6
m 2 6 2
b 2
f 2
m 3 2 0
b 3
m 4 5 3
m 4 0 8
f 4
m 1 5 3
m 1 3 0
m 2 6 2
m 2 3 1
q 2
m 3 2 0
m 4 1 3
m 1 2 3
m 2 7 2
m 2 1 6
q 2
m 3 2 0
m 4 6 2
m 4 2 3
m 1 0 7
m 1 1 4
m 3 3 1
m 4 1 7
q 1
m 2 6 2
m 3 2 1
q 3
m 4 5 3

