B 11 18 3 63
m 1 8 12
m 2 7 7
m 3 3 1
g 3 7 7
m 1 8 3
m 1 7 6
m 2 0 3
m 2 4 14
b 3
m 1 17 4
m 2 0 8
m 2 10 13
m 3 17 1
m 3 2 0
m 1 3 6
m 1 2 10
m 2 13 8
q 3
m 1 7 12
m 1 10 8
b 1
m 2 9 10
m 2 8 1
m 3 2 1
m 3 6 5
m 1 12 10
q 1
m 2 0 4
m 2 0 15
m 3 1 1
m 3 10 3
f 3
q 3
m 1 9 6
m 2 1 15
m 3 10 0
m 3 9 1
m 1 16 7
f 2
m 3 14 5
m 3 6 4
m 1 5 0
m 1 7 15
f 1
q 1
m 2 9 10
m 2 6 4
m 3 8 17
m 1 17 10
m 3 14 8
f 3
m 1 5 1
b 1
m 2 12 6
m 3 8 3
m 3 4 4
m 1 5 13
m 1 10 14
q 1
m 2 10 16
m 3 9 4
m 1 5 2
m 1 4 10
q 1
m 2 4 1
m 2 3 16
g 2 6 7
m 3 4 4
b 3
p
m 1 12 4
m 2 9 17
f 2
m 3 4 1
m 3 10 0
m 1 5 4
m 1 4 0
m 2 0 8
m 2 6 4
f 2
g 2 2 5
m 3 7 17
m 3 9 8
m 2 4 16
m 3 0 1
m 1 9 6
q 1
p
m 2 0 17
m 2 3 13
b 2
m 3 11 0
m 1 3 16
m 1 6 9
m 2 7 8
m 3 5 4
b 3
p
m 1 10 3
m 2 3 14
m 3 15 5
m 3 8 4
m 1 5 17
m 1 1 9
f 1
m 2 11 2
m 2 0 10
m 3 7 3
m 3 0 12
m 2 10 10
p
m 3 8 0
m 1 2 8
m 2 9 9
m 2 9 2
m 3 5 3
m 3 8 9
m 1 11 4
m 1 7 15
m 2 12 10
m 3 14 7
m 3 4 15
q 3
m 1 2 7
m 2 0 13
m 1 2 0
m 2 15 9
f 2
m 3 2 2
m 3 1 5
m 1 13 9
m 2 14 2
m 2 6 1
f 2
m 1 7 10
m 2 9 15
f 2
m 3 17 10
f 3
m 1 4 11
m 2 5 8
m 2 6 12
f 2
m 3 11 2
q 3
m 1 8 3
m 1 4 14
m 2 5 7
m 2 3 1
m 3 9 2
m 3 1 1
m 1 6 4
m 1 1 11
b 1
m 2 4 8
q 2
m 3 6 8
m 1 7 8
m 1 10 2
g 1 17 0
m 2 0 9
m 2 3 8
f 2
m 3 12 1
m 3 10 4
m 1 5 8
m 2 9 4
m 3 7 0
b 3
m 1 12 1
m 1 0 1
b 1
m 2 16 2
m 2 7 2
m 3 1 3
m 3 8 3
m 1 7 4
m 2 8 8
m 3 13 9
m 3 9 6
m 1 8 14
m 1 5 5
b 1
m 2 16 6
q 2
m 3 9 13
g 3 11 4
m 1 2 8
m 2 6 17
m 3 9 10
m 3 6 17
f 3
m 1 12 3
m 1 9 4
g 1 1 3
m 2 12 3
m 2 6 8
m 3 7 0
m 3 4 13
m 1 3 3
m 2 14 7
m 3 16 7
m 1 15 6
m 1 3 12
m 2 6 8
m 2 10 9
m 3 16 1
m 1 6 5
b 1
m 2 17 1
m 2 9 13
m 3 12 9
m 3 3 10
b 3
p
m 1 14 1
m 1 7 16
b 2
m 3 3 3
p
m 1 2 12
m 1 0 15
q 1
m 2 0 10
m 2 5 7
f 2
p
m 3 11 3
m 3 9 12
b 3
f 3
m 1 7 6
m 2 11 6
m 2 8 1
m 3 8 16
m 1 15 10
b 1
m 2 5 10
m 2 3 0
m 3 4 2
m 3 9 1
m 1 14 5
m 1 9 11
g 1 13 3
m 2 5 2
m 3 2 7
m 1 14 9
g 1 8 7
m 2 5 17
b 2
m 3 5 3
m 3 7 16
g 3 8 5
m 1 10 6
m 1 0 1
m 2 11 6
m 3 11 8
m 3 8 12
f 3
g 3 15 9
m 1 11 8
m 2 2 8
f 2
p
m 3 16 1
m 3 0 16
f 3
m 1 7 16
b 1
m 2 15 6
m 2 4 13
m 3 15 5
b 3
m 1 5 7
f 1
m 2 6 1
m 2 6 12
m 3 2 2
m 3 5 4
m 1 9 3
m 1 4 4
m 2 0 6
m 3 15 6
m 1 14 2
m 2 9 3
m 3 5 1
g 3 6 6
m 1 1 10
q 1
m 2 0 16
m 3 7 4
m 1 5 3
b 1
q 1
m 2 11 5
m 2 5 6
m 3 1 5
f 3
m 1 2 15
m 1 9 0
m 3 10 14
m 3 8 11
m 1 15 5
m 2 15 3
m 3 11 10
m 3 2 17
q 1
m 2 5 4
m 3 8 5
m 3 7 3
m 1 9 7
m 2 6 17
m 3 12 10
m 1 10 14
m 2 14 0
m 2 6 12
m 3 2 8
m 3 0 7
m 1 3 6
g 1 15 1
m 2 5 10
m 2 5 16
p
m 3 5 3
m 3 0 12
m 1 5 0
m 1 4 9
q 1
m 2 8 10
m 3 1 14
m 1 6 2
m 2 16 1
m 2 9 5
m 3 7 4
m 1 11 6
m 2 16 6
m 2 8 15
m 3 4 13
m 3 4 12
m 1 14 2
m 2 13 2
m 2 0 10
m 3 11 3
f 3
m 1 14 2
m 1 8 10
m 2 0 15
m 2 4 17
m 3 6 2
m 1 8 4
m 2 8 4
m 2 3 10
m 1 14 2
m 1 9 8
m 2 8 7
m 2 5 14
g 2 10 3
m 3 9 7
m 3 4 15
b 3
p
m 1 14 0
m 2 1 10
m 2 6 14
m 3 6 7
q 3
m 1 16 2
m 1 0 16
q 1
m 2 11 10
m 2 10 3
m 3 8 3
m 1 2 8
b 1
m 2 13 1
b 3
f 3
m 3 7 1
m 3 10 7
m 1 3 6
m 2 1 16
m 2 5 14
f 2
m 3 12 10
m 3 3 13
m 1 6 8
m 1 6 17
f 1
q 1
m 2 5 0
m 2 3 9
b 2
m 3 0 1
b 3
m 1 12 1
m 1 2 13
q 1
m 2 1 10
p
m 3 4 3
m 3 1 14
m 1 16 2
m 2 9 7
m 3 5 12
m 3 8 16
m 1 9 7
m 1 1 16
b 1
m 2 8 12
m 3 1 9
g 3 15 8
m 1 8 17
m 1 7 1
m 2 16 6
m 3 2 10
b 3
m 1 3 3
m 1 1 8
m 2 7 8
m 3 12 1
m 3 2 0
m 1 16 6
m 2 9 7
f 2
p
m 3 10 4
f 3
m 1 6 2
m 1 10 5
m 2 15 10
m 2 0 15
m 3 5 2
f 3
p
m 1 5 0
m 2 15 6
m 2 3 6
b 2
m 3 9 5
m 1 15 10
m 2 2 1
m 3 8 7
g 3 6 5
m 1 11 3
b 1
f 1
m 2 8 5
g 2 5 1
m 3 13 6
m 1 5 3
m 1 6 14
g 1 16 8
m 2 14 9
m 2 9 11
m 1 2 0
m 1 6 3
b 1
m 3 13 7
m 3 5 14
m 1 11 3
m 1 3 12
m 2 6 13
m 3 9 2
m 3 9 14
m 1 5 4
m 1 10 1
m 2 15 10
m 2 1 15
m 3 3 6
m 3 3 2
q 3
m 1 8 15
m 1 5 15
m 2 0 1
m 3 1 8
m 1 0 7
b 1
m 2 10 6
m 3 1 6
m 1 7 15
m 1 2 0
q 1
m 3 6 2
m 3 10 15
p
m 1 10 8
m 1 7 15
m 2 9 10
m 2 9 16
b 2
m 3 1 12
m 3 2 14
b 3
m 1 5 3
m 1 0 8
q 1
m 2 2 0
b 2
m 3 15 3
f 3
m 1 9 11
m 1 7 3
m 2 2 13
m 3 6 8
m 3 6 17
b 3
m 1 2 0
m 2 9 13
m 2 0 13
m 3 2 14
m 1 16 2
m 2 0 0
g 2 5 10
p
m 3 3 1
m 3 4 6
m 1 4 3
m 1 7 10
m 2 15 6
m 3 0 1
m 1 4 10
m 1 3 2
m 2 4 4
g 2 9 4
m 3 2 0
m 3 3 12
m 1 13 8
m 2 11 0
m 2 6 4
m 3 0 16
m 1 4 2
m 1 6 5
g 1 13 9
m 2 0 5
b 2
q 2
m 3 6 2
m 3 1 5
m 1 9 6
m 2 2 1
m 2 8 3
f 2
g 2 3 8
m 3 5 3
m 3 3 1
m 1 6 2
q 1
m 2 5 2
m 3 11 5
m 3 2 16
m 1 11 7
m 1 10 17
g 1 15 8
m 2 11 7
m 2 10 1
g 2 4 9
m 1 4 3
m 2 9 2
m 2 8 2
f 2
m 3 11 7
b 3
m 1 11 0
q 1
m 2 3 7
p
m 3 5 2
m 3 1 14
m 1 2 0
m 1 6 14
b 1
m 2 1 7
q 2
m 3 4 4
f 3
q 3
q 1
m 2 6 8
f 2
m 3 0 14
m 3 2 7
m 1 9 0
g 1 15 10
m 2 2 1
b 2
m 3 0 6
m 3 5 10
m 1 16 6
f 1
q 1
m 2 0 6
m 3 4 1
m 3 4 0
m 1 10 6
m 2 2 3
m 2 10 17
m 3 7 4
m 1 14 7
m 1 6 15
m 2 10 2
f 2
m 3 5 4
m 1 6 2
b 1
f 1
m 2 0 0
m 2 2 9
g 2 14 8
m 3 11 2
m 3 9 3
m 1 9 7
m 1 9 2
m 2 4 3
m 2 0 17
p
m 3 5 4
m 3 1 15
f 3
q 3
m 1 6 2
q 1
m 2 17 1
m 2 7 13
m 3 4 3
f 3
q 3
m 1 11 5
m 1 0 8
m 2 9 1
m 2 4 16
m 3 11 3
m 3 4 8
m 1 6 7
m 1 1 1
m 2 5 4
m 2 1 15
q 2
m 3 14 7
m 3 1 0
m 3 5 7
m 3 2 0
m 1 0 6
m 2 2 0
m 2 4 7
b 2
m 3 13 1
m 1 11 2
g 1 12 9
m 2 0 6
m 2 2 1
p
m 3 17 1
f 3
m 1 5 4
m 2 6 2
m 3 6 15
m 3 0 14
m 1 6 15
q 1
m 2 11 7
m 3 9 7
m 3 4 16
m 1 7 16
b 1
f 1
m 2 8 17
m 3 4 1
m 1 7 1
m 1 9 5
m 2 4 3
f 2
q 2
m 3 2 1
m 1 2 0
m 1 0 9
b 1
g 1 17 5
b 2
q 2
m 1 11 7
m 2 5 3
m 2 0 9
f 2
q 2
m 3 9 9
m 1 9 5
m 1 4 11
m 2 11 6
m 2 2 11
f 2
q 2
g 2 1 3
m 3 17 1
m 3 1 17
q 3
m 1 0 6
m 2 16 6
f 2
m 3 4 1
m 1 9 5
m 2 6 12
m 3 4 3
m 1 15 3
m 2 0 6
m 3 9 7
m 1 6 2
m 1 0 5
m 2 14 7
m 2 1 10
m 3 1 2
f 3
m 1 3 16
m 1 10 10
q 1
m 2 13 8
m 2 6 7
m 3 2 2
m 1 17 3
m 2 4 3
m 2 8 5
m 3 4 1
b 3
f 3
m 1 4 3
m 1 2 12
m 2 11 3
m 2 5 3
m 3 5 3
m 3 6 11
b 3

