B 6 12 7 6
m 1 4 4
q 1
m 2 7 0
m 2 1 2
m 3 2 0
p
m 4 11 2
m 4 5 7
m 5 1 4
m 6 0 3
m 6 4 6
m 7 1 2
m 7 5 10
b 7
m 1 10 1
p
m 2 3 3
m 3 1 6
f 3
m 4 2 5
m 5 5 1
m 6 2 9
g 6 3 3
m 7 7 0
m 1 9 5
f 1
m 2 8 5
f 2
m 3 5 1
m 3 1 1
m 4 9 0
m 5 3 2
p
m 6 0 1
m 7 0 3
m 1 7 3
m 2 3 3
m 2 1 8
f 2
m 3 1 4
m 3 4 7
m 4 2 9
f 4
m 5 3 5
m 6 2 11
f 6
m 7 4 0
m 7 4 1
m 1 7 2
m 1 5 1
m 2 0 3
m 3 9 0
m 3 3 9
f 3
m 4 3 9
f 4
m 5 9 1
m 6 10 0
m 6 3 9
m 7 2 7
m 7 3 11
m 1 5 10
q 1
m 2 5 4
m 3 8 0
m 3 1 1
b 3
m 4 6 5
m 7 7 0
b 7
g 7 4 4
m 1 9 4
m 2 3 5
q 2
m 3 1 8
m 4 3 1
m 4 2 6
m 5 2 10
m 5 1 4
b 5
m 6 6 3
q 6
q 7
m 1 3 2
b 1
m 2 5 2
m 3 1 11
m 3 1 11
f 3
m 4 2 2
m 4 3 1
q 4
m 5 10 1
m 5 3 10
m 6 5 4
m 6 3 10
m 7 2 4
g 7 4 5
m 1 1 11
m 1 3 4
m 2 0 7
m 3 0 1
m 3 3 9
m 4 4 6
m 5 11 5
f 5
p
m 6 8 2
q 6
m 7 3 5
m 7 0 2
m 1 4 10
m 1 3 1
m 2 4 0
m 2 1 5
m 3 11 4
b 3
m 4 6 3
m 4 4 5
m 5 6 5
m 6 0 7
m 6 1 2
m 7 8 5
m 7 5 7
m 1 2 6
f 1
m 2 3 2
m 3 5 5
b 3
f 3
m 4 3 3
q 4
m 5 5 0
b 5
m 6 2 0
f 6
m 7 4 0
m 7 2 10
p
m 1 3 6
m 2 4 7
m 2 3 8
f 2
q 2
m 3 10 0
m 4 0 1
m 4 5 11
m 5 3 4
m 5 0 2
g 6 11 3
m 7 5 0
f 7
m 1 3 1
m 1 1 10
m 2 5 3
m 2 1 9
m 3 4 5
m 4 8 3
m 4 0 4
b 4
b 5
m 6 7 3
f 6
m 7 1 2
m 1 2 3
b 1
m 2 11 0
m 2 4 10
f 2
m 3 8 3
b 3
q 3
m 4 0 1
m 4 1 7
m 5 8 2
m 5 2 1
q 5
m 6 7 3
q 6
m 7 2 5
m 7 4 10
q 7
p
m 1 10 0
g 1 5 2
m 2 7 1
m 4 3 6
m 5 10 0
m 6 2 8
m 6 1 11
f 6
m 7 3 4
m 1 10 0
m 1 5 1
m 2 2 0
m 3 0 0
b 3
m 4 5 9
m 4 1 11
m 5 7 3
m 5 3 4
g 5 6 4
m 6 1 7
m 7 6 0
m 1 6 0
m 2 2 3
q 2
m 3 9 0
m 4 1 6
m 4 0 5
m 5 8 0
m 6 0 0
b 6
m 7 5 3
m 1 5 5
m 2 9 5
b 2
m 3 4 1
f 3
q 3
m 4 5 5
m 5 4 0
m 5 5 9
m 6 2 3
m 6 0 8
m 1 9 4
m 2 0 6
m 2 4 2
m 3 5 8
m 3 2 6
q 3
m 4 9 0
m 5 0 0
f 5
m 6 9 4
m 6 2 5
b 6
m 7 1 7
m 7 5 10
m 1 8 4
m 1 0 4
m 2 11 4
m 2 5 2
m 3 8 0
m 3 1 2
m 4 3 1
f 4
m 5 9 0
b 5
q 5
m 6 8 0
m 6 1 9
m 7 8 0
m 1 0 1
m 2 11 0
g 2 0 0
m 3 10 0
m 3 1 0
m 4 3 1
m 4 4 2

