B 6 10 2 24
m 1 5 5
m 2 8 0
m 2 5 2
q 2
p
m 1 0 8
m 1 5 7
m 2 5 1
m 1 0 4
m 1 0 9
m 2 0 7
p
m 1 2 3
m 1 0 7
m 2 6 4
m 1 4 2
m 1 1 2
q 1
m 2 0 6
m 2 3 0
m 1 4 2
m 1 2 6
m 2 5 1
m 1 1 1
m 2 5 8
m 2 0 7
m 1 2 8
m 1 3 6
f 1
m 2 3 0
m 2 3 9
m 1 5 9
g 1 6 0
m 2 4 3
m 1 4 1
m 1 3 8
m 2 3 5
m 1 5 2
m 2 5 4
q 2
p
b 1
f 1
m 2 7 1
m 1 9 4
m 1 3 1
m 2 0 5
b 2
m 1 2 5
m 2 5 7
m 2 0 4
m 1 1 5
m 1 0 0
m 1 4 0
m 2 9 4
m 1 0 2
m 1 4 0
b 1
m 2 3 8
m 2 4 4
f 2
m 1 0 8
q 1
m 2 3 9
b 2
f 2
m 1 3 1
q 1
m 2 4 7
m 2 5 9
q 2
m 1 0 9
f 1
m 2 8 4
m 2 1 4
m 1 3 5
m 2 3 6
m 2 1 0
g 2 2 1
m 1 1 2
m 1 4 4
m 2 6 1
m 2 4 2
m 1 1 8
m 2 0 5
m 2 1 8
q 2
m 1 4 3
m 1 0 4
m 2 3 5
m 2 5 1
m 1 5 4
m 2 2 2
m 2 0 3
m 1 3 1
m 1 3 1
m 2 4 4
m 2 3 9
m 1 1 0
m 2 8 4
q 2
m 1 1 9
m 2 5 3
m 1 1 0
b 1
q 1
m 2 8 4
m 2 0 1
m 1 9 2
f 1
m 2 4 3
m 2 2 5
b 1
f 2
m 1 1 0
m 1 5 2
b 1
m 2 3 3
m 1 4 3
m 2 5 4
m 2 3 9
m 1 1 2
m 1 3 1
m 2 6 4
m 2 0 9
m 1 0 4
m 2 5 9
m 2 3 0
b 2
m 1 7 3
m 1 3 4
m 2 6 1
m 2 2 3
q 1
m 2 0 5
m 1 0 9
m 2 6 1
p
m 1 5 5
g 1 0 1
m 2 4 1
m 2 3 2
m 1 2 9
m 1 4 6
f 1
m 2 7 3
m 2 5 4
m 1 6 1
m 2 2 3
m 1 1 6
m 1 2 1
f 1
m 2 1 6
b 2
q 2
m 2 3 1
m 2 3 0
m 1 0 5
m 2 9 4
m 2 3 8
m 2 3 9
f 1
m 2 3 1
m 1 2 8
m 2 3 1
f 2
m 1 7 1
m 1 4 2
g 1 0 3
m 1 7 1
m 2 9 4
m 1 1 8
m 1 2 0
m 2 6 5
f 1
q 1
m 2 3 8
m 2 4 7
m 1 3 5
m 1 5 0
b 1
m 2 4 2
m 1 1 5
m 1 4 5
m 2 5 2
b 2
m 1 9 4
m 2 7 2
m 2 3 4
m 1 4 2
m 1 4 9
m 2 0 1
m 2 0 6
q 2
m 1 5 5
m 1 0 6
m 2 8 4
m 1 7 3
m 2 8 4
b 2
q 2
m 1 0 9
m 2 7 1
q 2
m 1 1 1
m 1 2 1
m 2 7 3
m 1 0 0
q 1
p
m 2 7 2
m 2 0 5

