B 8 6 4 8
m 1 1 3
m 1 7 2
m 2 3 2
m 2 6 0
m 3 4 1
m 4 0 5
m 1 4 6
m 1 2 1
g 1 1 4
m 2 4 4
q 2
f 3
m 4 3 3
m 1 1 5
g 1 5 0
m 2 1 7
m 2 6 0
f 2
m 3 6 2
m 4 2 4
m 4 7 1
f 4
m 1 3 6
f 1
m 2 7 3
m 3 3 4
f 3
m 4 4 2
m 4 5 5
m 1 0 3
m 1 6 5
m 2 0 4
m 3 0 3
m 3 3 1
m 4 6 2
m 1 3 5
m 1 2 0
m 2 1 0
m 3 4 7
m 4 1 6
m 4 4 3
m 1 4 6
b 1
m 3 4 5
m 3 6 0
m 4 2 5
m 1 4 5
m 1 6 5
f 1
m 2 2 4
f 2
m 3 1 1
m 1 1 5
q 1
m 2 0 3
m 2 4 1
b 2
m 3 5 2
f 3
m 1 7 4
m 2 4 1
b 2
f 2
m 3 1 6
m 3 2 4
m 4 0 5
g 4 4 4
p
m 1 2 1
m 1 2 3
f 2
m 3 5 5
m 3 5 3
m 4 2 2
m 4 2 5
m 1 4 6
m 2 2 0
m 2 1 1
m 3 1 6
m 4 1 5
m 4 2 2
m 1 1 4
m 2 3 1
m 2 3 5
f 2
m 3 7 3
m 3 6 5
m 4 1 6
m 4 0 0
m 1 3 6
m 1 4 2
f 1
m 2 0 4
m 2 4 0
m 3 2 4
m 3 7 4
m 4 1 0
m 1 1 5
m 1 6 1
m 2 0 7
m 2 7 2
m 3 0 3
m 4 0 5
q 4
m 2 2 5
m 2 2 4
m 3 5 0
m 3 3 4
m 4 3 6
m 1 0 3
m 2 6 3
b 2
m 3 1 0
m 4 0 2
m 1 3 1
m 1 1 2
q 1
m 2 4 5
m 2 1 1
b 2
m 3 7 0
m 3 4 5
m 4 0 3
m 4 1 5
m 1 2 5
m 2 5 7
f 2
m 3 0 3
m 4 1 0
m 1 1 5
m 1 7 5
m 2 0 3
b 2
m 3 1 0
m 3 7 4
m 4 7 3
m 4 5 4
m 1 4 5
m 2 1 5
f 2
g 2 1 3
m 3 0 3
b 3
q 3
m 4 4 6
b 4
m 1 4 6
m 2 4 6
m 2 3 3
m 3 1 0
m 3 3 1
m 4 4 6
m 1 0 3
m 1 6 2
m 2 1 0
m 2 7 2
m 3 4 0
m 3 6 1
m 4 5 4
q 4
m 1 5 3
b 1
m 2 2 0
m 3 1 0
m 3 7 3
m 4 6 5
q 4

