B 5 13 7 7
m 1 2 0
m 2 2 0
m 2 2 5
b 2
f 2
m 3 4 3
m 4 0 10
m 5 2 3
m 6 6 0
m 7 3 2
m 7 4 2
m 1 4 4
m 3 1 9
m 3 0 9
p
m 4 0 0
m 4 1 9
m 5 1 5
p
m 6 3 3
m 6 0 2
m 7 4 2
m 1 8 3
m 1 4 1
m 3 11 0
m 3 0 7
m 4 2 1
m 5 3 3
m 6 1 8
m 7 3 0
m 1 6 0
m 2 7 3
m 2 0 6
m 3 2 1
m 3 2 0
p
m 4 0 4
m 4 0 0
m 5 3 4
q 5
m 6 12 0
m 7 2 5
p
m 1 0 1
b 1
m 2 12 2
b 2
m 3 0 9
m 4 11 1
m 4 4 5
m 5 3 5
m 7 0 5
m 1 4 3
m 1 4 4
m 2 3 5
m 2 0 2
m 3 3 11
m 3 3 2
m 4 2 4
m 4 3 4
m 5 2 5
m 5 0 1
m 7 1 3
m 7 3 5
m 1 3 3
m 1 2 6
m 2 2 1
m 3 2 7
m 4 0 1
m 4 1 9
q 4
m 5 2 2
q 5
m 6 11 4
m 6 0 9
m 7 7 3
q 7
m 1 8 3
p
m 2 10 3
m 3 0 9
m 3 4 6
m 4 1 7
b 4
m 5 4 1
m 5 2 1
m 6 3 0
g 6 9 0
m 7 4 1
g 7 2 0
m 2 10 3
m 2 3 5
m 3 10 2
m 3 1 6
m 4 12 3
m 4 4 1
m 5 1 4
p
m 6 10 2
m 6 3 4
m 7 8 4
m 1 10 3
m 1 0 7
m 2 3 8
m 3 1 5
q 3
m 4 10 4
m 5 11 2
m 6 9 3
m 6 4 9
m 7 9 2
m 1 12 3
m 1 3 3
m 2 0 9
q 2
m 3 3 2
m 3 2 9
m 4 2 10
m 6 3 2
m 7 1 0
g 7 6 0
m 1 9 3
m 1 4 7
m 2 12 0
m 2 3 9
m 3 4 11
m 3 1 10
m 4 0 4
b 4
m 5 1 2
m 5 3 3
m 6 2 5
m 7 0 4
m 1 3 8
m 1 1 8
m 2 8 2
m 3 7 3
m 3 0 4
m 4 1 5
b 4
m 5 11 1
m 6 2 12
m 7 1 4
m 1 8 2
m 1 3 5
m 2 0 4
m 2 3 2
m 3 10 2
m 4 1 3
m 5 1 10
m 5 3 5
m 6 7 3
m 7 12 4
m 7 2 5
f 7
q 7
m 1 12 3
m 1 3 10
m 2 2 5
m 2 4 11
m 3 6 3
m 3 4 5
m 4 10 4
m 5 12 1
b 5
m 6 2 9
m 7 3 0
m 1 1 1
m 1 1 8
m 2 2 6
m 3 1 1
m 3 4 11
g 3 4 2
m 4 0 4
m 4 4 3
m 5 3 1
m 5 2 0
q 5
q 6
m 7 4 6
m 1 8 4
p
m 3 6 3
m 4 8 4
m 4 4 2
p
m 6 10 2
m 6 1 5
f 6
q 6
m 7 11 1
m 1 4 7
f 1
m 2 10 4
m 3 4 6
m 3 3 11
m 4 11 1
m 4 0 6
f 4
m 5 7 3
m 7 12 4
q 7
m 1 12 4
m 2 12 3
q 2
g 2 7 1
p
m 3 12 1
m 3 1 4
m 4 0 4

