B 4 7 4 6
m 1 2 4
m 1 2 5
m 2 1 1
m 2 1 5
m 3 0 2
m 4 5 3
m 1 3 3
m 1 3 1
f 1
g 1 2 0
m 2 0 3
m 2 0 4
m 3 0 0
m 3 0 5
m 4 2 2
m 1 6 1
b 1
m 3 5 3
m 4 0 6
m 1 1 0
m 1 0 3
m 2 6 1
m 3 2 0
f 3
m 4 2 1
b 4
p
m 1 1 2
m 2 6 1
p
m 4 4 3
m 1 2 0
m 2 3 6
m 2 1 4
m 3 2 6
m 3 3 4
m 4 5 3
m 4 0 6
m 1 1 0
m 1 0 0
m 2 6 1
b 2
m 3 3 5
m 4 0 3
m 4 0 2
m 1 3 6
m 1 1 6
q 1
m 2 3 2
m 3 3 2
m 3 3 3
m 4 0 3
m 4 0 6
m 3 3 1
b 3
m 4 1 6
m 1 2 6
m 1 2 3
m 2 1 1
f 2
q 2
m 3 1 0
m 4 1 0
m 4 3 3
m 1 3 1
m 2 3 1
m 2 2 0
b 2
m 3 3 1
m 3 0 1
b 3
m 4 0 3
m 1 0 3
m 2 1 3
m 3 0 3
m 3 1 0
q 3
f 4
m 1 3 4
m 3 0 3
m 4 0 3
m 1 0 3
m 2 0 3
m 3 1 4
f 3
q 3
m 4 3 2
m 4 3 2

