B 6 10 3 26
m 1 0 3
m 1 3 4
m 2 4 7
f 2
m 3 8 0
m 3 4 8
m 1 4 8
m 1 5 2
m 2 2 3
m 3 2 4
b 3
m 1 3 4
m 2 8 0
m 2 3 5
b 2
m 3 4 3
q 3
m 1 0 6
m 2 5 5
f 2
m 3 8 3
m 1 3 3
m 2 5 1
m 2 1 1
m 3 9 5
m 3 2 7
g 3 3 3
m 1 1 3
m 1 0 7
m 2 1 2
m 1 2 0
m 1 5 7
m 2 1 9
m 3 5 2
m 3 2 9
m 1 2 2
m 1 1 2
f 1
m 2 5 1
b 2
m 3 2 0
m 3 2 1
f 3
m 1 7 3
m 1 0 0
q 1
m 2 6 5
m 2 1 3
b 2
m 1 6 1
m 1 4 4
m 2 1 4
m 2 3 1
m 3 9 5
m 1 5 4
m 2 9 4
m 3 1 8
b 3
m 1 0 1
m 2 0 4
m 2 3 9
g 2 4 5
m 3 5 5
m 3 0 9
q 3
m 1 1 5
m 1 4 9
m 3 0 3
m 3 1 7
q 1
m 2 2 9
m 3 5 4
m 3 2 4
m 1 6 5
m 2 4 4
m 2 0 9
m 3 0 6
m 3 5 5
f 3
q 3
g 3 2 5
m 1 6 5
m 1 1 2
m 2 5 2
m 2 1 8
m 3 2 1
m 1 2 0
m 1 0 9
m 2 5 0
m 2 2 0
m 1 0 3
m 2 6 4
m 2 0 5
m 3 3 4
m 3 3 7
m 1 0 3
m 1 5 5
b 1
m 3 1 3
m 3 2 4
m 2 8 5
m 2 5 5
m 3 6 5
m 1 5 2
m 1 2 1
m 2 6 5
m 2 2 8
q 2
m 3 5 2
m 1 6 5
m 2 3 9
m 2 5 8
f 2
q 2
m 3 3 9
m 1 4 2
b 1
m 2 2 7
b 2
m 3 0 3
m 3 4 5
m 1 2 3
f 1
m 2 0 3
m 3 8 0
m 3 5 0
m 1 0 4
m 1 5 4
m 2 5 2
f 2
q 2
m 3 8 3
m 1 2 3
m 2 4 5
m 3 2 3
m 1 3 5
m 1 5 7
m 2 5 1
m 2 3 9
b 2
m 3 3 3
m 3 2 4
m 2 1 7
m 2 3 4
m 3 1 4
q 3
m 1 4 5
m 1 5 4
m 2 3 5
q 2
m 3 6 1
m 3 4 2
m 2 8 0
m 2 3 9
m 3 0 3
f 3
m 1 1 4
m 1 4 3
m 2 2 4
m 3 9 5
f 3
m 1 6 2
m 2 4 7
f 2
m 3 6 2
m 1 0 1
m 2 6 4
m 2 4 2
m 3 6 2
f 3
m 1 4 7
g 1 9 0
m 2 6 1
b 2
q 2
m 3 2 2
b 3
m 1 0 5
m 1 0 5
m 2 1 4
m 2 2 9
m 3 2 4
m 1 0 4
m 1 0 9
m 2 0 4
m 3 8 0
m 3 1 7
m 1 6 5
m 2 1 4
q 2
m 3 8 0
q 3
m 1 4 7
m 2 5 2
m 3 3 5
m 1 0 3
m 1 2 2
m 3 6 3
m 1 9 5
m 3 6 2
m 3 3 9

