B 6 4 6 3
m 1 0 3
m 1 5 2
m 2 0 4
m 2 5 2
m 3 0 1
m 3 3 3
m 4 2 2
q 4
m 5 0 3
f 5
m 6 3 4
b 6
m 1 2 0
m 2 3 2
m 2 0 3
m 3 0 3
m 4 4 3
m 5 1 2
m 5 1 2
m 6 1 5
m 6 0 1
m 2 3 2
p
m 3 1 2
m 3 4 2
m 4 2 0
m 4 4 3
p
m 5 0 4
m 5 3 0
g 5 2 3
p
m 1 3 5
m 3 0 4
m 3 4 2
f 4
g 4 3 0
m 5 0 1
m 6 3 3
m 1 0 2
m 1 5 1
m 2 1 3
m 2 4 0
m 3 0 0
f 3
m 4 1 1
m 4 4 1
b 4
p
m 5 5 0
m 6 0 0
m 1 1 2
m 1 1 0
b 1
m 2 2 2
m 2 3 0
m 3 2 0
m 4 1 3
b 4
m 5 1 1
m 5 2 1
m 6 4 1
m 6 4 3
m 1 1 3
m 1 3 2
m 2 0 0
p
m 3 3 2
m 3 0 1
p
m 4 1 3
m 4 5 3
m 5 3 2
m 5 0 1
b 5
m 2 1 1
m 2 0 1
m 3 3 2
m 4 1 3

