B 7 9 4 21
m 1 0 3
b 1
m 2 2 3
q 2
m 3 8 2
m 3 3 7
m 4 2 0
f 4
m 1 5 5
m 1 2 3
f 2
m 3 0 3
q 3
m 4 3 7
m 4 0 1
f 4
q 4
m 1 8 4
m 1 3 2
m 2 0 6
m 2 4 1
m 3 8 3
m 3 5 6
m 4 1 1
m 4 6 3
q 4
m 1 1 2
m 1 4 7
q 1
m 2 2 0
m 2 1 0
m 3 0 6
m 4 3 4
m 4 4 3
f 1
q 1
m 2 0 0
m 2 0 4
m 3 3 1
m 3 2 6
g 3 0 2
m 4 4 5
m 1 4 1
b 1
m 2 2 4
m 3 1 1
f 3
m 4 6 6
m 1 2 7
m 2 5 2
m 2 5 7
m 3 4 5
m 3 6 6
m 4 5 0
m 1 3 5
q 1
m 2 3 3
p
m 3 6 3
b 3
m 4 1 5
m 4 3 1
q 4
m 1 5 2
m 2 1 5
m 2 5 3
f 2
m 3 4 5
m 4 5 0
m 1 4 1
m 1 5 8
f 1
m 3 0 0
f 3
m 4 7 0
m 4 6 2
m 1 8 0
m 1 6 6
m 3 3 8
m 4 2 0
b 4
m 1 6 3
b 1
m 2 1 6
m 2 6 7
m 3 8 2
m 3 4 8
m 4 0 6
m 1 7 0
b 1
m 2 0 3
m 2 0 8
m 3 0 7
m 3 4 3
m 4 2 0
f 4
m 1 8 6
m 2 6 2
m 3 7 1
b 3
m 4 0 5
m 4 6 8
m 1 1 6
b 1
m 2 5 8
m 2 1 1
m 3 6 4
b 3
m 4 4 5
m 4 2 1
m 1 0 3
m 1 1 2
m 2 4 4
m 3 2 5
m 4 6 7
m 4 4 5
m 1 2 0
m 1 3 7
p
m 2 1 6
m 3 4 0
m 4 2 0
m 4 6 0
m 1 8 2
m 2 4 1
m 2 4 2
q 2
m 3 6 8
m 4 1 6
m 1 0 3
m 1 0 1
b 1
m 2 5 6
m 2 3 7
m 3 2 2
m 3 4 6
b 3
m 4 2 2
m 4 5 1
q 4
m 1 4 1
m 1 6 8
m 2 0 3
m 2 5 2
m 3 4 1
f 3
p
m 4 2 1
m 1 1 2
m 1 3 4
f 2
m 3 4 1
m 3 2 1
m 4 5 6
m 4 4 1
f 4
p
m 1 2 7
m 3 8 2
m 4 4 5
m 4 5 8
q 4
m 1 7 1
m 1 3 4
f 1
m 4 8 2
m 4 4 7
m 1 7 1
m 1 3 2
f 1
f 2
m 3 5 6
m 4 5 8
m 4 5 4
f 4
q 4
m 1 4 1
m 1 4 2
g 1 4 3
m 2 4 1
m 2 4 4
m 3 8 1
m 3 2 1
m 4 3 1
m 1 3 8
m 2 8 2
m 2 1 8
m 3 8 2
m 3 3 0
m 4 5 5
m 4 3 5
b 4
q 4
m 1 1 2
m 1 2 5
m 2 4 4
m 2 4 7
m 3 1 3
q 3
m 4 3 1
q 4
m 1 1 6
m 2 8 2
q 2
m 3 4 1
m 3 3 0
m 4 6 3
m 4 2 3
q 4
m 1 2 0
m 1 4 8
q 2
m 4 1 6
m 1 2 0
m 1 1 5
m 2 2 0
q 2
m 3 5 7
m 4 3 5
m 1 4 1
m 2 2 1
m 2 1 1
m 3 2 4
m 4 2 0
m 4 2 1
b 4
p
m 1 8 2
m 1 6 0
q 1
g 1 6 1
m 2 6 3

