B 6 9 6 4
m 1 5 1
m 2 4 5
m 2 1 1
m 3 0 4
f 3
m 4 2 5
m 5 0 5
m 6 4 1
m 6 5 4
m 1 3 6
m 1 0 4
f 1
m 2 3 5
m 3 2 1
m 4 7 2
m 4 2 0
b 4
m 5 2 2
m 5 2 1
m 6 0 8
q 6
m 1 4 0
m 2 8 3
m 2 2 8
m 3 4 2
m 3 2 1
f 3
m 4 0 1
m 4 3 8
q 4
m 5 3 6
p
m 6 2 3
q 6
m 1 3 4
m 2 7 2
m 2 3 2
m 3 3 4
m 3 5 2
m 4 1 1
m 5 3 4
m 5 0 1
m 6 4 8
m 6 2 7
m 1 0 5
m 2 7 4
m 2 1 0
p
m 3 1 3
m 3 0 7
m 4 0 8
m 4 4 6
p
m 5 1 8
q 5
m 6 1 0
b 6
q 6
m 1 3 5
m 2 1 3
m 2 0 1
m 3 1 5
m 4 7 3
m 4 1 6
m 5 4 4
m 6 2 1
m 6 0 4
m 1 6 1
m 1 2 3
q 1
m 2 8 5
m 2 3 6
m 3 3 5
m 3 2 2
m 4 8 5
m 5 0 0
m 6 8 5
m 6 0 4
m 1 2 8
m 2 6 2
f 2
m 3 5 5
m 3 2 4
q 3
m 5 7 5
m 5 5 2
b 5
m 6 2 1
f 6
m 1 3 5
g 1 5 4
m 2 2 4
m 2 5 8
b 2
m 3 0 3
b 3
g 3 5 3
m 4 7 4
m 4 1 6
q 4
m 5 0 8
m 6 2 3
m 2 3 3
q 3
m 4 3 3
m 5 1 3
b 5
p
m 6 5 3
m 6 3 1
b 6
q 6
m 1 3 0
m 1 3 6
m 2 2 5
m 3 3 0
m 3 4 3
m 6 1 0
p
m 1 7 0
m 2 0 6
m 3 7 3
m 3 2 2
m 4 4 2
p
m 5 5 5
b 5
m 6 3 3
m 1 5 5
m 1 2 5
b 1
m 2 0 5
m 2 3 8
m 3 7 2
q 3
m 4 0 8
m 4 2 0
m 5 6 1
p
m 6 5 2
f 6
q 6
m 1 0 0
m 1 0 6
m 2 0 5
m 2 4 5
q 2
m 3 7 0
m 4 4 2
m 5 6 0
m 6 2 1
m 6 5 2
m 1 7 2
q 1
m 2 5 5
f 2
m 3 6 4
q 3
m 4 6 4
m 4 4 1
m 5 7 1
m 5 3 2
m 6 3 0
m 6 0 8
q 6
g 6 5 0
m 1 7 2
m 1 0 2
m 2 6 0
g 2 3 5
m 3 5 1
m 3 4 5
m 4 4 2
m 5 6 4
m 6 7 0
m 6 5 4
q 6
m 1 7 2
b 1
q 1
m 2 3 8
q 2
m 3 7 3
m 4 8 4
m 4 0 3
m 5 7 2
m 6 8 5
m 6 4 5
m 1 5 6
m 1 0 5
m 2 6 4
m 2 3 2
g 2 0 2
m 3 5 1
m 4 2 0
f 4
m 5 2 1
m 5 2 7
m 6 4 2
q 6

