B 5 5 9 3
m 1 3 2
m 1 2 4
p
m 2 4 4
m 3 1 3
m 3 1 0
f 3
m 5 1 2
m 6 2 2
q 6
p
m 8 3 4
m 8 0 0
b 8
m 9 1 2
m 2 3 0
m 2 2 4
m 3 3 4
m 3 1 1
p
m 4 4 0
m 5 4 3
m 5 3 2
g 5 3 1
m 6 4 0
b 6
m 7 3 0
m 7 2 1
q 7
m 8 2 4
m 9 0 2
m 1 4 1
m 1 3 4
m 3 3 0
m 3 4 4
f 3
m 4 2 4
f 4
m 5 3 0
m 5 4 0
g 6 1 2
m 7 2 0
m 7 4 2
m 8 4 4
q 8
m 9 3 3
m 9 3 4
m 1 3 2
m 2 4 1
m 3 1 3
b 3
m 4 2 1
m 5 4 0
m 5 4 0
m 6 3 0
m 7 2 1
m 8 3 0
m 8 0 4
m 9 4 4
m 9 3 0
b 9
m 1 1 3
f 1
m 2 3 0
f 2
m 3 3 2
m 3 0 3
m 5 2 4
f 5
m 6 1 0
m 6 0 1
p
m 7 3 2
m 7 4 1
g 7 0 0
m 8 1 3
m 9 3 2
p
m 1 3 2
m 2 3 2
m 2 3 1
f 2
m 3 4 1
m 3 2 3
m 4 0 0
b 4
f 4
m 5 4 1
m 5 4 1

