B 4 12 7 6
m 1 5 2
p
m 5 9 0
m 6 3 2
m 7 9 1
m 7 3 11
b 7
q 7
m 1 0 0
m 1 1 11
f 1
m 2 2 4
m 2 2 9
m 3 11 2
m 3 3 9
b 3
m 4 2 3
m 5 1 5
m 6 3 3
m 6 2 4
g 6 11 3
m 7 4 0
m 1 4 1
m 1 1 5
m 2 2 2
m 2 3 0
m 3 2 4
m 3 3 1
m 4 8 3
m 5 2 10
m 6 1 11
f 6
m 7 9 1
q 7
m 1 0 1
m 2 10 0
m 3 2 3
m 4 5 3
m 5 7 2
m 5 3 9
f 5
m 6 8 1
m 7 3 10
m 1 1 2
m 2 7 1
m 3 3 0
m 5 0 4
m 5 3 3
m 6 7 3
g 6 2 1
m 7 10 1
m 1 6 2
m 1 3 0
m 2 2 0
m 3 1 2
f 3
f 4
m 5 8 1
b 5
f 5
q 5
m 6 7 3
m 7 2 6
m 7 1 1
m 1 2 0
q 1
m 2 10 1
m 3 0 1
m 4 1 6
m 4 1 8
m 5 3 7
m 6 3 7
m 6 0 1
m 7 9 0
m 7 1 9
m 1 3 8
m 1 1 6
m 2 7 0
m 3 5 0
m 4 10 1
m 4 0 5
m 5 3 1
q 5
p
m 7 3 4
m 1 5 2
m 2 6 3
m 3 2 0
m 5 3 0
m 5 1 2
m 6 4 1
m 6 3 1
q 6
m 7 10 1
m 2 1 5
m 3 3 8
q 3
m 4 4 1
m 5 3 0
g 5 1 3
m 6 2 0
m 7 10 1
m 1 7 0
m 2 0 1
m 2 1 1
f 2
m 3 6 0
m 3 1 6
m 4 0 11
m 4 2 0
m 5 11 2
m 5 1 6
q 5
m 7 3 5
m 1 9 0
m 1 0 6
m 2 7 0
m 2 1 11
m 3 2 8
b 5
m 6 6 3
m 6 0 11
m 7 1 1
m 1 3 0
f 1
m 2 7 0
m 2 0 3
m 3 5 2
m 4 1 8
m 5 2 4
m 6 10 0
m 6 3 6
b 6
m 7 11 2
m 1 7 2
m 1 1 2
m 2 3 1
m 2 1 3
f 3
q 3
m 4 7 0
m 5 0 5

