B 8 4 3 13
m 1 1 2
m 2 0 0
m 3 2 0
m 3 0 3
m 1 1 3
m 1 6 1
m 2 7 3
m 3 3 2
m 1 1 3
f 1
p
m 3 0 3
m 3 5 3
p
m 1 3 4
m 2 6 1
m 1 2 7
m 2 1 0
q 2
m 1 2 2
p
m 2 0 0
m 3 1 7
m 1 1 2
m 1 0 0
m 2 0 7
m 2 2 1
m 3 1 5
b 3
f 3
m 1 3 1
m 2 2 2
m 2 4 2
f 2
m 3 3 4
m 3 4 2
f 3
m 1 2 0
m 1 6 2
m 2 3 3
m 3 1 0
m 1 2 1
m 2 3 2
m 2 2 3
q 2
m 3 1 7
m 1 2 7
m 2 2 5
m 2 3 0
m 3 1 0
p
m 1 3 6
q 1
m 2 2 5
m 3 1 5
m 3 2 0
m 1 0 6
m 1 3 0
m 2 6 1
m 2 0 3
m 3 0 5
m 1 0 3
f 1
m 2 0 4
m 3 1 5
m 3 0 3
m 1 0 7
m 2 3 6
m 3 4 0
g 3 0 1
m 2 0 6
m 2 5 1
m 3 1 2
m 3 5 0
m 1 1 0
m 2 7 2
b 2
m 1 0 7
m 2 1 1
m 2 7 0
m 3 1 4
m 3 7 3
m 1 3 0
m 2 3 6
m 3 1 4
m 1 5 0
m 1 4 3
m 2 1 0
m 2 1 0
q 2
m 3 6 1
m 3 0 3
m 1 1 1
m 1 0 2
m 2 0 3
m 3 1 2
m 3 7 3
m 1 3 6
m 1 7 1

