B 7 4 5 5
m 1 2 4
q 1
m 2 2 0
m 2 3 1
m 3 0 1
m 4 3 6
m 4 6 1
f 4
m 5 2 2
m 5 0 2
m 1 0 1
m 2 4 3
m 2 1 2
m 3 0 1
b 3
m 4 2 5
m 4 4 3
q 4
m 5 6 2
m 1 1 0
m 2 1 4
m 2 4 2
p
m 3 0 6
f 3
m 4 5 3
m 5 0 3
m 5 5 2
q 5
m 1 3 1
m 1 0 0
q 1
m 2 3 3
m 2 6 1
m 3 0 5
m 3 5 3
m 4 0 3
m 4 5 2
b 4
m 5 1 1
m 1 6 2
m 2 1 2
m 4 0 5
m 4 6 3
q 4
g 4 0 1
g 5 1 0
m 1 0 5
m 3 1 3
m 3 2 2
m 4 4 1
m 5 1 5
m 2 2 3
m 3 1 5
m 3 5 2
m 4 0 6
q 4
m 5 0 3
m 1 6 0
m 1 4 0
m 2 1 2
m 2 3 2
g 2 0 3
m 3 0 5
m 3 5 2
m 4 0 5
m 4 5 0
p
m 5 1 2
m 1 1 5
m 1 4 2
q 1
m 2 3 2
m 3 0 3
m 4 1 5
m 4 5 3
q 4
m 5 1 2
m 1 1 2
m 1 1 0
p
m 2 1 2
m 3 5 2
m 3 2 3
m 4 1 1
m 5 4 3
f 5
p
m 1 0 3
m 1 0 0
m 2 0 3
b 2
m 3 0 3
m 4 1 2
q 4
m 5 5 0
m 1 1 2

