B 20 17 5 53
m 1 1 2
m 1 16 1
m 2 9 10
m 2 2 3
m 3 7 16
f 3
m 4 8 4
m 5 6 7
m 1 1 8
m 1 14 16
m 2 6 16
m 3 9 2
b 3
g 3 3 2
m 4 2 4
m 4 19 15
q 4
m 5 7 11
m 5 16 1
f 5
m 1 7 18
m 1 5 9
q 1
m 2 11 9
q 3
g 3 2 9
m 4 15 6
m 4 1 3
m 1 9 0
m 2 0 11
m 3 16 5
m 3 0 16
b 3
q 3
m 4 7 13
m 4 3 13
m 5 2 0
m 1 16 14
m 2 1 11
b 2
q 2
m 3 6 7
m 5 5 15
m 5 2 15
m 1 1 6
m 1 2 13
m 2 12 7
m 2 10 1
m 3 8 11
g 3 16 6
m 4 13 12
m 4 2 5
m 5 9 9
m 1 4 17
m 1 7 6
m 2 9 1
m 2 19 2
m 3 1 14
m 4 13 7
m 4 10 4
f 4
m 5 13 8
m 1 16 15
m 1 11 7
m 2 10 6
m 2 3 3
m 3 8 0
q 3
m 4 15 6
m 4 6 5
m 5 1 9
m 5 18 7
m 1 8 16
m 2 10 3
m 3 8 18
q 3
m 4 10 10
m 4 17 14
m 1 13 5
m 1 13 15
q 1
m 2 16 2
q 2
m 3 13 1
q 3
m 4 17 8
b 4
m 5 11 10
f 5
b 1
m 2 9 11
m 3 0 12
m 3 15 11
m 4 5 8
m 5 7 10
f 5
m 1 5 17
m 1 4 5
q 1
m 2 1 3
m 2 16 13
b 2
f 2
m 3 5 9
m 3 17 11
m 4 3 13
m 4 19 3
b 4
m 5 11 4
m 1 18 6
m 1 9 10
m 2 11 2
m 2 18 11
m 4 16 7
m 4 1 10
m 5 16 19
m 5 7 3
q 5
p
m 1 12 17
g 1 4 2
m 2 14 0
m 2 2 16
m 3 3 14
m 4 19 9
f 4
m 5 9 16
m 5 17 14
m 1 15 11
m 2 3 9
m 2 9 4
b 2
m 3 1 18
f 3
m 4 13 5
m 5 10 15
m 5 3 8
m 1 10 8
f 1
m 2 14 13
m 2 4 9
m 3 1 1
m 3 17 16
m 4 8 8
m 4 1 12
m 5 8 14
m 1 14 6
f 1
m 2 11 7
m 3 0 17
m 3 3 9
m 5 4 4
m 1 9 6
f 1
m 3 13 13
m 3 15 16
m 4 15 7
b 4
m 5 7 14
m 5 7 13
m 1 2 7
m 1 6 3
m 2 14 14
m 2 11 14
m 3 4 5
m 4 12 15
m 4 18 9
m 5 0 6
f 5
m 1 6 7
m 2 13 9
m 2 18 9
m 3 12 8
m 3 1 15
q 3
m 4 14 19
m 5 10 16
m 1 8 2
m 1 19 13
f 1
q 2
m 3 12 11
m 3 16 7
b 3
m 4 12 1
m 5 3 9
m 1 16 1
b 1
q 1
g 1 16 9
m 2 17 15
m 2 2 15
f 2
m 3 14 12
m 3 19 4
m 4 0 4
m 5 8 11
m 1 12 14
m 1 13 3
q 1
m 2 12 12
m 3 8 11
f 3
m 4 10 4
m 4 9 0
m 5 2 4
m 1 11 16
m 1 19 13
m 2 15 3
m 3 13 12
m 3 6 3
m 4 15 14
m 5 1 15
m 5 10 1
m 1 4 5
m 2 13 6
m 2 11 14
m 3 1 4
m 3 18 9
b 3
m 4 0 13
m 4 10 11
f 4
m 5 11 14
m 5 7 13
m 1 1 18
m 1 13 5
g 1 6 10
m 2 10 14
m 2 2 5
f 2
m 3 0 4
m 4 3 11
b 4
m 5 12 8
f 5
m 1 2 8
m 3 0 0
m 3 9 6
m 4 16 14
m 5 13 18
m 1 17 7
m 2 14 4
m 2 13 9
m 3 10 14
m 3 17 10
m 4 15 18
m 4 16 10
b 4
m 5 16 1
m 1 9 10
m 2 5 5
m 2 6 0
b 2
f 2
m 3 13 11
f 3
m 4 16 7
m 5 14 5
m 5 15 6
m 1 18 5
m 1 5 10
b 1
q 1
m 2 14 6
m 4 3 16
f 4
m 5 4 5
m 5 15 8
m 1 3 18
m 2 11 2
g 2 10 5
m 3 2 4
m 3 5 2
b 3
m 4 15 4
m 1 3 4
m 2 11 6
m 3 2 14
m 4 13 8
m 4 15 4
m 5 6 12
m 5 4 4
m 1 12 17
g 1 16 7
m 2 18 8
m 2 19 8
m 3 18 10
m 4 11 13
m 4 18 2
m 1 2 13
m 2 7 6
m 2 4 15
g 2 5 2
m 3 8 4
m 4 13 15
m 5 6 4
b 5
m 1 12 13
m 1 11 16
m 2 12 4
g 2 10 11
m 3 11 5
m 3 0 0
f 3
g 3 16 3
m 4 11 4
m 5 9 7
m 5 3 12
m 1 14 6
m 2 11 14
m 2 16 2
f 2
m 3 6 16
m 4 15 3
m 4 15 16
g 4 16 8
m 5 16 13
m 1 17 12
f 1
m 2 3 0
m 3 5 12
m 4 7 1
m 5 9 13
m 1 6 16
m 1 1 0
b 1
m 2 12 10
m 2 1 6
f 2
m 3 7 3
b 3
q 3
m 4 10 6
m 4 17 12
q 4
m 5 12 6
m 1 12 9
m 2 4 9
m 3 6 8
m 3 4 6
f 3
m 4 12 11
m 4 4 4
m 5 14 9
m 5 10 12
m 1 3 9
b 1
m 2 2 17
m 2 15 12
b 2
m 3 0 18
b 3
m 4 0 12
f 4
m 5 15 12
m 5 5 1
m 1 15 4
m 2 19 14
f 2
m 3 14 18
m 3 2 13
m 5 0 12
m 5 1 0
m 1 9 17
m 1 19 6
m 2 1 4
m 2 12 14
m 3 5 12
m 4 3 14
m 5 1 4
m 1 9 7
p
m 2 6 3
m 2 8 15
m 3 1 8
m 3 15 10
m 4 2 13
m 4 4 6
m 5 15 14
m 5 1 0
m 1 2 6
m 1 1 1
m 2 2 12
f 2
m 3 5 0
m 4 7 14
m 5 19 10
m 5 16 12
f 5
m 1 2 15
m 2 10 5
m 2 2 14
m 3 6 12
b 3
p
m 4 3 9
m 5 12 11
m 1 11 2
m 1 18 10
m 2 15 10
m 3 7 1
m 4 15 6
m 4 12 12
m 5 13 8
f 5
m 1 10 4
m 1 14 11
p
m 2 7 4
b 2
m 3 3 8
m 3 5 10
q 4
m 5 14 8
m 5 6 11
m 1 7 8
m 1 8 7
m 2 9 15
m 2 0 0
m 3 13 8
m 4 18 12
m 4 3 5
f 4
m 5 10 2
m 5 17 12
p
m 1 12 11
b 1
m 2 15 2
q 2
m 3 8 0
m 3 3 0
q 3
m 4 0 6
m 5 9 7
m 1 7 19
m 2 13 15
m 3 9 0
m 4 2 1
m 4 11 7
m 5 17 5
m 1 0 17
m 3 2 13
m 4 8 16
m 5 0 7
m 1 1 5
m 1 16 9
m 2 15 3
m 2 19 5
m 3 1 0
b 3
m 4 19 1
m 5 11 11
m 5 16 11
b 1
m 2 15 6
m 2 12 5
m 3 15 6
p
m 5 19 6
m 1 3 5
m 1 16 15
m 2 7 7
m 2 12 8
m 3 2 3
m 3 5 7
m 4 4 16
m 5 12 16
m 1 5 8
m 2 7 9
m 3 1 15
m 4 12 19
m 4 8 1
m 5 12 8
m 5 0 0
f 5
p
m 1 2 14
m 1 11 7
b 1
m 2 14 9
m 2 3 2
m 3 3 4
m 3 0 13
m 4 9 0
m 5 2 14
m 5 13 7
m 1 3 13
b 1
m 2 16 5
m 2 19 8
b 2
p
m 3 1 11
m 3 15 12
m 4 3 11
m 4 14 4
b 4
q 4
m 5 1 4
f 5
m 1 15 14
m 1 8 10
m 2 9 10
m 2 7 16
m 3 13 6
m 3 14 4
m 4 0 17
m 5 6 2
m 1 0 12
m 1 14 12
m 2 6 5
m 3 12 19
m 4 16 9
m 5 4 0
m 1 11 2
m 1 1 15
m 2 0 18
m 2 0 1
g 2 0 1
m 4 8 4
q 4
m 1 6 2
m 1 3 5
m 2 0 14
b 2
m 3 7 19
m 3 14 9
g 3 6 0
m 4 9 7
m 5 2 4
m 1 16 19
m 2 0 17
m 2 0 2
f 2
q 2
m 3 6 4
m 4 1 12
m 4 5 10
f 4
g 4 16 17
m 5 4 5
b 5
f 5
m 1 6 3
f 1
q 1
m 2 10 16
m 2 11 6
m 3 12 11
m 3 9 5
m 4 1 9
b 4
m 5 14 18
f 5
m 1 13 6
m 1 12 4
m 2 11 5
f 2
q 2
m 3 13 18
f 3
m 4 1 4
m 5 19 7
m 5 6 5
b 5
m 1 9 2
p
m 2 13 8
m 2 8 13
m 3 11 4
m 3 5 1
q 3
m 4 8 0
m 4 5 3
m 5 13 17
m 5 13 9
b 5
m 2 2 10
q 2
m 3 0 12
m 4 3 8
m 4 6 6
p
m 5 15 11
m 5 13 7
m 1 18 5
f 1
q 1
m 2 4 5
m 3 0 9
f 3
q 3
m 4 0 11
m 1 1 5
m 1 17 10
m 2 0 9
g 3 2 0
m 4 7 12
m 4 16 7
m 5 7 9
m 1 1 12
m 1 16 6
g 1 0 5
m 2 15 3
m 2 18 2
m 3 14 12
q 3
m 4 2 17
m 5 1 4
b 5
m 2 3 8
m 2 3 3
q 2
m 3 9 8
m 3 14 11
f 3
m 4 14 6
m 1 17 12
f 1
m 2 7 12
m 2 7 8
m 3 10 14
m 3 9 8
m 4 8 11
m 5 14 1
f 5
m 1 7 1
m 1 8 5
m 2 18 7
m 3 0 17
m 4 15 0
m 4 17 2
m 5 5 13
m 5 18 13
m 2 1 7
m 3 2 12
m 3 10 9
m 4 8 9
m 4 18 8
m 5 13 17
m 5 13 10
b 5
m 1 11 4
m 1 15 14
q 1
m 2 12 19
m 2 8 5
m 3 0 19
m 3 8 13
b 3
m 4 0 17
m 4 12 4
m 5 4 13
m 1 5 15
m 1 3 12
m 2 0 16
m 3 3 18
m 4 3 17
m 5 4 16
m 1 5 15
m 2 0 8
m 2 4 6
m 3 14 6
m 4 5 14
m 5 4 5
m 1 4 7
m 1 12 15
m 2 14 9
f 2
m 3 6 9
b 3
m 5 13 15
m 5 14 8
m 1 14 10
m 1 15 4
q 1
m 2 5 5
f 2
m 3 7 3
m 4 13 1
q 4
m 5 16 16
m 1 15 15
m 1 3 11
m 2 4 16
f 2
m 3 0 12
m 4 15 14
m 4 16 10
m 5 11 0
m 1 15 0
m 2 7 14
m 2 1 5
g 2 10 10
m 3 3 6
m 4 0 16
m 5 11 4
m 5 1 13
m 1 1 6
m 1 2 0
m 2 4 16
m 4 0 17
m 5 2 2
m 1 15 11
m 1 17 16
f 1
m 2 15 14
b 2
m 3 19 16
f 3
m 4 12 10
m 4 18 12
m 5 0 11
m 5 10 9
m 1 19 2
m 3 18 15
m 4 6 5
m 5 13 6
b 5
f 5
q 5
m 1 0 17
m 1 17 15
q 1
m 2 15 9
m 2 18 7
g 2 0 0
m 3 3 16
b 3
m 4 13 11
m 4 11 9
m 2 5 7
b 2
m 3 17 4
m 4 2 9
m 5 3 17
f 5
m 1 14 4
m 2 2 13
m 3 2 4
m 3 11 15
m 4 7 10
m 4 19 15
b 4
m 1 12 0
q 1
m 2 15 6
m 2 10 6
m 3 10 15
m 4 10 4
m 5 3 17
m 1 1 11
m 1 10 10
m 2 1 4
m 2 19 12
f 2
m 3 3 11
m 4 13 15
m 4 2 0
q 4
m 5 5 0
m 1 12 9
m 1 9 15
m 2 3 8
m 2 6 6
b 2
m 3 12 6
m 4 5 0
m 5 0 4
m 1 18 16
f 1
m 2 5 13
b 2
f 2
m 3 0 11
m 4 8 11
g 4 14 1
m 5 1 1
m 5 1 11
m 1 13 9
m 1 11 4
f 1
m 2 15 8
m 3 15 3
m 3 0 4
f 3
m 4 15 0
m 4 0 14
m 5 18 6
m 5 14 6
m 1 15 3
m 3 5 0
m 3 4 7
m 4 2 12
m 4 11 14
m 5 5 8
m 1 3 10
p
m 2 16 1
q 2
m 3 1 18
f 3
m 4 11 13
m 5 3 4
m 5 8 8
m 1 8 16
m 2 12 11
m 3 1 17
m 3 14 14
q 3
m 4 18 3
m 5 6 5
m 5 17 15
m 1 6 5
m 1 2 10
q 2
m 3 0 10
b 3
q 3
m 4 1 11
m 4 1 13
m 5 13 17
m 5 5 15
m 1 4 13
m 1 0 6
f 1
m 2 2 16
q 2
m 3 4 2
m 4 9 17
m 4 7 1
p
m 5 8 6
m 1 5 9
f 1
p
m 3 19 14
m 3 13 12
q 3
p
m 4 14 15
b 4
m 5 3 8
m 1 16 2
m 2 0 10
b 2
g 2 14 5
m 3 1 3
m 3 9 1
m 5 1 17
m 5 12 8
m 1 2 0
f 1
m 2 0 13
m 2 5 14
p
m 3 3 12
m 4 0 7
m 5 13 6
m 5 16 15
p
m 1 7 3
m 1 16 14
m 2 6 5
m 2 18 15
q 2
m 3 1 11
m 3 2 14
q 3
m 4 8 16
m 5 8 11
g 5 13 16
m 1 8 4
b 1
m 2 0 18
b 2
m 3 3 0
m 4 0 10
m 4 5 16
g 4 15 8
p
m 5 3 14
m 5 12 1
m 1 1 4
m 1 4 4
m 2 15 3
m 2 1 8
m 3 1 6
m 3 17 3
m 4 11 5
m 4 16 12
m 5 1 11
m 5 0 2
m 1 3 8
m 1 8 12
m 2 3 11
b 2
f 2
m 3 3 13
m 3 3 7
m 4 5 0
m 4 6 0
f 4
m 5 0 18
m 1 16 0
m 2 0 13
m 2 5 8
p
m 3 2 13
b 3
m 4 0 19
m 5 16 5
m 5 10 8
m 1 15 6
m 2 16 9
m 2 1 13
f 2
m 3 10 3
b 3
p
m 4 16 11
m 4 8 13
m 5 1 6
m 5 5 4
p
m 1 13 10
m 2 1 17
m 4 14 4
m 5 3 8
m 5 8 3
q 5
m 1 5 5
m 1 12 12
m 2 14 0
m 2 8 9
f 2
m 3 8 4
m 4 5 0
m 4 12 7
m 5 2 11
m 2 3 16
m 3 12 4
m 3 0 1
m 4 1 4
m 5 1 3
m 1 15 3
m 1 11 10
m 2 2 3
m 3 3 2
m 4 8 4
m 4 0 9
m 5 0 10
b 5
m 1 7 2
m 1 15 16
p
m 2 0 18
m 2 0 10
m 3 15 7
m 4 12 7
f 4
m 5 3 12
m 1 16 14
g 1 2 17
m 2 1 16
m 2 17 5
q 2
m 3 2 14
m 4 4 13
m 5 8 2
m 1 8 15
m 2 5 0
m 2 4 4
m 3 3 4
p
m 4 10 9
g 4 10 2
m 5 4 4
m 1 6 11
m 1 4 10
b 1
m 2 3 16
m 2 15 2
f 2
m 3 15 0
q 3
m 4 1 3
m 5 14 4
m 5 18 4
m 1 14 2
m 1 15 1
q 1
m 2 18 11
m 3 10 14
m 5 0 13
m 1 6 10
m 1 4 16
m 2 8 16
m 2 12 4
m 3 11 4
m 3 12 8
m 4 15 6
m 5 19 15
b 5
m 1 9 9
m 1 11 15
m 2 1 4
m 2 12 4
f 2
m 3 0 13
m 4 11 19
m 4 14 15
m 5 3 9
g 5 16 14
m 1 17 1
q 1
m 2 14 13
m 2 14 2
b 3
m 4 11 5
m 5 17 15
m 1 3 12
m 1 12 1
m 2 3 0
m 2 10 11
f 2
m 3 7 14
f 3
m 4 0 17
m 4 2 11
m 5 8 11
b 5
m 1 1 11
m 1 3 2
m 2 8 16
m 2 14 1
m 3 3 4
m 3 7 1
m 4 14 2
m 5 5 1
m 1 2 1
m 1 15 13
m 2 5 15
m 2 19 10
m 3 1 4
m 3 11 2
f 3
m 4 2 11
m 5 15 3
m 5 11 11
f 5
m 1 15 3
m 2 0 7
m 2 8 14
q 2
m 3 6 17
m 3 17 7
q 3
m 4 0 10
b 4
m 5 15 3
m 5 7 5
b 5
m 1 12 11
m 1 9 12
f 1
q 1
m 2 3 9
m 2 16 6
m 3 0 13
m 4 9 17
m 5 1 3
m 1 13 10
m 1 13 4
m 2 4 11
m 2 16 7
m 3 14 13
m 3 2 0
g 3 2 1
m 4 14 5
m 4 2 11
b 4
m 5 15 6
m 5 7 6
m 3 19 5
m 5 14 9
m 5 12 16
m 1 0 13
m 1 11 2
m 2 13 5
m 3 3 12
m 4 11 19
m 1 12 10
m 2 3 0
m 3 7 5
m 3 14 7
m 4 12 6
m 4 14 9
m 5 17 4
q 5
m 1 2 12
m 1 8 8
m 2 15 5
m 2 9 9
m 3 0 13
m 3 14 6
q 4
m 5 15 6
m 5 14 16
f 5
m 1 6 17
m 2 11 2
m 2 14 0
m 3 12 16
b 3
m 4 0 19
m 5 12 0
m 1 3 14
m 1 16 8
f 1
m 2 0 19
m 2 13 1
b 4
m 5 16 7
m 1 0 3
m 1 7 15
m 2 0 17
m 2 0 7
g 2 13 4
p
m 3 18 11
g 3 2 15
m 4 6 14
m 5 1 18
m 5 9 8
m 1 3 11
m 1 9 13
b 2
m 3 5 12
m 3 16 10
m 4 0 19
f 4
m 5 14 4
m 5 3 0
m 1 0 10
m 2 18 10
m 2 9 7
m 3 4 16
m 4 4 6
m 5 3 12
m 5 17 14
m 1 3 11
m 2 10 9
q 2
m 3 1 11
m 3 10 12
m 4 6 5
m 5 6 4
m 5 18 10
m 1 2 12
m 1 4 7
m 2 7 0
m 2 0 15
m 3 9 17
m 4 5 0
m 5 1 4
m 1 12 11
m 1 7 16
m 2 7 10
m 3 0 19
m 3 11 12
m 4 11 19
m 5 0 13
b 5
m 1 14 18
m 1 4 8
m 2 1 4
m 2 19 11
b 2
q 2
m 3 14 13
m 4 6 17
m 4 16 9
m 5 9 17
m 5 6 13

