B 8 6 4 7
m 1 3 5
m 1 2 4
m 2 5 6
m 3 0 3
m 3 7 5
q 3
m 4 2 3
p
m 1 1 2
m 1 7 1
g 1 3 0
m 2 2 0
m 3 1 1
m 4 1 0
m 4 4 2
b 4
f 4
q 4
m 1 2 2
q 1
m 2 0 7
m 2 3 0
m 3 5 2
f 4
m 1 3 6
m 3 5 4
m 3 7 5
m 4 1 2
m 1 3 1
m 1 0 3
m 2 3 4
m 2 5 2
m 3 0 6
m 3 5 0
m 4 0 4
m 4 5 4
m 1 3 5
m 2 5 2
f 2
m 3 5 4
m 3 3 2
m 4 1 2
m 1 0 4
m 1 4 4
m 2 1 4
m 2 1 0
m 3 1 0
m 4 3 6
m 1 1 4
m 1 7 1
m 2 2 1
m 2 1 5
m 3 1 5
m 3 3 2
m 4 1 5
m 1 3 7
m 2 1 0
m 2 6 0
m 3 3 3
f 3
m 4 5 4
m 4 2 2
m 1 0 7
m 1 1 0
m 2 3 4
m 2 3 4
m 3 0 3
m 3 7 5
m 4 0 0
b 4
q 4
m 1 0 4
m 1 0 3
f 1
g 1 0 1
m 2 3 5
m 3 3 1
m 3 6 3
m 4 5 0
m 1 5 5
m 2 4 1
m 2 6 4
q 2
m 3 1 0
m 3 3 4
m 4 2 2
m 4 1 0
m 2 3 7
b 2
f 2
m 3 1 6
m 3 2 4
m 4 0 1
m 4 6 3
b 4
m 1 0 5
m 2 0 4
m 1 3 5
m 2 0 7
m 2 2 3
q 2
m 3 0 3
m 3 0 4
q 3
m 4 2 6
m 4 3 2
m 1 2 0
m 2 3 7
m 4 5 1
f 4
m 1 5 2
m 1 0 2
m 2 2 6
m 2 1 1
q 2
q 3
m 4 5 0
m 4 3 2
m 2 7 5
m 2 5 0
m 3 1 5
m 4 7 2
f 4
p
m 1 2 1
m 1 4 1
m 2 1 3
m 3 0 0
m 4 1 0
m 4 0 2
g 4 4 1
m 1 2 1
m 2 4 7
m 3 3 7
p
m 1 6 5
b 1
m 2 5 4
m 3 4 5
b 3
m 4 5 2
f 4
g 4 4 5
m 2 2 4
m 2 7 5
m 3 0 7
m 3 6 2
q 3
m 4 5 4
m 4 0 1
m 1 5 0
m 1 3 5
b 1
m 2 3 7
m 2 0 4
m 4 4 7
m 1 3 2
m 2 2 5
m 3 0 7
b 3
m 4 0 4

