B 4 9 6 4
m 1 0 0
m 1 3 0
m 2 2 5
m 3 4 2
m 4 4 0
m 4 2 2
m 5 7 3
m 5 3 0
q 5
m 6 3 0
m 6 0 1
q 6
m 1 3 1
m 1 0 3
p
m 2 7 0
m 2 1 8
f 2
m 3 7 3
f 3
m 4 6 0
m 5 0 0
m 6 2 2
m 6 2 5
b 6
m 1 3 2
g 1 2 2
m 2 7 1
m 2 2 6
b 2
m 3 8 0
m 3 2 8
f 3
m 4 6 3
m 4 1 3
m 5 2 4
m 5 3 2
g 5 3 1
m 6 6 1
m 6 2 6
m 2 6 1
m 3 2 4
m 4 7 3
p
m 5 2 0
m 5 1 7
f 5
q 5
m 6 3 7
m 1 0 7
m 2 0 0
m 3 3 5
m 3 1 4
m 4 0 1
f 4
m 5 0 0
q 5
m 6 7 2
m 6 0 6
p
m 1 2 0
m 2 5 1
m 2 0 5
b 2
m 3 3 2
f 3
m 4 3 7
m 5 6 3
b 5
m 6 2 2
m 1 1 4
m 1 2 4
q 1
m 2 5 1
m 2 0 6
m 3 1 2
m 4 3 2
m 5 7 0
m 5 1 3
q 5
m 6 5 1
q 6
m 1 0 1
f 1
m 2 6 3
m 3 2 0
m 3 2 0
m 4 3 3
m 5 1 2
m 6 1 1
m 6 2 6
m 1 3 2
m 1 2 7
f 1
m 2 3 3
m 3 4 3
q 3
g 3 7 3
m 4 1 2
m 4 0 8
m 5 3 1
m 5 3 3
m 6 1 2
m 1 7 0
p
m 2 4 0
m 3 2 0
m 3 1 3
q 3
m 4 7 0
m 4 3 0
m 5 3 5
m 5 0 5
f 5
m 6 0 0
m 1 3 7
p
m 2 2 7
m 3 5 1
m 3 3 7
m 4 4 3
m 4 0 4
m 6 8 3
m 6 2 4
m 1 6 1
m 2 0 6
m 3 2 0
m 4 0 1
m 5 8 3
m 5 2 1
m 6 1 1

