B 7 10 5 16
m 1 0 6
m 1 1 6
q 1
m 2 2 2
m 3 2 6
m 4 0 5
m 5 7 4
q 5
m 1 1 0
m 2 7 1
m 2 4 7
m 3 1 8
m 3 3 1
m 4 5 9
m 4 4 0
m 5 3 6
m 5 6 8
p
m 1 1 5
m 1 6 1
m 3 9 3
m 4 0 3
q 4
g 4 2 2
m 1 1 0
m 2 3 6
m 2 2 6
m 3 1 5
q 3
m 4 5 6
m 4 0 4
p
m 5 2 1
m 1 6 6
m 2 5 6
m 2 4 9
m 3 2 4
m 3 1 9
m 4 3 1
m 4 6 5
f 4
q 4
p
m 5 1 3
m 5 5 8
m 1 3 2
m 1 5 3
g 1 0 4
m 2 0 0
m 2 5 1
m 4 2 4
m 5 5 4
m 5 5 2
m 1 8 3
b 1
m 3 5 3
p
m 1 2 4
m 1 5 2
m 2 4 6
m 2 4 8
b 2
m 3 8 3
m 3 2 5
m 4 0 2
m 4 6 5
m 5 1 4
m 1 3 3
m 1 0 9
q 1
m 2 7 3
p
m 3 0 8
m 4 5 5
m 4 4 7
f 4
m 1 2 4
m 2 2 1
m 2 3 6
m 3 6 9
m 4 7 3
m 5 6 4
m 5 1 0
m 1 4 4
m 2 2 0
m 4 1 5
p
q 5
m 1 3 2
m 2 1 0
m 2 0 4
m 3 0 7
m 3 6 2
m 4 6 5
m 5 7 3
m 5 0 1
p
b 1
q 1
m 2 3 7
m 2 4 7
m 3 3 5
m 4 5 2
m 4 2 9
m 5 0 5
m 5 1 3
m 1 4 4
m 1 5 7
m 2 5 4
b 2
m 3 1 0
m 4 3 5
m 4 2 6
m 5 0 3
b 5
f 5
m 1 8 2
m 1 2 5
m 2 0 1
m 3 3 6
m 3 4 0
q 3
m 4 0 5
m 4 4 3
m 5 0 5
m 1 4 7
q 1
m 2 2 5
m 2 3 5
m 3 4 5
m 3 3 9
m 4 4 8
m 4 2 8
m 5 5 7
m 1 3 2
m 1 5 2
m 2 8 3
m 2 3 9
m 3 7 2
m 3 4 9
m 4 7 6
m 4 3 4
q 4
m 5 7 2
m 1 0 3
q 1
m 2 3 6
m 3 2 4
m 3 2 4
m 4 2 4
m 4 5 5
m 5 0 5
m 5 1 7
m 1 3 6
m 2 5 0
g 2 3 0
m 3 3 3
f 3
m 4 0 3
b 4
m 5 3 2
m 5 1 5
m 1 0 6
f 1
m 2 7 6
m 2 3 3
m 3 8 3
m 4 5 2
m 5 3 0
m 5 6 8
f 5
p
m 1 7 2
m 1 3 4
m 2 2 7
m 2 2 2
f 2
m 3 3 2
m 3 3 1
m 4 1 4
m 4 4 4
p
m 5 8 3
q 5
m 1 1 1
f 1
m 2 3 4
m 2 6 7
b 2
m 3 0 6
m 4 0 6
m 4 5 6
b 4
m 5 0 9
m 1 1 4
m 1 0 2
m 2 8 3
m 3 4 0
m 4 2 4
b 4
p
m 5 2 1
g 5 6 6
m 1 8 3
q 1
m 2 6 5
f 2
g 2 2 0
m 3 8 3
m 3 4 9
p
m 4 3 6
m 4 3 6
m 5 3 6
m 1 2 1
m 1 4 3
m 2 3 2
m 3 3 6
m 3 5 4
m 4 1 4
m 5 8 3
m 1 2 1
m 1 6 8
f 1
m 2 3 2
f 3
m 4 0 6
m 5 4 7
m 1 2 1
m 1 4 6
m 2 0 3
b 2
m 3 5 3
m 4 2 1
m 4 4 8
m 5 3 2
m 1 3 2
m 1 5 9
b 1
g 1 3 1
m 2 3 3
m 3 3 2
m 3 3 2
m 4 3 2
m 5 8 3
f 5

