B 4 9 2 31
m 1 3 6
b 1
m 2 5 1
m 2 3 0
b 2
m 1 7 1
m 1 2 5
m 2 2 1
m 1 0 0
m 1 0 4
m 2 1 0
m 1 5 3
m 1 2 0
m 2 6 2
m 1 7 1
m 1 0 0
m 2 0 8
m 2 0 5
q 2
m 1 5 3
p
m 2 2 6
m 1 1 6
m 1 1 3
g 1 0 3
m 2 6 0
b 2
m 1 3 1
m 1 3 8
m 2 4 2
m 2 2 3
m 1 2 3
m 1 1 1
m 2 7 2
m 1 0 6
f 1
m 2 3 4
m 2 1 0
m 1 2 4
m 2 2 1
q 2
m 1 5 1
m 1 2 5
m 2 2 1
m 2 1 0
m 1 8 1
m 2 8 2
m 2 1 1
g 2 8 3
m 1 7 2
b 1
m 2 7 0
m 2 3 8
f 2
m 1 7 1
m 1 1 3
m 2 0 4
m 2 2 6
q 2
m 1 0 0
f 1
g 1 0 3
m 2 3 0
f 2
m 1 2 3
m 2 7 1
f 2
q 2
m 1 1 5
m 2 0 2
m 1 4 1
m 1 3 8
p
m 2 5 3
b 2
m 1 5 3
m 2 2 3
m 1 8 2
m 2 8 1
m 2 1 6
m 1 1 0
b 1
m 1 4 1
m 2 2 1
m 2 2 7
m 1 2 2
m 1 0 3
m 2 5 3
m 2 0 4
m 1 2 3
m 2 2 1
g 2 0 2
m 1 7 0
b 1
m 2 7 1
m 1 3 3
m 1 1 7
m 2 5 3
m 2 2 5
m 2 2 1
m 2 2 5
m 1 3 5
m 1 0 3
q 1
m 2 3 7
m 2 1 1
m 1 3 1
m 2 2 1
m 2 2 8
m 1 4 1
g 1 7 3
m 2 4 1
m 2 2 3
m 2 3 7
m 1 8 1
m 2 4 1
p
m 1 3 2
m 2 1 0
q 2
m 1 0 6
b 1
m 2 7 0
m 2 1 4
b 2
m 2 8 1

