B 4 10 2 11
m 1 2 4
m 1 2 7
m 2 6 0
m 2 3 5
m 1 2 1
m 2 1 5
m 2 3 8
m 1 8 2
m 1 3 5
m 2 6 1
m 2 2 7
m 1 0 7
q 1
m 2 4 0
m 2 1 1
b 2
m 1 7 1
q 1
m 2 3 1
m 1 8 2
q 1
m 1 0 1
m 1 0 1
f 1
m 2 1 4
p
m 1 6 2
m 1 1 7
m 2 0 3
m 2 1 1
b 2
m 1 0 0
m 1 1 2
m 2 9 2
m 2 2 2
m 1 3 3
m 1 3 4
m 2 0 3
m 2 1 0
f 2
m 1 1 2
m 2 3 1
m 2 2 1
q 1
m 2 2 0
b 2
m 1 3 1
m 2 2 5
b 2
f 2
m 1 2 7
m 1 1 7
m 2 2 0
m 2 2 1
f 2
q 2
m 1 9 0
q 1
m 2 6 2
m 2 0 6
m 1 2 0
m 1 0 5
m 2 9 2
m 1 8 2
m 2 9 2
f 2
p
m 1 3 5
q 1
m 2 3 1
m 2 3 1
m 1 1 2
m 2 2 9
q 2
m 1 0 3
m 1 0 0
m 2 8 0
f 2
m 1 3 1
m 1 1 0
m 2 2 3
m 1 6 1
m 1 2 5
m 2 6 2
m 2 2 9
m 1 3 5
m 2 8 2
q 2
g 2 7 2
m 1 4 0
m 1 2 0
m 2 7 3
m 2 3 4
f 2
m 1 9 1
m 1 2 8
m 2 2 3
m 1 9 3
m 1 2 5
m 1 9 1
m 1 0 8
m 2 6 3
m 2 1 0
m 1 3 1
m 1 2 8
m 2 2 9
m 1 9 3
m 1 0 7
m 2 2 0
m 2 0 8
m 2 8 1
m 2 2 7
m 1 7 3
m 1 2 6
f 1
m 2 4 0
m 1 0 2
g 1 5 3
q 2
m 2 2 5
m 2 3 8
m 1 4 0
m 2 2 4
m 2 0 2
m 2 4 0
m 2 0 4
m 1 9 1
m 2 3 5
m 1 0 3
f 1
m 2 0 0
m 1 1 0
m 2 0 3
m 2 3 7
m 1 1 8
m 1 0 8
m 2 2 8

