B 5 6 4 9
m 1 3 1
m 2 2 0
m 3 2 0
m 3 1 4
q 3
m 4 3 3
m 1 5 2
m 1 3 2
m 2 3 5
m 3 3 4
m 3 1 3
m 4 0 0
m 1 2 2
m 1 1 1
m 2 4 2
m 2 2 3
q 2
m 3 1 0
m 3 1 0
f 3
m 4 5 1
m 1 4 0
m 2 5 2
m 2 3 3
m 3 4 2
f 3
m 4 0 0
m 4 3 2
b 4
m 1 0 3
m 1 1 0
m 2 0 2
m 3 5 2
q 3
m 4 3 4
g 4 3 1
m 1 5 2
m 1 3 0
b 1
m 2 5 4
m 3 5 1
m 3 1 2
b 3
m 4 4 4
m 1 5 2
m 1 4 5
q 1
p
m 2 3 4
b 3
g 3 0 2
m 4 1 4
m 1 5 0
m 1 1 2
m 3 3 3
m 4 5 1
m 4 1 5
m 1 1 4
m 2 1 2
m 2 2 5
m 3 4 0
m 3 2 5
q 3
m 4 3 3
m 1 3 1
m 1 1 5
m 2 5 0
m 2 3 1
b 2
p
m 3 3 4
m 3 2 4
m 4 1 0
b 4
m 1 3 4
m 2 3 4
m 3 5 0
g 3 2 3
m 4 4 4
m 4 0 2
g 4 5 3
p
m 1 4 0
m 2 4 0
p
m 4 4 0
m 4 4 0
m 1 5 0
m 2 0 1
m 2 2 2
m 4 1 2
m 1 4 3
m 2 1 4
m 2 3 3
m 3 2 2
m 3 0 3
m 4 0 3
f 4
m 1 1 2
g 1 4 3
p
m 2 1 2
m 2 3 1
m 3 5 0
m 3 4 2
m 4 1 2
m 4 0 2

