B 8 7 2 52
m 1 2 2
m 2 4 6
m 2 4 5
m 1 3 6
m 2 1 4
f 2
m 1 3 3
m 2 6 1
m 2 0 0
m 1 2 4
m 2 5 5
m 2 6 2
m 1 5 0
m 1 5 4
m 1 2 5
q 1
m 1 4 0
m 1 4 2
m 2 1 1
m 1 2 6
m 2 0 2
q 2
m 1 5 2
m 1 1 3
m 2 3 0
m 2 0 1
m 1 4 3
m 2 0 1
m 2 4 2
f 2
q 2
m 1 7 2
f 1
m 2 3 7
m 1 4 2
m 1 3 4
p
m 2 4 7
p
m 1 2 4
m 2 0 0
f 2
m 1 5 3
m 1 2 3
q 1
g 1 1 6
m 2 7 5
m 1 4 0
m 1 7 1
m 2 5 0
m 2 4 5
m 1 0 1
p
m 2 3 6
m 2 1 0
f 2
p
m 1 4 6
m 1 1 1
b 1
m 2 1 3
m 1 2 3
m 2 1 2
m 2 2 6
b 2
f 2
q 2
m 1 4 6
m 1 3 6
b 1
m 2 4 0
m 2 7 0
q 2
m 1 5 1
b 1
m 2 6 1
m 2 4 0
q 2
m 1 6 5
m 2 3 0
m 1 4 2
m 1 0 1
f 1
m 2 5 0
m 1 6 7
m 1 2 4
f 1
m 2 3 2
m 1 4 7
m 1 7 2
m 2 6 5
m 2 5 2
f 2
g 2 2 2
m 1 5 3
m 1 5 4
p
m 2 4 7
m 2 4 6
m 1 6 7
m 1 2 5
q 1
m 2 2 0
b 2
m 1 6 2
m 2 4 6
b 2
q 2
m 1 4 7
m 2 1 4
m 2 3 5
q 2
m 1 3 0
q 1
m 2 3 6
m 1 6 6
m 1 1 6
b 1
m 2 3 6
g 2 3 1
m 1 6 7
g 1 5 3
m 2 1 4
m 1 4 2
m 1 4 1
m 2 3 6
m 1 2 5
m 1 7 3
f 1
m 2 0 6
m 1 3 0
m 1 7 2
m 2 5 1
m 1 0 4
m 1 3 1
m 2 6 7
m 2 1 2
m 1 1 5
m 1 3 6
q 1
m 2 3 0
m 2 1 4
m 1 4 4
m 1 5 1
m 2 7 3
m 1 6 5
m 2 3 6
m 2 0 1
m 1 1 2
m 2 7 0
m 2 5 6
m 1 5 0
m 1 5 0
m 2 3 6
m 2 1 1
m 1 4 6
m 2 1 2
m 1 5 5
m 2 3 6
m 2 3 6
b 2
m 1 2 6
m 2 0 0
m 2 3 6
m 1 1 2
m 1 5 6
f 1
m 2 5 0
m 1 0 6
p
m 2 2 5
m 2 3 0
m 1 0 1
m 2 1 2
m 2 6 4
m 1 3 2
m 1 1 0
m 2 4 7
m 2 1 3
m 1 1 3
m 1 2 5
m 2 0 6
m 1 3 0
m 1 3 4
m 2 0 0
m 2 1 4
m 2 4 4
m 1 5 0
m 1 6 4
b 1
m 2 3 0
m 2 2 2
b 2
m 1 4 7
m 2 5 0
m 2 5 1
m 1 5 0
m 1 7 5
m 1 0 6
m 2 5 5
m 1 1 2
p
m 2 1 2
m 2 5 0

