B 7 6 4 12
m 1 4 0
m 1 6 0
m 2 1 2
m 3 5 5
b 3
m 4 0 1
g 4 2 1
m 1 2 0
m 2 3 5
g 2 5 5
m 3 3 3
m 3 6 3
f 3
m 4 0 1
q 4
m 1 2 0
m 2 2 0
m 3 5 2
m 3 0 2
b 3
m 4 0 0
m 4 5 5
q 4
m 1 1 4
m 1 4 5
m 2 3 5
m 2 5 1
b 2
m 3 4 2
m 3 5 4
q 3
m 4 5 4
f 4
m 1 5 4
b 1
q 1
m 2 1 4
m 2 1 1
m 3 1 2
b 3
m 4 1 4
m 4 4 5
g 4 1 1
m 1 3 4
m 1 0 0
f 1
m 2 0 2
m 3 3 0
b 3
m 4 4 6
m 1 1 5
m 2 2 2
m 3 3 5
m 4 4 0
m 4 5 4
q 4
m 1 2 6
m 2 3 4
m 3 1 4
m 4 6 3
m 1 4 2
m 2 1 3
g 2 4 5
m 3 4 6
f 3
m 1 5 6
m 2 4 4
b 2
g 2 4 1
m 3 3 1
m 3 6 5
q 3
m 4 0 5
m 4 4 5
b 4
m 1 3 4
m 2 2 4
m 3 3 0
m 3 6 2
q 3
m 4 6 5
m 1 0 5
m 1 0 4
f 1
m 2 0 1
m 3 3 0
m 3 6 1
m 4 0 1
m 1 3 2
m 1 6 2
m 2 5 2
m 3 3 3
m 4 4 6
m 4 6 2
q 4
m 1 0 1
m 2 6 5
m 3 0 5
m 3 6 0
p
m 4 2 5
m 1 4 6
p
m 2 3 0
m 2 2 4
m 3 3 0
m 3 3 5
m 4 4 3
m 4 3 1
p
m 1 4 6
m 2 2 2
m 3 0 1
m 3 1 5
m 4 4 6
m 4 4 3
q 4
m 1 3 0
m 1 0 5
m 2 0 1
m 2 4 1
m 3 2 4
m 4 5 5
m 4 5 5
f 4
q 4
g 4 4 4
m 1 0 5
m 1 0 1
m 2 5 4
m 2 2 4
f 2
m 3 3 5
m 3 2 1
m 4 0 1
m 2 0 5
b 2
f 2
q 2
m 3 1 0
m 4 3 2
m 1 2 0
m 1 3 3
q 1
f 2
q 2
m 3 0 5
m 3 1 1
g 3 4 2
p
m 4 3 0
m 1 3 0
m 2 3 2
m 2 4 3
f 2
m 3 2 1
m 3 2 0
m 4 2 2
f 4

