B 5 5 5 3
m 1 0 0
q 1
m 2 2 1
m 3 4 3
m 3 3 0
m 4 3 0
p
m 1 1 1
m 2 0 2
m 2 4 2
f 2
m 3 0 4
m 3 0 1
f 3
m 4 1 0
m 4 2 2
q 4
m 5 0 0
m 5 0 2
q 2
m 3 1 0
m 3 0 1
p
m 4 1 3
m 5 0 2
m 1 2 3
b 1
m 2 4 3
m 2 1 3
m 3 0 2
m 4 4 1
m 4 4 1
m 5 1 0
m 2 4 4
m 2 0 2
q 2
q 3
m 4 3 0
g 4 2 4
m 5 3 3
m 5 0 3
f 5
m 1 1 3
m 1 0 3
p
m 2 1 3
m 2 0 3
m 3 1 3
m 3 0 4
m 4 4 1
m 4 0 1
m 5 4 3
m 1 1 3
m 1 1 0
m 2 4 1
m 3 3 0
q 3
m 4 2 0
m 5 1 1
m 1 4 2
m 2 2 1
m 3 2 3
m 4 3 0
g 4 0 3
m 5 0 4
m 1 0 0
q 1
m 2 3 0
q 2
m 3 4 4
m 3 4 4
m 4 3 1
b 4
m 5 0 1
m 5 3 1
m 1 4 3
m 2 0 4
m 2 0 3
f 2
p
m 3 0 4
m 4 2 3
m 5 4 1
m 5 4 4
q 5

