B 8 9 4 19
m 1 6 0
m 1 5 2
b 1
m 2 6 7
q 2
m 3 1 3
m 3 7 3
m 4 6 1
m 1 4 4
m 1 0 7
m 2 1 0
m 2 6 5
m 3 4 5
b 3
m 4 4 1
m 4 4 4
m 1 3 6
m 1 7 3
m 2 5 5
m 2 7 2
m 3 0 3
b 3
m 4 8 4
m 4 0 5
m 1 5 0
m 1 0 3
q 1
m 2 0 4
m 3 7 2
q 3
m 4 6 1
b 4
m 2 6 4
m 2 7 8
b 3
q 4
m 1 3 1
m 2 6 0
m 3 5 7
m 4 2 4
m 1 0 2
m 2 1 0
q 2
m 3 0 6
m 3 1 5
f 3
m 4 6 2
f 4
m 1 7 3
b 1
q 1
m 2 6 3
q 2
m 3 3 2
m 3 3 5
m 4 5 7
m 1 4 7
m 1 0 4
m 2 7 1
m 3 1 0
m 3 5 3
m 4 2 8
b 4
m 1 3 4
m 1 7 0
m 2 2 7
m 2 1 2
m 3 8 5
m 4 7 7
m 1 8 3
m 1 4 1
m 2 4 7
f 2
m 3 5 7
m 3 1 1
m 4 4 1
m 1 6 4
q 1
g 1 5 0
m 2 7 0
b 2
m 3 6 4
m 3 2 8
f 3
m 4 7 1
m 4 4 4
f 4
m 1 6 2
m 2 6 1
m 2 5 4
m 3 6 5
m 4 3 3
f 4
m 1 2 3
m 2 1 8
m 3 0 3
m 4 7 1
m 1 7 3
m 2 3 4
m 3 5 1
m 3 2 7
m 4 6 4
q 4
m 1 4 7
g 1 3 1
b 2
m 4 0 0
m 1 2 4
m 2 5 6
m 2 2 3
m 3 0 2
m 3 5 2
m 4 5 2
b 4
m 1 3 4
m 1 7 0
m 2 0 2
m 2 0 3
m 3 7 3
m 3 6 0
m 4 5 7
m 4 2 7
m 1 2 2
m 1 6 4
m 2 4 0
q 2
m 3 0 2
m 3 7 5
m 1 8 0
m 1 7 6
m 2 0 4
m 2 3 1
b 2
m 3 8 4
b 3
m 4 7 3
m 4 7 0
m 1 8 4
m 2 8 6
m 3 1 0
m 3 1 2
m 4 2 2
m 1 2 4
m 1 4 5
m 2 7 4
m 3 1 2
b 3
m 4 5 2
m 4 3 5
m 1 6 4
m 1 3 2
q 1
m 2 4 8
m 3 1 0
m 4 6 1
b 4
m 1 1 2
m 2 8 3
m 2 4 4
f 2
m 3 8 5
m 4 1 0
m 4 0 6
m 1 2 6
b 1
m 2 1 2
m 3 5 8
g 3 4 2
m 4 4 1
m 4 0 0
m 1 2 4
m 2 7 3
b 2
m 4 5 2
m 4 5 2
m 1 3 8
m 2 6 6
m 2 1 6
m 3 6 5
m 3 7 0
m 4 2 4
m 4 4 6
m 1 3 6
m 2 5 2
m 2 5 3
p
m 4 3 4
m 4 2 3
p
m 1 3 4
m 1 5 3
m 2 2 4
m 2 6 8
m 3 7 3
m 4 0 8
m 4 4 1
m 1 4 1
g 1 7 5
m 2 7 3
m 3 7 6
m 3 6 6
m 4 4 1
m 4 0 7
m 1 0 0
f 1
f 2
q 2
m 3 4 1
m 3 2 7
m 4 1 3
m 1 1 2
b 1
f 1
m 2 5 2
m 4 1 2
m 4 5 3
q 4
m 1 7 3
m 1 2 4
b 1
m 2 0 3
m 2 7 7
m 3 1 2
m 3 5 0
p
m 4 3 4
f 4
m 1 5 2
m 1 7 8
m 2 2 4
q 2
m 3 0 3
b 3
m 4 4 1
m 4 5 4
m 1 0 1
m 2 7 3
f 2
m 3 7 1
b 4
m 1 1 2
m 1 0 7
p
m 2 5 7
m 2 2 5
f 2
g 2 0 0
m 3 0 2
m 3 7 3
f 3
m 4 2 4
m 4 5 7

