B 6 8 6 6
m 1 3 1
m 1 4 3
b 1
m 2 6 2
f 3
b 4
q 4
m 5 4 3
m 5 1 1
m 6 5 1
m 1 7 1
m 1 4 1
f 1
m 2 5 2
m 4 4 2
m 5 2 3
m 6 0 2
m 6 2 4
m 2 0 0
m 3 3 6
m 4 7 2
m 4 1 0
m 5 0 2
m 6 6 2
m 1 3 0
m 1 1 6
m 2 4 4
m 2 4 2
b 2
m 3 7 4
m 3 4 2
b 3
f 4
m 5 6 0
m 5 0 5
q 5
m 6 2 3
m 1 2 3
m 2 2 2
m 2 0 1
m 3 0 5
m 3 1 7
m 4 7 3
m 4 2 6
m 5 2 1
m 6 4 4
m 6 4 7
m 1 4 0
m 1 1 2
m 2 5 4
m 3 4 0
m 3 2 3
m 4 5 5
m 4 5 1
m 5 4 1
m 6 4 3
q 6
m 1 0 0
b 1
p
m 2 7 2
m 3 0 2
m 4 3 3
m 5 6 5
m 5 2 7
f 5
q 5
m 6 5 4
m 1 5 4
m 1 1 3
m 2 5 4
m 3 3 7
b 4
f 5
m 6 0 4
m 6 4 2
f 6
m 1 5 4
m 3 5 1
m 3 3 0
m 4 6 0
b 4
f 4
g 4 7 4
m 5 3 5
p
m 6 2 3
m 6 4 4
m 1 7 0
m 1 5 3
p
m 2 0 5
q 2
m 3 5 2
m 4 1 4
m 4 3 4
m 5 5 5
m 1 1 1
m 2 2 5
m 3 3 0
m 4 0 2
m 4 3 1
m 5 6 5
m 5 4 6
f 5
m 6 5 4
m 6 2 5
b 6
m 1 0 2
m 1 2 3
q 1
m 2 0 5
m 3 5 1
m 3 4 5
m 4 0 4
b 5
m 6 5 1
m 6 5 5
b 6
f 6
m 1 0 5
q 2
m 3 3 0
m 4 2 3
m 5 2 5
m 5 3 5
m 6 1 5
m 1 4 2
m 1 2 1
m 2 2 3
m 2 2 6
m 3 1 5
m 4 6 0
f 4
m 5 3 0
m 5 1 0
q 5
m 6 7 0
m 6 4 3
q 6
m 1 2 3
b 1
m 2 3 4
m 2 2 7
f 2
m 3 5 5
m 3 3 5
m 4 0 2
q 4
m 5 7 0
m 6 6 0
m 6 1 0
b 6
f 6
m 1 2 3
b 1
m 2 5 6
q 2
m 3 4 5
m 4 6 0
m 5 2 3
b 5
m 6 0 3

