B 7 5 3 17
m 1 1 0
m 1 6 1
m 2 1 1
m 3 0 2
q 3
m 1 4 1
f 1
m 2 1 5
m 3 2 4
m 1 1 2
f 1
m 2 4 0
q 2
m 3 2 3
f 3
m 1 2 6
m 2 3 5
m 3 1 2
m 3 5 4
m 1 2 2
m 1 2 0
m 2 0 3
m 2 5 3
m 3 6 3
q 3
m 1 0 0
m 2 1 0
m 2 3 0
b 2
m 3 4 6
m 1 3 4
m 1 6 2
m 2 0 6
m 2 2 1
m 3 2 3
m 1 4 6
m 1 0 3
m 2 1 3
m 3 6 0
m 1 2 4
m 1 2 3
m 2 4 2
m 3 1 0
m 3 6 4
g 1 1 1
m 2 6 2
m 3 2 3
m 1 6 0
m 2 1 3
m 3 0 5
m 1 1 0
m 1 2 3
f 1
m 2 2 3
m 2 4 2
m 3 1 0
m 3 4 4
f 3
m 1 4 1
m 2 3 2
m 2 2 3
m 3 1 4
m 3 4 2
b 3
m 1 5 0
m 2 3 3
m 2 5 4
m 3 1 2
m 1 4 0
f 1
m 2 1 0
m 3 1 0
m 3 6 3
m 1 1 3
m 1 1 2
m 2 5 1
m 2 4 3
m 3 2 5
m 3 1 2
m 1 1 0
m 1 0 1
m 2 4 0
m 2 3 2
f 2
m 3 2 5
m 3 5 1
m 1 3 3
m 3 1 3
m 3 1 1
m 1 4 0
m 2 1 3
m 3 6 2
m 3 6 4
m 1 0 2
m 1 0 0
m 2 2 5
m 3 4 0
m 3 3 1
m 1 2 5
m 1 4 3
p
m 2 2 5
m 2 5 4
m 3 2 5
m 1 1 3
f 1
m 2 4 0
m 3 0 2
q 3
m 1 5 4
m 2 2 4
m 3 4 0
f 3

