B 10 19 3 57
m 1 6 1
m 1 0 1
m 2 14 2
m 2 9 4
m 3 3 2
m 1 0 8
m 1 9 13
m 2 9 6
f 2
p
m 3 10 1
m 1 6 5
m 1 9 10
q 1
m 2 2 7
m 2 1 0
m 3 12 7
m 2 6 8
m 3 15 4
m 1 15 4
m 1 1 18
m 2 18 0
m 2 0 12
m 3 9 0
m 3 0 1
m 1 18 4
m 1 4 12
m 2 3 4
m 3 13 3
m 1 2 7
m 1 0 7
b 1
m 2 1 4
f 2
m 3 1 2
m 3 1 8
q 3
m 1 4 5
m 1 0 11
m 2 1 8
m 2 9 8
b 2
m 3 16 3
m 3 8 7
m 1 3 1
b 1
m 2 5 8
m 2 4 12
m 3 11 2
m 1 2 8
m 1 2 9
f 1
g 1 8 5
m 2 4 5
m 2 5 10
m 3 0 5
f 3
m 1 6 11
m 2 8 16
m 3 12 2
m 1 12 1
q 1
m 2 15 0
m 3 14 4
f 3
m 1 3 11
m 2 18 8
m 2 1 11
p
b 3
m 1 16 1
m 2 1 7
m 2 5 5
b 2
m 3 6 13
m 3 4 3
m 1 9 18
f 1
q 1
m 2 6 1
m 3 15 7
m 1 17 9
m 1 1 7
m 2 3 8
m 2 4 1
m 3 9 0
b 3
m 1 9 12
m 1 1 9
p
m 2 8 9
m 2 6 4
m 3 10 7
m 3 6 8
b 3
q 1
m 2 16 0
m 2 9 0
m 3 4 9
m 1 11 2
m 2 6 5
m 2 1 1
m 3 17 4
m 1 15 5
m 1 6 13
m 2 15 7
m 2 4 8
q 2
p
m 3 5 7
m 3 6 14
m 1 3 1
q 1
m 2 15 4
p
m 3 10 6
m 3 5 11
f 1
m 2 3 16
m 1 1 4
b 1
p
m 2 4 12
q 2
m 3 3 2
m 3 8 11
q 3
m 1 1 8
m 1 0 12
m 2 1 2
m 2 4 4
m 3 3 0
m 1 5 8
m 2 2 0
m 2 16 6
m 3 5 2
m 1 7 18
m 1 7 16
m 2 17 0
m 2 9 14
q 2
m 3 2 4
m 3 4 8
m 1 8 18
q 1
m 2 10 2
m 1 17 1
m 2 13 3
m 2 4 2
m 3 3 5
m 3 1 7
m 1 13 4
m 2 5 2
f 2
m 3 13 3
m 1 6 0
m 2 18 4
m 2 2 14
f 2
m 3 2 16
m 1 5 8
m 2 0 16
m 3 2 2
m 3 1 7
m 1 3 9
m 1 0 11
m 2 15 1
m 2 0 11
b 2
q 2
m 3 3 0
m 3 8 9
m 1 6 0
q 1
m 2 5 1
m 3 15 1
m 3 9 2
m 1 3 9
m 1 3 14
q 1
m 2 5 5
m 2 3 9
m 3 6 4
m 3 3 18
q 3
p
m 1 9 7
m 2 10 6
m 2 8 3
m 3 12 2
b 1
q 1
m 2 18 2
m 3 14 5
m 3 6 16
f 3
g 3 7 6
m 1 3 3
m 1 6 3
b 1
m 2 15 5
b 2
g 2 16 2
m 3 6 1
m 1 7 6
m 1 6 17
f 1
m 2 8 11
m 3 0 6
m 3 7 3
m 1 5 1
f 2
m 3 8 7
b 3
m 1 3 0
m 1 0 2
f 1
m 2 1 9
m 2 2 6
f 2
m 3 16 1
q 3
m 1 4 4
b 1
p
m 2 9 6
m 2 5 9
m 3 8 16
m 1 17 0
m 1 5 12
m 2 14 8
m 3 17 7
m 3 0 10
m 1 6 7
m 2 7 4
m 2 0 9
m 3 15 8
f 3
m 1 4 9
m 1 2 6
m 2 17 9
m 2 4 4
m 3 10 1
m 3 3 18
m 1 0 1
b 1
m 2 9 1
m 2 6 8
m 3 4 15
m 1 6 6
m 2 0 5
m 2 1 4
m 3 12 2
m 3 8 15
m 1 10 3
m 2 17 9
m 2 1 1
m 3 10 3
m 3 6 9
m 1 4 8
m 1 4 15
m 2 4 12
m 2 2 15
q 2
m 3 9 10
m 3 2 15
b 3
q 3
m 1 17 9
m 1 0 18
m 2 13 7
q 2
m 3 16 4
m 3 9 14
m 1 6 18
m 1 1 1
m 2 15 1
m 2 1 15
m 3 12 3
m 3 3 13
m 1 13 4
m 2 9 9
m 3 2 3
m 3 0 9
b 3
m 1 5 11
m 1 7 4
m 2 14 5
m 2 7 1
m 3 12 1
m 1 15 9
m 1 6 14
b 1
p
m 1 0 0
m 2 0 10
m 2 4 15
m 3 6 8
f 3
m 1 1 8
m 1 9 4
m 2 7 14
m 2 1 4
f 2
m 3 1 4
m 3 6 15
m 1 8 5
m 1 2 2
m 2 14 5
m 3 9 17
m 3 0 10
q 3
m 1 2 13
m 1 4 1
f 1
m 2 17 4
m 3 14 4
m 3 9 14
m 1 2 12
m 1 2 3
f 1
m 2 6 8
q 2
m 1 16 9
m 1 7 2
q 1
m 2 17 4
m 3 5 9
m 1 3 18
m 2 6 10
m 3 7 8
m 1 12 8
p
m 2 1 2
m 2 4 15
m 3 5 9
m 3 0 10
m 1 16 5
m 2 5 1
b 2
m 3 0 5
m 3 7 4
m 1 17 8
q 1
g 1 12 0
m 2 5 8
m 3 2 8
q 3
q 1
m 2 14 4
m 3 5 1
m 1 4 2
m 2 12 1
m 3 3 0
m 3 4 8
m 1 11 4
m 2 7 3
m 3 17 3
m 3 5 3
m 1 5 4
g 1 9 0
m 2 11 4
m 3 6 4
m 3 0 7
m 1 1 4
m 2 0 7
f 2
m 3 0 4
m 3 8 2
m 1 0 5
m 1 6 11
m 2 0 14
m 3 12 8
m 3 8 0
b 3
m 1 17 2
f 1
m 3 2 15
m 3 7 12
m 1 7 3
m 1 5 14
m 2 12 6
m 3 9 16
m 3 7 14
m 1 2 4
m 1 9 11
m 2 15 7
m 2 8 16
g 2 7 8
m 3 17 5
m 1 6 6
b 1
m 2 6 0
m 2 0 0
b 2
m 1 2 6
m 1 1 13
m 2 17 8
m 2 3 12
b 2
m 3 5 2
m 3 4 5
q 3
m 1 17 0
m 1 5 14
m 2 7 7
m 2 3 8
m 3 16 1
m 1 7 16
m 2 14 1
m 3 0 12
m 1 0 4
m 1 2 17
q 2
m 3 4 12
m 1 18 5
m 2 10 2
m 2 4 18
m 3 14 8
m 1 8 14
m 2 7 18
m 2 8 7
m 3 5 2
m 3 3 17
m 1 16 4
b 1
m 2 14 4
p
m 3 5 15
m 1 2 6
m 2 6 3
m 2 1 12
m 3 10 4
b 3
m 1 12 6
m 1 0 14
m 2 5 16
m 1 13 0
m 2 5 2
m 3 17 5
m 2 7 12
m 3 5 7
m 1 9 1
q 1
m 2 8 3
m 2 3 3
q 2
m 3 0 4
m 3 7 11
m 2 12 8
m 2 9 11
m 3 6 3
b 3
m 1 7 6
m 1 3 8
q 1
m 2 0 5
m 2 7 7
m 3 17 0
m 3 2 6
m 1 11 2
p
m 2 11 2
m 2 5 4
m 3 10 2
m 3 2 18
b 3
m 1 10 2
f 2
m 3 0 5
m 3 1 5
b 3
f 3
q 3
m 1 3 4
m 1 3 11
m 2 12 8
m 3 5 9
m 1 9 3
q 1
m 2 7 16
f 2
m 3 15 9
m 3 9 13
m 1 6 1
f 1
m 2 2 11
m 2 0 17
m 3 5 9
m 3 7 0
m 1 5 7
m 2 6 17
f 2
m 3 12 6
m 1 3 1
m 1 2 13
q 1
m 2 17 4
m 2 8 17
m 3 13 5
m 3 5 10
m 1 9 2
m 2 7 4
m 2 2 15
m 3 15 9
m 3 6 9
b 3
m 2 4 8
f 2
m 3 13 7
m 3 3 13
m 1 10 7
m 1 3 2
m 3 1 18
m 3 5 4
m 1 16 4
g 1 17 3
m 2 4 4
m 2 8 16
m 3 1 11
m 1 6 5
q 1
m 2 5 2
m 2 1 1
m 3 10 1
m 3 1 5
m 1 1 4
m 2 9 3
m 3 17 5
m 2 3 0
f 2
g 2 11 0
m 3 6 3
m 1 3 0
m 1 9 14
m 2 10 3
f 2
m 3 4 12
m 1 17 5
m 1 8 6
m 2 1 2
m 2 8 9
b 2
m 3 8 5
q 3
m 1 2 13
m 1 0 10
m 2 5 7
b 2
m 3 6 1
m 3 8 11
m 1 17 1
m 3 17 5
m 3 8 7
b 3
m 2 6 3
m 2 9 1
m 3 5 2
m 1 7 3
m 2 13 5
m 3 10 2
b 3
m 1 12 6
m 1 3 14
m 2 1 15
p
m 3 12 8
m 3 5 5
m 2 7 12
b 2
m 3 12 8
q 3
m 1 13 0
m 1 6 10
m 2 10 8
b 2
q 2
m 3 13 4
m 3 5 14
b 3
m 1 6 1
m 2 0 4
q 2
m 3 14 1
m 1 15 0
m 1 7 9
q 1
m 2 10 7
g 2 16 4
m 3 6 17
f 3
q 3
m 1 16 4
m 1 9 4
b 1
m 2 13 7
m 3 5 10
m 1 6 5
m 1 1 14
f 1
m 2 13 8
m 2 1 12
f 2
m 3 13 8
m 1 17 1
m 1 8 3
m 2 15 3
m 3 14 4
g 3 17 8
m 1 16 1
m 2 4 6
m 2 6 16
m 3 12 8
q 3
p
m 1 3 4
m 1 2 2
q 1
m 2 0 2
m 3 17 5
q 3
m 1 1 11
b 1
m 2 9 10
m 3 6 1
m 1 6 5
m 2 10 3
m 2 8 3
g 2 11 5
m 3 10 7
m 1 0 17
b 1
p
m 2 0 17
m 2 4 3
q 2
m 3 5 2
m 3 5 10
m 1 15 0
f 1
m 2 0 5
m 3 4 8
q 3
m 1 3 4
m 1 2 12
q 1
m 2 10 2
m 2 3 1
m 3 16 4
b 3
q 3
p
m 1 0 5
m 1 5 10
m 2 3 4
m 3 7 3
m 1 10 3
m 1 9 2
m 2 12 6
m 2 7 3
f 2
m 3 15 0
m 3 2 13
f 3
m 1 6 1
m 1 0 16
m 2 12 6
m 2 9 4
m 3 13 5
b 1
m 2 1 5
b 2

