B 6 8 3 24
m 2 1 3
m 2 4 5
m 3 6 3
m 1 5 3
m 2 2 5
m 2 5 2
q 2
m 3 5 5
q 3
m 1 7 4
m 2 7 2
q 2
m 3 0 5
b 3
m 1 1 4
m 2 3 0
m 2 3 6
b 2
m 3 2 1
b 3
m 1 4 2
m 2 6 4
m 2 5 6
q 2
m 3 0 4
b 3
g 3 4 1
m 1 0 2
b 1
f 1
m 2 6 0
m 2 3 0
b 3
m 1 4 5
m 2 3 0
p
m 1 1 2
m 2 0 5
m 3 2 2
f 3
q 3
m 1 4 5
m 2 5 3
m 3 2 3
p
m 1 7 3
m 2 2 3
p
m 3 0 5
m 3 1 5
p
m 1 1 0
m 2 0 0
q 2
m 3 3 3
m 3 2 1
q 3
m 1 6 0
m 1 0 5
g 2 2 1
m 3 1 3
b 3
q 3
m 1 0 2
m 1 2 5
g 1 5 4
m 2 4 5
m 2 3 7
f 2
m 3 4 5
q 3
m 1 3 4
m 2 1 3
m 2 0 5
q 2
m 3 3 1
m 1 3 0
m 2 5 4
m 3 1 5
m 1 1 4
m 1 3 6
q 1
m 2 1 1
m 2 3 5
m 3 0 2
g 3 6 5
m 1 4 5
f 1
m 2 1 4
m 2 3 3
m 3 3 3
m 1 4 4
m 1 3 7
m 2 7 2
m 3 6 4
m 3 5 2
m 1 7 1
m 2 1 4
m 3 5 0
m 1 6 2
m 1 0 5
p
m 2 3 4
m 3 0 4
m 3 4 6
f 3
q 3
m 1 1 5
b 1
m 2 6 0
b 2
q 2
m 3 2 3
m 3 5 3
m 1 4 5
m 2 0 4
m 2 5 7
m 1 4 0
m 2 1 0
m 2 4 5
m 3 7 4
m 3 1 7
m 1 4 3
m 2 2 6
m 2 5 4
m 3 4 2
m 1 1 5
m 2 3 7
m 2 2 5
f 2
m 3 0 2
m 1 7 4
g 1 7 1
m 2 4 3
m 3 7 4
m 1 1 0
m 1 1 1
m 2 0 0
m 3 7 0
q 3
m 1 2 7
q 1
m 2 3 0
m 2 5 2
m 3 1 5
m 1 1 0
m 1 1 1
m 2 1 0
m 2 3 5
m 3 3 5
m 3 4 5
m 1 7 0
m 1 0 5
f 1
m 2 3 3
m 2 1 5
m 3 7 4
m 3 1 2
m 1 6 0
m 2 1 4
m 3 0 1
m 3 2 4
m 1 1 4
m 1 3 2
m 2 3 0
m 2 2 4
p
m 3 1 5
g 3 4 4

