B 8 7 2 13
m 1 4 4
p
m 2 7 2
m 1 4 2
m 1 3 0
m 2 3 1
f 2
p
m 2 5 3
m 1 2 2
m 1 2 1
m 2 3 4
m 1 1 0
m 1 4 1
b 1
m 2 0 6
m 1 2 6
m 2 2 5
m 2 7 0
m 1 1 3
m 2 4 1
g 2 0 3
m 1 2 5
m 2 1 0
m 1 6 5
m 1 1 4
f 1
q 1
m 2 5 3
m 1 0 5
p
m 2 3 6
m 1 3 4
m 2 1 5
b 2
m 1 5 4
m 1 6 6
f 1
m 2 1 5
m 2 2 6
m 1 0 4
b 1
m 2 7 6
f 2
p
m 1 3 6
m 1 3 2
m 2 1 1
m 2 1 6
q 2
m 1 6 4
m 1 0 1
m 2 0 2
m 2 3 3
f 2
q 2
m 1 5 5
m 1 1 2
p
m 2 5 0
m 1 1 7
m 2 1 5
b 2
m 1 5 4
m 2 4 2
m 1 7 2
b 1
m 2 4 5
m 1 3 6
f 1
m 2 5 0
m 1 3 7
m 1 0 5
f 1
m 2 5 5
m 2 7 1
b 2
m 1 1 6
m 1 3 1
m 2 4 7
m 2 2 5
m 1 0 2
b 1
m 2 6 4
m 1 2 1
m 1 3 5
m 2 0 4
m 2 5 2
g 2 5 3
m 1 3 2
m 2 1 6
m 1 3 4
m 1 5 1
p
m 2 3 3
m 1 7 5
f 2
m 1 6 6
m 1 3 2
m 1 4 4
m 1 3 4
m 1 6 2
m 2 4 2
g 2 0 3
m 1 4 2
m 2 3 7
m 1 3 1
m 2 0 4
m 1 0 0
m 1 6 1
m 2 3 7
m 2 7 5
m 1 4 2
q 1
m 2 6 4
b 2
f 2
m 1 6 5
m 1 2 5
m 2 0 6
m 2 1 3
m 1 3 7
m 1 3 3
m 1 3 0
m 1 5 1
m 2 0 2
m 1 6 6
m 2 3 0
m 2 7 3
m 1 0 4
m 1 7 3
f 1
m 2 2 6
m 1 4 2
m 2 6 4
m 1 6 4
g 1 0 5
m 1 0 4
m 1 5 5
m 1 4 7
m 1 6 6
m 2 2 3
b 2
p
m 1 0 2
m 2 1 4
b 2
m 1 6 5
p
m 2 6 5
q 2
m 1 6 5
m 2 6 5
m 1 0 2
b 1
m 2 2 6
m 1 4 4
q 1
p
m 2 1 2
m 1 6 2
m 2 5 0
m 1 3 6
m 1 1 2
p
m 2 2 0
m 2 4 5
b 2
m 1 4 2
f 1
m 2 5 3
m 1 4 7
p
m 2 0 2
m 2 0 4
g 2 0 1
m 1 4 2
m 1 7 5
m 2 5 2
m 2 4 0
b 2
q 1
m 2 3 6
q 2
m 1 6 3
m 1 0 6
m 2 3 4

