B 7 5 6 5
m 1 5 3
m 2 0 2
m 3 1 1
b 3
q 4
g 4 2 0
m 5 0 0
m 6 0 5
m 6 1 1
m 1 3 3
m 2 3 1
m 3 2 4
m 4 1 2
m 4 5 2
m 5 4 3
m 5 0 0
m 6 3 1
m 6 5 4
q 6
m 1 0 2
m 2 1 5
m 2 0 0
m 3 5 1
m 3 0 0
m 4 6 4
m 4 2 0
m 5 2 4
b 5
f 5
m 6 3 6
m 2 2 0
b 2
m 3 5 2
m 3 3 4
m 4 2 6
m 5 4 0
m 6 4 0
m 1 2 6
b 1
f 1
m 2 4 0
p
m 3 1 4
b 3
m 4 5 2
m 5 2 6
q 5
m 6 0 3
m 1 0 1
m 1 4 4
m 2 1 6
m 2 1 1
m 3 1 4
m 3 0 3
q 4
m 5 2 3
m 6 1 2
g 6 1 3
p
m 2 3 1
m 2 5 2
f 2
m 3 4 0
b 3
f 3
m 4 5 4
m 5 0 6
m 5 5 1
m 6 0 3
m 6 1 1
b 6
m 1 1 2
m 1 5 3
m 2 0 5
m 2 0 1
m 3 1 4
m 4 1 0
m 5 0 6
m 6 1 2
m 1 2 3
m 2 3 6
m 3 3 1
m 3 3 4
m 4 2 4
m 4 4 4
m 5 1 2
m 6 3 6
m 1 0 5
q 1
m 2 5 0
f 2
m 3 1 4
m 4 4 0
m 4 1 4
b 4
q 4
m 5 6 0
m 5 2 3
m 6 2 3
m 6 0 2
p
m 1 6 4
m 2 1 6
f 2
m 3 3 0
m 3 1 1
g 3 2 5
m 4 5 4
m 5 4 0
m 5 4 1
m 6 2 2
g 6 3 0
m 1 0 2
q 1
m 2 2 4
m 2 4 1
q 2
m 3 1 6
g 3 0 4
m 4 1 6
b 4

