B 9 4 3 13
m 1 3 2
m 2 2 2
f 2
m 3 2 1
m 3 8 1
m 1 2 7
m 2 1 0
m 2 5 1
g 2 2 3
m 3 1 0
m 3 6 1
m 1 3 6
m 2 4 1
m 2 1 3
m 3 5 3
m 3 1 1
f 3
m 1 2 5
m 2 3 8
q 2
m 3 2 5
m 3 2 1
m 1 2 7
g 2 1 8
m 3 1 0
m 3 7 1
g 3 2 3
m 1 0 0
b 1
f 1
m 2 4 3
q 2
p
m 3 8 3
b 3
m 1 0 0
m 1 4 3
m 2 5 2
q 2
m 3 4 0
m 3 4 2
m 1 0 6
b 1
m 2 2 0
m 2 7 0
b 2
m 3 0 6
m 1 3 7
m 1 3 1
q 1
m 2 2 0
m 3 5 2
b 3
m 1 2 1
m 2 2 0
m 2 3 3
m 3 0 8
m 3 1 1
m 1 1 0
f 1
m 2 7 2
m 2 8 1
g 2 1 5
m 3 3 0
g 3 2 3
m 1 3 0
m 1 7 2
m 2 2 8
m 3 5 1
b 3
g 3 0 1
m 1 3 0
b 1
m 2 0 5
m 3 0 1
m 3 8 3
m 2 3 7
b 2
m 3 3 0
b 3
m 1 2 8
m 1 3 2
m 2 0 5
m 2 1 1
m 3 3 2
m 3 0 2
g 3 0 0
m 1 2 8
m 1 4 3
q 1
m 2 5 2
m 2 8 3
m 3 0 8
m 3 1 0
m 1 0 6
m 2 2 1
m 2 8 3
q 2
m 3 0 8
b 3
m 1 2 6
m 2 2 1
m 3 0 5
m 3 7 1
m 1 7 3
m 1 5 1
m 2 5 0
m 3 8 3
m 1 0 0
m 2 3 6
g 2 2 3
m 3 3 6
m 3 8 0
q 3
p
m 1 2 8
m 1 3 0
p
m 2 3 2
m 3 1 1
f 1
m 2 6 2
m 2 8 2
g 2 3 7
m 3 0 6
m 3 2 1
q 3
p
m 2 0 6
m 1 3 0
m 3 3 0

