B 4 9 5 7
m 1 7 0
m 1 1 8
m 2 7 2
b 2
f 2
m 3 1 4
q 3
m 4 6 2
f 4
m 5 2 2
m 1 3 1
m 2 6 2
m 2 1 6
m 3 0 1
m 3 2 1
p
m 4 8 2
f 4
m 5 4 2
m 1 3 6
m 2 3 7
m 4 6 2
m 4 0 8
m 5 0 1
b 1
m 2 7 0
b 2
m 3 0 2
m 3 2 4
m 4 0 3
m 4 1 4
b 4
m 1 1 1
m 2 3 3
m 3 2 8
m 4 5 1
m 4 1 0
q 4
m 5 3 2
m 1 2 1
m 2 5 1
b 2
m 3 0 0
m 3 3 6
m 4 8 3
m 5 5 0
m 1 0 2
m 2 6 2
m 2 3 3
f 2
q 2
m 3 5 1
m 4 7 1
m 4 1 5
m 5 6 0
m 1 1 3
m 1 3 7
b 1
m 2 2 5
b 2
m 3 7 1
m 4 1 5
m 4 3 2
b 4
m 5 2 6
g 5 6 1
m 1 4 3
q 2
m 3 7 1
g 3 8 0
m 4 6 0
m 4 3 1
m 1 0 8
m 2 2 6
m 3 2 1
m 4 3 2
m 4 0 4
m 5 2 1
m 5 3 6
b 5
m 1 7 2
m 1 1 1
m 2 7 2
m 3 7 1
m 3 2 5
q 3
m 4 0 3
m 5 1 3
f 5
q 5
b 1
p
m 2 0 2
m 2 3 8
p
m 4 7 1
m 4 2 5
m 5 2 4
m 1 3 2
m 3 7 0
m 3 3 1
m 4 5 3
f 4
m 5 4 3
m 5 2 7
m 1 3 1
q 1
m 2 3 4
m 3 0 2
m 3 3 7
f 3
m 4 5 0
m 5 2 6
m 1 5 3
m 1 2 5
m 2 0 2

