B 5 4 2 15
m 1 0 3
b 1
m 2 0 1
m 2 2 1
f 2
m 1 0 4
m 1 1 2
b 1
f 1
m 2 4 0
f 2
m 1 4 1
m 1 1 1
m 1 1 0
m 2 3 2
m 1 1 3
m 2 2 4
f 2
m 1 0 2
m 2 3 4
m 2 3 0
m 1 3 3
m 2 2 4
m 2 4 3
m 1 2 2
m 1 1 0
f 1
m 1 0 2
q 1
g 1 0 4
m 2 3 2
m 2 4 2
b 2
q 2
m 1 0 0
b 1
m 2 4 0
m 1 0 2
m 1 0 0
p
m 2 1 3
m 2 1 3
m 1 3 3
m 1 3 2
m 2 2 2
m 1 2 3
m 2 0 2
m 2 2 1
m 1 4 1
m 1 1 2
m 1 0 2
m 1 2 0
m 2 1 3
m 2 4 1
f 2
g 2 3 2
m 1 4 3
m 1 1 2
b 1
m 2 4 3
m 1 4 3
f 1
m 2 1 3
m 2 3 3
m 1 1 3
m 1 4 2
m 2 1 3
m 2 2 0
b 2
m 1 3 1
m 2 1 0
m 1 0 2
m 1 3 0
m 2 3 3

