B 8 15 7 18
m 1 0 5
m 2 8 5
b 2
m 3 13 6
m 3 2 3
q 3
p
m 4 5 13
b 4
m 5 11 1
m 5 1 13
m 6 5 3
m 6 2 11
b 6
m 7 14 5
m 1 12 3
m 1 3 8
m 2 2 0
m 3 3 1
m 3 1 6
m 4 3 4
m 4 7 12
m 5 9 2
m 6 9 0
m 7 6 7
m 7 2 12
m 1 3 6
m 1 0 13
m 2 13 6
m 3 4 4
m 4 4 5
f 4
m 5 0 11
m 5 2 11
b 5
m 6 2 6
m 7 0 6
m 7 6 12
m 1 1 0
m 2 4 11
m 2 0 5
b 2
m 3 6 1
m 4 6 6
q 4
m 5 2 9
m 6 1 2
f 6
m 7 6 14
m 1 9 3
m 1 2 2
m 2 13 2
m 3 0 3
m 4 10 1
m 4 4 7
q 4
m 5 7 6
m 6 5 0
m 7 5 8
m 1 5 3
m 2 1 5
m 3 7 8
m 3 7 13
m 4 8 0
m 4 3 4
q 4
m 5 5 9
m 5 7 8
m 6 5 2
b 6
p
m 7 0 5
m 7 5 11
g 7 8 7
m 1 5 3
m 1 7 13
m 2 3 11
b 2
m 3 5 6
m 3 2 3
m 4 0 7
m 5 3 9
q 5
m 7 1 1
m 1 0 0
m 2 14 4
q 2
p
m 4 0 13
m 5 8 0
m 6 7 4
m 7 1 4
m 7 0 13
m 1 0 1
m 3 14 4
m 3 7 11
m 4 14 7
m 4 3 6
f 4
m 5 6 11
m 5 1 8
g 5 4 3
m 6 6 5
m 6 7 11
m 7 14 3
m 1 4 6
m 3 2 1
f 3
m 4 14 0
b 4
m 5 3 4
m 5 5 13
q 5
m 6 4 2
m 7 13 4
m 7 7 13
p
m 1 3 4
m 1 7 7
m 2 1 5
m 3 6 2
m 4 7 11
m 5 5 7
m 6 0 13
m 6 3 1
m 7 3 7
q 7
m 1 13 4
q 1
m 2 5 1
m 3 3 7
p
m 4 6 13
m 4 4 3
g 4 3 0
m 5 7 3
m 5 3 8
b 5
m 6 10 5
m 6 7 10
f 6
m 7 6 1
m 7 2 9
m 1 10 0
q 1
m 2 13 4
m 2 5 8
m 3 6 11
m 3 3 9
m 4 10 3
m 4 3 14
m 5 10 2
m 5 3 1
m 6 2 1
q 6
m 7 13 3
b 7
b 1
m 2 5 2
m 3 6 2
p
m 4 2 0
m 4 1 8
m 5 7 7
m 5 6 5
m 6 12 0
m 7 0 3
m 7 0 10
m 1 4 7
m 2 12 1
m 3 9 0
f 3
q 3
m 4 3 6
g 4 5 6
m 5 3 8
m 6 8 0
m 6 7 3
m 7 3 3
m 2 5 13
m 3 9 6
m 4 2 7
m 4 0 7
m 5 0 13
m 5 2 5
m 6 12 5
b 6
m 7 8 4
q 7
m 1 1 7
m 1 7 4
m 2 8 2
m 3 14 2
m 3 3 11
g 3 1 4
m 4 1 10
m 6 9 1
m 6 7 10
m 7 2 4
b 7
q 7
p
m 1 13 4
m 2 14 5
m 2 0 0
f 2
m 3 8 0
m 3 5 7
m 4 13 3
q 4
m 5 12 5
m 5 4 7
q 5
m 6 3 3
f 6
m 7 5 7
m 7 0 7
m 1 14 2
m 3 5 7
m 4 2 7
m 4 3 9
m 5 6 8
m 6 1 9
m 6 0 5
f 6
m 7 2 1
m 7 6 1
b 7
m 1 13 3
m 2 0 7
m 3 6 0
m 3 3 1
b 3
m 4 4 1
m 4 4 9
b 4
m 5 5 7
m 6 0 1
m 7 13 4
m 1 12 4
m 1 7 4
m 2 3 12
m 2 6 1
m 3 14 0
m 4 4 5
m 4 5 1
q 4
m 5 3 6
m 5 6 14
b 5
m 6 1 7
m 6 1 7
m 7 12 1
b 7
m 1 8 0
m 1 2 7
q 2
p
m 3 14 1
m 4 2 1
m 4 4 8
f 4
m 5 0 14
m 5 3 4
b 5
m 6 7 8
m 7 4 0
m 4 14 2
m 5 13 2
m 6 14 4
m 7 13 3
q 7
m 1 14 2
m 2 6 12
q 2
m 3 2 3
m 3 5 4
f 3
m 4 9 0
m 4 1 4
g 4 0 4
p
g 5 7 4
m 6 10 2
m 6 7 1
q 6
m 7 7 13
m 1 10 2
m 1 0 2
b 1
m 2 6 9
m 2 0 9
m 3 8 0
m 3 6 11
m 4 2 7
m 5 0 7
m 5 7 3
m 6 13 2
m 6 6 10
m 7 6 10
m 7 6 5
p
m 1 4 0
m 2 5 7
m 2 4 1
m 3 10 2
m 3 5 7
f 3
m 5 14 4
m 5 0 13
m 6 1 1
m 6 2 5
m 7 8 2
m 1 12 0
m 1 1 4
m 2 7 10
m 2 6 7
m 3 14 7
q 3
m 4 13 3
g 4 9 5
m 5 13 4
m 6 14 2
m 7 14 4
m 7 6 4
m 1 0 14
m 2 12 1
m 3 8 2
m 3 1 8
b 3
m 4 13 2
m 4 1 12
m 5 3 13
m 5 4 13
b 5
m 6 7 7
m 6 1 0
m 7 3 1
m 1 3 6
m 2 10 3
m 2 6 0
m 3 2 7
m 4 10 3
q 4
m 5 13 2
m 6 3 7
m 7 14 5
m 1 10 2
m 2 3 1
m 3 10 2
m 3 0 6
m 4 11 1
m 4 7 4
m 5 2 6
m 5 7 6
m 6 0 1
q 6
g 6 2 0
m 7 4 3
m 1 2 7
m 1 6 11
q 1
m 2 0 0
m 2 3 7
m 3 7 7
g 3 11 4
m 4 3 1
m 4 0 1
m 6 5 7
m 6 4 5
q 6
m 7 3 7
m 1 14 5
m 2 0 0
m 3 5 5
m 3 7 0
m 4 8 0
m 5 6 2
m 7 0 7
m 7 0 14
m 1 0 3
m 1 2 1
b 1
m 2 2 3
p
m 3 2 4
m 4 12 4
m 4 7 12
m 5 13 2
m 6 14 1
m 7 3 0
m 1 5 11
b 1
m 2 10 2
m 2 0 10
g 2 13 5
m 3 8 0
m 3 3 7
m 4 14 1
m 4 1 3
m 5 2 1
m 5 4 0
m 6 5 3
m 6 0 0
m 1 14 5
m 1 6 3
m 2 8 0
m 2 4 10

