B 5 10 3 21
m 1 0 3
m 2 4 9
m 2 1 9
m 3 3 1
m 3 2 4
q 1
m 2 1 2
m 2 4 4
m 3 9 0
m 1 1 6
m 2 9 2
m 2 2 2
p
m 3 7 3
f 3
m 1 0 2
m 1 3 0
f 1
m 2 6 3
m 2 0 1
m 3 2 0
m 1 1 2
m 1 1 1
m 2 4 1
m 3 6 3
q 3
m 1 2 3
m 1 4 1
f 1
g 1 4 2
m 2 9 3
m 3 7 3
m 1 2 2
m 2 7 0
m 2 3 9
m 3 0 4
m 3 1 2
p
m 1 3 4
m 1 2 2
m 2 3 3
p
b 3
m 1 7 2
m 1 1 4
m 2 0 3
m 3 3 4
m 3 2 7
g 3 4 3
q 1
m 2 2 8
m 3 7 3
m 3 5 3
m 1 1 7
g 1 9 3
m 2 0 1
m 2 0 0
f 2
m 3 3 1
m 1 1 2
m 2 6 3
m 2 2 7
m 3 5 4
m 3 2 9
m 1 5 0
p
m 2 8 0
f 2
m 1 0 8
m 2 3 8
f 2
m 3 2 3
f 3
m 1 7 0
m 1 4 2
m 2 0 1
g 2 7 4
m 3 3 5
m 3 2 6
b 3
m 1 7 0
m 1 2 1
q 1
m 2 0 4
m 3 6 0
p
m 1 3 1
m 1 0 2
q 1
m 2 0 4
m 3 0 2
m 1 2 3
m 1 2 9
m 2 1 9
q 2
m 3 0 4
q 3
m 1 0 4
q 1
m 2 0 1
m 2 1 3
m 3 3 4
b 3
m 1 8 1
m 2 0 4
m 3 3 7
m 3 0 1
p
m 1 2 1
m 1 1 8
m 2 5 1
m 2 0 7
m 3 9 0
m 1 7 4
m 1 3 2
f 1
m 2 6 3
m 3 8 4
m 1 5 4
m 2 2 3
m 3 9 0
b 3
g 3 6 1
m 1 4 1
m 2 6 3
m 2 4 3
m 3 4 8
m 3 1 8
m 1 2 7
m 1 0 0
m 2 5 4
m 2 1 0
m 3 4 2
m 1 5 2
m 2 0 3
b 2
m 3 0 4
m 1 0 4
m 2 2 9
m 2 3 6
m 3 0 4
b 3
m 1 0 5
m 1 1 9
m 2 9 0
b 2
m 3 5 1
m 3 3 0
m 1 2 0
m 1 4 9
m 2 5 1
m 3 0 9
m 3 2 9
m 1 3 7
q 2
m 3 6 4
m 3 3 2
m 1 5 2
b 1
m 2 6 4
f 2
m 3 6 0
m 3 4 8
m 1 4 7
m 1 3 3
m 2 5 4
m 3 5 4
m 1 6 0

