B 8 10 5 9
m 1 0 1
m 1 4 9
f 1
m 2 1 2
m 3 0 7
m 4 2 3
m 5 0 5
m 5 5 6
m 1 0 2
m 2 7 3
m 3 0 5
m 4 8 0
m 5 6 0
p
m 1 5 5
m 1 7 7
m 2 5 2
f 2
m 3 3 3
m 4 2 3
m 5 8 7
m 5 6 0
b 5
m 1 5 2
m 4 8 4
b 4
m 5 9 0
m 5 5 5
m 1 4 0
m 2 1 5
f 2
m 3 4 8
f 3
m 4 8 5
m 4 4 6
m 5 2 7
m 1 0 2
b 1
f 1
m 2 3 7
g 2 3 3
m 3 3 3
m 4 7 4
m 4 6 1
p
m 5 2 6
m 5 3 3
q 5
b 1
m 2 5 3
m 2 4 5
b 2
q 2
p
m 3 3 1
m 3 2 4
m 4 2 3
f 4
m 5 5 6
m 5 1 4
f 5
m 1 1 5
m 1 7 1
m 2 5 2
m 2 1 3
b 2
m 3 9 0
m 4 2 3
m 4 3 4
m 5 7 4
m 1 1 8
m 2 8 2
m 2 5 5
q 2
m 3 9 2
m 4 0 0
m 4 2 2
m 5 4 8
m 1 6 9
g 1 7 3
m 2 9 3
m 2 2 8
f 2
g 2 7 2
m 3 4 4
m 3 6 2
p
m 4 1 4
f 4
g 4 1 3
m 5 1 5
m 5 2 2
p
m 1 0 5
b 1
m 2 2 5
m 3 0 7
m 3 5 9
m 4 6 1
m 5 4 4
b 5
m 1 7 7
m 1 2 7
p
m 2 3 5
m 3 8 3
m 4 5 7
m 4 1 2
m 5 6 0
m 1 4 5
m 2 2 2
m 3 5 0
m 3 7 3
m 4 7 6
m 4 3 0
m 5 4 5
m 5 3 9
p
m 1 8 0
m 1 3 7
m 2 8 0
m 3 0 1
m 3 0 9
b 3
m 4 0 7
m 4 3 7
m 5 2 7
m 5 3 2
m 1 3 0
m 2 6 5
m 2 2 5
f 2
m 3 5 8
b 3
f 3
q 3
m 4 6 6
g 4 6 2
m 5 5 7
m 5 4 5
m 1 1 2
m 1 1 6
m 2 2 1
m 2 3 4
b 2
m 3 4 2
m 4 3 6
q 4
m 5 4 5
b 5
m 1 9 7
f 1
m 2 9 1
m 2 2 7
m 3 9 7
m 3 6 3
m 4 8 0
b 4
q 4
m 5 1 9
m 1 7 6
m 2 7 4
m 3 7 5
m 3 3 2
b 3
m 4 9 2
m 4 2 7
m 5 8 6
f 5
m 1 1 5
f 1
m 2 8 0
m 2 3 2
m 3 3 2
f 3
q 3
m 4 7 7
p
m 5 2 7
m 5 5 9
q 5
m 1 7 2
q 1
m 2 1 2
m 3 6 1
m 3 1 7
q 3
m 4 6 0
m 5 1 1
m 5 3 4
p
m 1 4 0
b 1
m 2 8 3
m 2 0 1
b 3
m 4 5 7
q 4
m 5 6 6
m 5 0 7
m 1 6 1
q 1
m 2 0 7
p
m 3 4 0
m 3 3 6
m 4 1 4
m 4 2 5
b 4
m 5 5 7
m 5 4 0
q 5
m 1 6 8
f 1
m 2 3 0
m 3 5 7
m 4 1 5
m 4 0 4
b 4
m 5 0 1
m 1 0 1
m 1 5 5
m 3 5 7
m 3 4 2
m 4 1 5
m 5 4 0
m 1 3 9
m 1 1 9
q 1
m 2 1 5
m 3 0 0
m 3 5 9
m 4 4 0
m 4 2 5
m 5 5 6
p
m 1 4 0
m 1 3 8
m 2 5 5
f 2
q 2
m 3 0 2
m 3 1 8
p
m 4 1 5
m 4 3 0
f 4
m 5 4 6
m 5 7 5
b 5
m 1 8 0
m 2 4 4
m 2 6 6
m 3 0 7
m 3 5 4
b 3
m 4 1 5
m 4 1 1
b 4
m 5 3 0
m 1 4 6
m 1 1 8
m 2 4 4
m 3 8 7
q 3
m 4 9 7
m 5 9 7
m 5 2 4
m 1 9 7
m 2 0 1
m 3 7 6
m 4 0 9
q 4
m 1 3 4
m 2 7 4
m 3 0 8
b 3
f 4
p
m 1 9 2
m 2 1 9
m 2 1 2
m 3 3 0
m 3 2 4
m 4 4 6
m 4 6 5
m 5 5 3
m 1 2 5
m 1 6 0
m 2 1 4
f 2
m 3 1 4
m 4 4 8
m 5 5 7
q 5

