B 5 9 5 4
m 1 3 4
f 1
m 2 8 0
m 2 4 6
m 3 6 0
m 3 3 8
q 3
m 4 1 2
m 5 2 4
m 5 2 7
m 1 2 0
m 1 2 4
f 1
q 1
p
m 2 2 7
g 2 4 2
m 3 4 7
m 4 2 4
m 5 1 1
m 5 1 5
m 1 6 1
b 1
f 1
m 2 3 0
m 2 2 1
f 2
f 3
g 3 2 1
m 4 1 3
m 4 1 4
q 4
m 5 6 0
m 5 4 1
m 1 7 0
m 1 4 1
m 2 3 0
m 2 0 7
m 4 1 0
p
m 5 2 7
m 5 2 8
m 1 1 2
m 1 3 4
q 1
m 2 0 7
b 2
m 3 2 4
m 3 3 1
m 4 2 5
m 5 3 0
m 5 2 6
m 2 6 1
m 2 4 3
m 3 2 2
m 3 3 5
m 4 0 7
m 5 3 0
m 5 2 1
f 5
m 1 2 4
b 1
m 2 6 0
m 3 6 3
q 4
m 1 1 0
m 2 0 6
m 2 1 8
m 3 7 3
m 3 4 4
m 4 0 0
m 5 1 8
m 5 1 4
m 1 4 0
g 1 3 1
m 2 2 0
m 2 1 7
m 3 3 0
m 4 1 0
m 5 7 3
m 5 0 1
f 5
m 1 7 3
m 1 0 0
f 1
m 2 4 3
m 3 5 0
m 4 2 2
m 5 2 4
b 5
m 1 4 0
m 2 5 0
b 2
g 2 8 1
m 3 4 0
m 3 1 8
m 4 1 4
m 4 0 4
f 4
m 5 1 1
m 1 5 4
m 1 2 4
q 1
m 2 0 2
m 2 0 1
q 2
m 3 2 3
m 4 1 6
m 5 4 4
m 1 8 0
m 2 2 0
q 2
m 3 0 5
b 3
f 3
m 4 6 3
m 5 3 8
m 5 0 2
m 1 2 4
m 1 4 6
b 1
m 2 2 4
m 3 7 3
m 3 1 4
m 4 6 3
m 4 1 6
m 5 3 8
f 5
m 1 6 3
b 1
m 2 3 4
g 2 1 4
m 3 3 0
f 3
m 4 7 3
m 5 7 3
q 5
m 1 3 3
m 1 4 3
m 2 3 0
m 2 3 6
m 3 2 4
m 4 7 3
b 4
m 5 8 4
m 5 4 1
m 1 7 3
f 1
m 2 4 4
m 3 8 0
m 3 4 2
m 4 0 8
m 4 2 5
g 4 6 4
m 5 5 4
m 5 2 4
m 1 7 3
m 1 1 3
m 2 5 0
m 2 3 5
m 3 5 0
m 3 0 2
m 4 4 8
m 4 0 4
q 4
m 5 1 2
p

