B 11 8 3 34
m 1 3 0
g 1 5 4
m 2 7 8
m 2 1 0
m 3 5 2
m 3 3 4
b 3
m 1 7 2
m 2 3 0
m 3 5 7
m 1 5 1
m 2 10 7
f 2
g 2 7 5
m 3 0 9
m 1 7 2
m 2 6 0
b 2
m 3 8 1
m 1 7 2
m 2 0 8
m 2 10 7
m 3 4 7
m 3 10 7
b 3
q 3
m 1 3 1
m 2 5 2
m 2 6 6
m 3 2 3
g 3 1 3
m 1 5 4
m 2 3 6
m 2 2 5
m 3 0 2
m 1 1 2
m 2 2 5
p
m 3 0 10
f 3
m 1 6 0
q 1
m 2 2 8
m 3 2 3
m 1 4 0
m 2 8 2
m 2 8 6
f 2
m 3 7 6
m 3 3 0
f 3
m 1 3 5
m 1 3 3
f 1
m 2 7 9
m 2 3 0
m 3 6 9
m 1 3 0
m 1 5 0
m 2 2 4
m 2 6 0
m 3 5 5
m 1 3 8
m 1 8 7
m 2 6 5
m 3 0 8
f 3
q 1
m 2 7 3
q 2
m 3 8 2
m 3 2 1
m 1 0 7
m 1 0 4
m 2 1 4
q 2
m 3 5 2
m 1 1 4
m 1 9 6
m 2 2 6
m 3 2 2
m 3 6 4
m 1 4 7
m 1 2 3
m 2 5 0
m 2 2 5
m 3 9 0
m 3 4 1
m 1 0 8
m 1 5 6
m 2 9 5
m 3 3 8
m 1 1 10
m 1 6 5
m 2 10 3
m 2 3 1
f 2
m 3 1 6
m 3 7 1
m 1 3 6
m 1 8 1
m 2 2 10
g 2 3 3
m 3 4 7
m 3 8 1
m 1 2 6
m 1 9 1
m 2 0 7
m 2 1 3
m 3 6 0
m 3 10 4
q 3
m 1 7 3
m 2 5 8
m 3 7 6
m 3 0 3
m 1 5 5
m 1 10 5
b 2
q 2
m 3 7 2
m 3 2 0
m 1 4 7
m 1 4 0
m 2 6 1
m 2 8 2
b 2
m 1 6 0
m 2 0 4
m 2 0 6
f 2
m 3 10 3
m 1 4 9
m 1 7 4
m 2 1 10
m 2 6 0
m 3 6 4
m 3 5 7
m 1 3 4
m 1 5 3
p
m 3 8 0
m 3 0 6
m 1 3 7
m 1 7 6
m 2 4 9
m 2 2 6
g 2 6 7
m 3 7 5
m 1 4 1
m 1 1 4
p
m 1 6 10
m 1 3 2
m 2 4 8
m 2 1 0
q 2
m 3 6 10
m 1 8 5
f 1
m 2 6 10
m 2 1 0
q 2
m 3 7 1
m 3 10 5
g 3 6 2
m 1 10 4
m 1 3 2
b 1
m 2 2 6
m 2 7 4
g 2 6 1
m 3 6 4
m 1 10 6
m 2 10 7
m 3 10 6
p
m 1 5 4
m 1 10 6
m 2 5 1
m 3 7 6
m 1 4 8
q 1
m 2 7 2
m 3 3 6
m 3 4 0
b 3
f 3
m 1 10 0
m 2 9 3
p
m 3 1 0
m 1 7 0
m 1 1 4
m 2 5 4
m 3 1 10
m 1 1 10
m 2 4 9
m 2 9 2
b 2
p
m 3 10 2
m 3 10 7
m 1 1 10
m 2 3 6
m 3 7 2
m 3 6 5
g 3 6 5
m 1 7 7
m 1 0 3
g 1 3 2
m 2 7 1
m 2 0 7
m 3 3 8
m 3 7 4
m 1 1 10
m 1 3 5
m 2 3 8
m 2 8 0
m 3 5 4
m 1 1 1
m 2 5 4
q 2
m 3 7 1
m 3 5 5
f 3
m 1 4 8
m 1 5 5
m 2 5 4
m 3 3 8
m 3 1 5
m 1 7 1
m 1 8 5
m 2 2 6
m 2 6 1
m 3 2 4
m 3 10 2
m 1 2 6
f 1
b 2
m 3 4 4
f 3
m 2 2 1
m 3 1 0
m 3 9 3
m 1 4 8
m 2 0 0
m 2 0 6
m 3 1 10
m 3 2 6
m 1 3 8
q 1
m 2 3 8
f 2
m 3 5 0
m 3 9 3
m 1 3 8
m 2 3 8
m 2 8 7
m 3 6 2
m 1 2 3
m 1 9 4
m 2 10 0
m 3 2 7
m 1 7 3
m 2 7 6
m 2 0 1
m 3 7 0
b 3
m 1 1 1
m 1 1 0
m 2 4 5
m 2 8 6
m 3 7 1
q 3
m 1 2 6
q 1
m 2 7 6
m 3 10 0
g 3 1 0
m 1 3 4
m 1 8 5
m 2 3 4
m 3 3 7
m 1 1 7
b 1
m 2 1 3
m 3 10 7
m 1 2 4
m 1 2 4
m 2 2 4
m 2 3 0
b 3
m 1 2 4
m 2 4 3
m 3 6 1
q 1
p
m 2 9 1
m 2 10 5
m 3 0 0
m 1 3 8
p
m 2 8 7
m 2 7 7

