B 6 8 3 20
m 1 0 0
m 2 6 3
m 2 3 3
q 2
m 3 7 4
m 1 1 7
m 1 1 6
m 2 4 5
m 2 0 0
m 3 4 4
m 3 5 3
m 1 7 3
m 1 5 0
m 3 0 0
m 1 1 5
m 2 2 3
m 2 5 6
m 3 6 2
m 3 3 5
m 1 4 7
p
m 2 3 0
m 2 0 3
m 3 6 0
b 3
q 2
m 3 3 0
m 1 5 0
m 2 7 0
m 3 1 2
m 3 0 2
m 1 2 6
m 1 5 5
m 2 1 0
m 3 2 4
m 1 6 3
m 1 4 3
m 2 4 6
m 2 3 1
m 3 1 0
m 3 3 3
m 1 2 3
m 1 1 7
g 1 3 5
m 2 3 1
m 2 3 4
m 3 1 1
m 1 6 3
m 1 0 7
m 2 5 3
m 2 2 5
f 2
m 3 3 1
m 3 5 4
f 3
m 1 4 1
g 1 4 4
m 2 0 4
b 2
g 2 0 0
m 3 4 1
m 3 1 0
m 1 0 2
m 2 2 3
m 3 2 3
f 3
m 1 2 4
q 1
m 2 1 2
m 3 4 5
m 1 2 4
m 2 0 0
f 2
m 3 6 3
m 3 1 3
m 1 7 2
m 1 5 1
g 1 0 0
m 2 7 5
m 2 3 2
m 3 2 2
m 1 7 2
m 3 1 2
f 3
m 1 7 3
m 1 4 4
m 2 0 2
f 2
q 3
m 1 2 7
m 1 2 1
b 1
f 1
g 1 2 2
m 2 7 5
m 3 6 3
m 3 1 0
f 3
m 1 2 5
m 1 4 1
m 2 4 1
m 3 6 3
m 3 0 3
m 1 2 4
q 2
m 3 3 2
m 3 4 1
m 1 7 3
m 1 5 3
m 2 0 3
m 3 6 0
m 3 5 6
m 1 6 3
m 1 1 4
f 1
m 2 1 2
m 3 7 5
m 1 7 3
f 1
q 1
m 2 6 0
m 2 4 2
m 3 0 4
m 3 2 5
g 3 3 3
m 1 7 5
m 1 4 7
m 2 5 7
m 3 5 0
m 3 3 6
m 1 0 2
m 1 4 1
m 2 4 5
f 2
q 2
m 3 2 5
m 3 1 4
m 1 1 0
m 1 4 3
p
m 2 7 3
m 2 3 2
m 3 1 1
m 3 1 1
m 1 6 0
m 1 0 5
f 1
m 2 7 3
m 2 4 7
m 3 7 3
m 3 2 4
m 1 0 7
m 2 6 0
m 3 1 2
m 1 1 0
f 1
q 1
m 2 2 5
m 2 2 3
m 3 1 1
m 3 2 4
m 1 1 5
m 1 0 0
m 2 1 0
m 2 3 2
f 2
m 1 0 4
m 1 5 4
m 2 6 0
m 3 2 5

