B 10 7 2 41
m 1 7 0
m 2 3 3
m 2 5 4
f 2
g 2 0 7
m 1 9 3
m 2 5 3
m 2 3 0
b 2
p
m 1 2 7
m 1 2 0
f 1
m 2 3 3
m 2 9 5
m 1 0 9
m 1 1 5
m 2 3 8
m 2 1 6
g 2 3 9
m 1 0 5
m 1 1 5
m 2 4 5
m 2 9 5
m 1 7 2
m 1 0 4
f 1
m 2 3 1
m 1 6 9
m 1 4 0
m 2 2 6
m 2 3 5
m 1 0 3
m 1 6 0
m 2 8 6
m 1 7 3
m 1 1 4
m 1 0 3
f 1
q 1
m 2 4 6
m 2 4 4
m 1 9 4
m 2 2 5
f 2
m 1 4 3
m 2 2 1
m 2 3 5
f 2
m 1 5 8
g 1 4 4
m 2 0 9
m 2 9 0
m 1 1 5
g 1 6 8
m 2 3 8
m 2 4 4
g 2 4 4
m 1 5 6
m 2 8 2
m 1 3 6
m 1 3 5
m 2 4 6
f 2
m 1 2 2
m 1 1 0
f 1
m 2 6 6
q 2
m 1 2 4
m 2 1 9
m 2 6 1
m 1 2 4
m 1 3 3
g 1 6 6
m 2 0 5
b 2
m 1 3 1
m 1 8 5
g 1 6 6
m 2 2 3
m 2 1 2
m 1 0 8
m 1 7 3
m 2 1 4
m 2 6 3
q 2
m 1 1 1
m 2 2 5
m 1 6 7
m 1 0 6
b 1
g 1 0 9
m 2 3 4
g 2 3 7
m 1 9 3
m 1 7 0
m 2 8 2
p
m 1 3 8
m 1 7 0
m 2 2 3
m 2 4 1
m 1 0 1
m 2 0 5
m 2 7 4
m 1 2 4
m 1 0 5
m 1 1 3
m 1 3 3
b 1
m 2 7 6
p
m 1 2 0
g 1 1 3
m 2 1 5
m 1 1 5
m 1 0 3
q 1
b 2
m 1 1 8
m 2 1 9
m 2 6 0
m 1 0 5
f 1
m 2 4 8
g 2 2 2
m 1 4 6
m 2 3 3
f 2
m 1 0 0
q 1
m 2 0 8
m 1 2 6
m 2 1 1
m 2 6 3
f 2
m 1 2 5
m 1 0 4
m 2 4 0
m 2 6 2
p
m 1 1 8
m 2 1 4
f 2
q 1
m 2 6 0
m 1 2 5
m 1 5 2
m 2 9 6
q 2
m 2 2 3
f 2
m 1 1 9
m 1 6 4
m 2 8 5
m 2 4 5
m 1 1 5
m 2 5 5
m 2 3 4
m 1 1 0
m 2 1 9
b 2
m 1 1 1
q 1
g 1 3 8
m 2 1 9
m 2 0 0
m 1 1 8
m 2 4 8
m 2 3 4
m 1 1 7
m 2 4 8
m 2 6 1
m 1 1 4
m 1 1 5
m 2 4 0
m 1 2 9
m 2 1 9
m 2 1 3
b 2
f 2
m 1 3 4
q 1
m 2 1 7
q 2
m 1 2 3
q 1
m 1 5 6
m 1 0 5
m 2 1 7
m 2 8 0
m 1 1 5
m 2 4 8
m 2 3 1
m 1 3 0
q 1
m 2 8 3
m 2 9 3
m 1 4 6
m 1 3 4
m 2 1 3
q 2
m 1 0 5
m 1 5 2
m 2 1 5
m 2 9 3
m 1 2 3
m 2 2 0
m 2 6 2
m 2 5 6
f 2
m 1 2 9
q 1
m 2 7 6
m 1 2 9
m 1 8 0
m 2 2 0
m 1 3 5
g 1 5 2
m 2 4 8
m 2 1 5
m 1 2 9
m 1 9 5
m 2 2 6
g 2 4 9
m 1 2 4
m 1 8 5
p
m 2 1 9
m 2 0 6
b 2
m 1 3 1
f 1
g 1 2 8
q 2
m 1 7 6
f 1
m 1 5 0
f 1
m 2 2 0
m 2 4 4
m 1 2 9
m 2 5 7
m 2 5 1

