B 10 6 3 15
m 1 4 7
m 1 1 3
b 2
m 3 5 0
m 3 0 2
m 1 4 6
m 1 8 2
m 2 1 6
p
m 3 1 0
m 1 8 5
m 2 5 7
m 2 7 2
m 3 5 2
p
m 1 8 4
m 2 3 2
m 2 4 5
m 3 5 1
m 1 2 2
m 1 8 0
f 1
m 2 4 7
m 2 6 4
m 3 4 7
b 3
m 1 5 7
m 2 3 2
g 2 0 1
m 3 3 4
m 3 5 3
m 1 6 3
m 1 1 1
f 1
m 2 3 7
m 2 5 2
m 3 9 2
b 3
m 1 0 0
m 2 5 2
b 2
m 3 4 2
m 1 4 9
m 1 6 1
m 2 4 5
m 2 5 5
m 3 3 1
m 3 6 2
m 1 4 3
m 2 3 2
f 2
m 3 1 0
m 1 9 1
m 1 8 1
b 1
m 2 3 0
m 3 1 0
m 3 3 1
m 1 0 1
m 2 4 0
m 3 5 7
b 3
m 1 9 0
m 1 3 4
m 2 1 2
m 2 9 2
m 3 5 3
m 3 5 3
p
m 1 1 0
m 2 0 7
f 2
m 3 3 0
m 3 9 0
m 1 5 6
m 2 4 3
m 3 5 1
m 1 3 2
m 1 5 1
m 2 5 3
m 3 0 3
m 1 3 3
m 2 3 9
p
m 3 5 3
m 3 3 3
f 3
m 1 6 0
m 2 3 9
f 2
q 2
m 3 1 4
m 2 5 1
f 2
m 3 5 3
m 1 0 7
m 2 2 0
m 3 4 2
m 1 0 1
m 2 0 2
m 3 2 0
b 3
f 3
m 1 4 7
m 2 5 1
m 2 8 2
m 3 1 5
m 3 2 4
g 3 0 2
m 1 7 2
b 1
m 2 3 9
b 2
q 2
g 2 1 1
m 3 5 7
m 1 7 2
b 1
p
m 3 5 9
m 1 4 5
m 1 4 2
m 2 9 2
f 2
q 2
p
m 1 3 2
m 2 7 3
m 3 2 2
m 3 1 5
m 1 5 9
m 1 6 0
m 2 5 7
f 2
m 3 5 2
m 3 2 0
b 3
m 1 1 7
m 1 5 3
m 2 5 0
m 2 0 4
q 2
m 3 6 0
m 3 0 0
m 1 4 7
m 1 5 5
m 2 4 2
m 3 3 2
m 3 1 2
m 1 3 9
m 1 7 3
m 2 5 5
m 2 2 4
m 3 5 0
m 3 6 1
p
m 1 4 4
m 2 3 0
b 3
m 1 4 9
m 1 1 3
f 1
p
m 2 5 2
f 2
q 2
m 3 5 3
m 3 2 0
m 1 1 7
m 1 2 5
m 2 9 2
f 2
m 3 4 5
m 1 5 3
m 3 3 2
b 3
m 1 4 9
m 1 4 0
m 2 1 7
q 2
m 3 3 2
b 3
p
m 1 0 7
b 1
m 2 1 7
m 2 0 5
p
m 3 3 8
m 3 6 2
f 3
q 3
m 1 5 3
m 1 5 1
m 2 9 5
m 3 5 2
m 1 4 9
m 1 5 4
m 2 2 0
m 3 1 7
m 1 4 1
m 1 2 5
m 2 1 7
m 3 3 8
p
m 1 4 9
b 1
m 2 1 7
m 2 3 1
q 2
m 3 5 7
m 3 8 3

