B 15 15 7 29
m 1 0 11
m 1 8 13
m 2 14 10
m 2 8 9
m 3 6 8
m 3 9 1
g 3 13 8
m 4 5 1
m 4 7 3
b 4
m 5 0 1
m 6 9 6
g 6 4 11
p
m 7 3 5
m 7 5 7
m 1 7 3
g 1 1 0
m 2 14 11
m 2 9 13
m 3 4 3
m 3 9 2
m 4 0 3
m 4 13 4
f 4
m 5 12 5
m 6 14 5
m 7 8 14
m 7 9 1
b 7
m 1 11 8
m 2 8 14
m 2 7 9
m 3 8 12
m 3 1 5
m 4 0 14
m 5 11 9
m 5 11 9
m 6 1 12
b 6
m 7 0 8
m 7 3 8
b 7
m 1 1 13
m 1 4 1
m 2 9 2
m 3 5 10
q 4
m 6 6 11
q 6
p
m 7 14 0
m 3 6 9
b 3
m 4 14 13
m 5 6 4
m 5 4 7
m 6 13 5
m 6 14 14
m 7 2 5
m 7 0 10
q 7
m 1 7 13
m 1 8 8
m 2 6 11
m 2 6 2
g 3 14 0
m 5 12 4
m 5 14 14
f 5
p
m 6 10 13
m 6 0 4
m 7 0 13
g 7 1 9
m 2 11 3
m 3 13 13
m 3 0 5
m 4 10 8
m 4 11 9
f 4
m 5 8 7
m 5 7 8
b 5
m 6 14 9
m 7 2 14
m 1 6 6
m 1 4 1
m 2 6 7
m 3 14 13
m 4 1 8
m 4 14 8
f 4
m 7 3 3
m 7 5 10
m 1 0 9
m 3 8 3
m 4 5 1
f 4
g 4 11 0
m 5 0 12
m 6 4 4
m 7 11 9
q 7
f 1
m 2 8 13
f 2
m 4 9 4
m 4 4 1
b 4
m 5 10 8
m 6 6 6
m 6 4 0
f 6
m 7 14 1
m 7 4 3
m 1 6 0
m 1 12 6
m 2 4 11
m 2 1 4
q 2
p
m 3 0 12
b 3
m 4 12 5
m 4 2 9
b 4
m 5 1 3
m 5 7 5
m 6 2 12
g 7 4 6
b 1
b 2
m 3 10 9
m 3 13 5
m 4 6 4
m 5 8 2
m 5 5 4
m 6 10 10
f 6
m 7 7 12
m 7 6 10
g 7 1 0
m 1 12 0
m 1 4 10
m 2 4 4
m 2 0 4
m 3 2 3
m 3 3 12
m 4 7 10
m 4 6 6
m 6 13 12
m 6 2 2
m 7 11 3
b 7
m 1 10 1
m 1 7 4
m 2 9 4
m 3 6 3
m 5 13 2
b 5
q 5
m 6 6 2
m 6 7 3
m 7 14 10
m 7 8 10
m 1 13 12
m 2 5 3
q 2
m 3 13 0
b 3
m 4 12 10
m 5 0 12
m 5 0 9
m 6 8 4
m 7 3 14
m 1 7 9
m 1 12 10
q 1
m 2 9 13
m 2 14 9
m 3 7 3
p
m 4 5 11
m 5 7 7
p
m 6 2 12
m 6 0 11
m 7 0 0
m 7 8 4
m 1 6 4
m 2 6 3
m 3 11 13
m 3 6 10
m 4 3 9
m 4 6 12
f 4
m 5 12 12
m 5 6 12
q 6
p
m 1 1 3
m 2 7 1
m 2 3 12
m 3 1 1
m 3 6 11
b 3
m 4 1 6
m 6 3 12
m 6 11 14
m 7 3 14
m 1 6 5
m 2 4 2
b 2
m 3 3 9
b 3
m 5 3 13
m 5 9 11
q 6
m 7 1 0
f 7
m 1 14 6
m 3 3 13
m 4 1 2
m 5 12 4
m 6 12 5
m 6 6 7
q 6
m 7 0 7
b 1
m 2 14 9
m 2 12 3
b 2
m 3 12 10
m 3 6 4
m 4 14 5
m 4 0 13
m 5 11 10
m 5 12 0
m 6 11 3
m 6 13 9
m 7 9 1
m 7 14 14
m 1 14 10
m 1 0 9
m 2 9 9
f 2
p
m 3 10 4
m 4 14 2
f 4
m 5 11 2
m 6 13 6
m 6 7 7
q 6
m 7 14 5
m 7 14 9
b 7
q 7
m 1 9 1
m 2 0 6
b 2
m 3 1 13
m 3 10 6
m 4 0 7
f 4
m 5 6 7
b 5
m 6 10 4
q 6
m 7 11 13
m 7 4 1
f 7
m 1 1 6
m 1 14 9
m 2 0 10
m 2 14 14
m 3 3 14
m 3 7 9
m 4 11 11
m 4 7 6
b 4
m 5 2 5
m 6 11 3
m 7 8 13
f 7
m 1 14 4
m 1 9 4
g 1 9 10
m 2 10 7
g 2 6 10
m 3 2 10
m 3 11 12
m 4 7 0
m 4 1 0
b 4
m 6 9 10
m 7 11 2
m 1 7 3
m 1 11 12
m 2 12 0
m 3 13 6
m 4 0 11
m 4 8 1
m 5 5 9
m 6 7 9
m 7 9 12
m 7 12 2
m 1 3 10
m 1 13 0
m 2 8 12
m 2 3 1
q 2
m 3 9 10
f 3
m 4 5 10
m 4 13 8
m 5 9 1
f 5
m 6 13 11
m 6 14 10
q 6
m 7 2 3
f 7
m 1 14 10
m 1 5 7
m 2 11 7
m 3 6 2
m 4 5 9
m 4 4 12
m 5 8 2
m 6 6 8
m 7 14 4
m 1 2 5
m 1 2 5
m 2 8 12
f 2
m 4 14 13
m 4 10 3
m 5 4 10
m 5 0 1
m 6 9 4
b 6
q 6
m 7 3 5
f 7
m 1 6 11
m 1 14 8
g 1 5 3
m 2 14 5
m 3 8 2
m 4 2 0
m 5 5 12
m 5 14 0
m 6 5 5
m 6 3 8
p
m 7 1 9
m 7 11 2
m 1 13 6
m 1 8 13
m 2 6 3
m 2 14 4
m 3 13 9
m 3 13 14
m 4 2 11
m 4 1 6
q 4
m 5 8 7
m 5 13 10
m 6 0 3
f 6
m 7 7 1
p
m 1 7 12
m 2 2 7
g 2 10 3
m 3 11 12
m 3 14 13
f 3
g 3 13 1
m 4 8 9
m 5 0 6
m 5 12 0
m 6 13 6
f 6
m 7 9 4
b 7
m 1 5 4
q 1
m 2 0 3
m 2 4 11
m 3 3 7
m 3 4 8
m 4 9 12
m 4 10 1
b 4
m 5 11 3
m 5 6 14
b 5
m 6 5 4
m 7 6 8
m 1 10 0
m 1 0 2
b 1
f 1
m 2 13 5
m 3 1 2
m 4 0 11
m 4 7 2
m 5 1 12
m 5 14 8
m 6 2 3
m 6 3 14
m 7 7 9
m 7 6 5
f 7
m 1 6 8
m 2 3 9
m 3 3 4
m 4 5 9
m 5 0 9
m 5 2 3
m 6 8 9
f 6
m 1 14 5
m 1 13 12
f 1
m 2 1 6
m 3 6 5
m 3 8 12
m 4 2 10
m 6 6 14
m 7 6 8
m 7 3 9
m 1 6 8
m 2 1 5
m 2 1 6
b 2
f 2
m 3 10 1
m 3 10 13
m 4 8 2
b 4
m 5 5 8
m 5 3 4
m 6 9 0
m 7 13 6
m 1 14 14
m 1 12 9
m 2 13 12
m 3 13 12
m 4 0 3
m 5 2 10
m 5 3 4
m 6 7 9
m 7 14 2
m 1 1 12
m 1 8 7
m 2 13 5
f 2
p
m 3 2 10
p
f 4
m 6 5 4
m 7 13 5
m 7 9 8
g 7 0 13
m 1 5 9
b 1
f 1
m 2 5 10
m 2 2 4
m 3 7 12
m 3 9 3
m 4 13 13
q 4
m 5 10 2
m 5 13 6
b 5
m 6 6 4
m 7 9 9
m 7 5 7
m 1 8 5
q 2
m 3 1 13
f 3
q 3
m 4 13 12
m 4 5 6
b 4
m 5 2 3
m 5 7 13
m 6 4 11
m 6 4 7
q 6
m 7 6 3
g 7 6 14
m 1 2 1
f 1
p
m 2 5 11
b 2
m 3 6 2
q 3
m 4 14 10
p
m 5 2 13
m 5 9 14
m 6 0 2
m 7 13 4
m 7 14 2
m 1 11 12
m 2 5 4
m 2 9 2
q 2
m 4 8 2
m 4 1 0
b 4
m 5 5 5
m 6 2 3
m 7 5 4
m 7 7 11
m 1 1 13
m 1 13 4
m 2 5 9
m 3 13 14
m 3 11 1
q 3
p
m 4 3 4
m 5 11 3
m 5 12 2
f 6
m 1 7 0
m 1 11 10
m 2 12 14
m 2 8 4
m 3 13 6
m 4 1 13
m 4 14 3
p
m 5 6 8
q 5
m 6 13 12
m 7 13 12
m 7 11 4
q 7
m 1 1 13
b 1
m 2 6 4
m 2 2 7
f 2
m 3 6 4
m 3 8 14
b 3
p
m 4 6 2
m 4 12 1
m 5 6 3
m 5 2 11
m 6 14 2
m 7 8 12
m 1 11 8
f 1
m 3 14 12
m 4 0 5
m 4 0 12
f 5
m 6 9 8
m 1 13 12
m 1 4 0
m 2 8 12
p
m 4 13 5
m 4 1 8
m 5 11 10
m 5 3 8
m 6 14 5
m 7 4 14
m 7 3 1
m 1 0 8
m 1 2 6
q 1
m 2 7 13
m 2 3 12
m 3 7 14
m 5 9 1
m 5 7 4
p
m 6 13 6
m 6 6 7
m 7 5 4
m 1 0 5
m 2 13 6
m 2 13 8
m 3 0 11
m 4 9 12
m 4 5 12
m 5 6 3
m 6 11 3
m 6 11 14
q 6
m 7 10 4
m 1 10 1
b 1
m 2 11 10
b 2
p
m 3 2 5
m 4 6 10
m 5 11 12
m 6 6 11
m 6 6 13
m 7 11 3
m 7 6 10
m 1 3 13
m 1 2 3
m 2 6 0
m 3 2 5
m 4 11 3
m 4 1 3
q 4
m 5 0 1
m 5 5 6
b 5
m 6 3 13
m 6 1 6
f 6
m 1 6 3
m 1 10 6
b 1
q 1
m 2 6 6
m 3 0 11
m 3 13 1
m 4 3 13
m 5 3 12
m 6 9 4
b 6
g 6 0 6
m 2 6 11
m 2 9 0
m 3 0 11
m 3 3 13
m 4 0 5
m 6 11 10
m 7 6 8
m 7 11 3
m 1 7 12
m 1 2 8
b 1
m 2 6 11
m 3 6 3
m 3 14 6
m 4 12 9
m 4 0 2
p
m 5 11 8
m 5 2 4
m 6 10 1
m 7 10 13
m 1 1 6
m 1 6 12
f 1
m 2 10 1
m 2 3 2
m 3 6 8
m 4 4 2
m 4 13 10
m 5 8 1
p
m 7 6 3
m 1 2 13
m 1 0 2
m 2 7 1
m 2 12 14
m 3 5 11
m 3 2 4
m 4 1 1
m 4 3 12
m 5 11 1
f 6
p
m 1 3 10
m 1 1 13
m 2 6 8
m 2 0 6
g 2 0 12
m 3 6 11
m 4 10 1
m 4 2 0
b 4
m 5 9 12
m 7 3 11
m 7 2 2
q 7
m 1 0 3
g 1 14 12
m 2 3 13
m 2 5 4
m 4 2 12
m 4 6 14
m 5 9 4
f 5
m 6 3 12
m 7 7 4
m 7 8 2
f 7
m 1 7 11
p
m 2 7 9
f 2
m 3 9 4
f 3
m 4 13 12
m 4 6 11
b 4
m 5 12 10
m 5 8 5
m 6 13 3
m 6 7 4
m 7 14 1
m 7 7 13
m 1 11 8
f 1
p
m 2 6 3
m 2 2 11
m 3 7 9
m 4 6 3
m 4 10 6
q 4
m 5 9 14
m 5 4 6
m 6 8 12
b 6
m 7 0 10
m 7 4 14
m 1 2 5
q 1
m 2 14 5
m 2 7 10
m 3 7 12
m 3 7 7
m 4 7 9
m 4 1 11
m 5 10 6
m 5 14 7
m 6 0 13
m 7 5 9
m 1 1 6
b 1
m 2 8 12
m 2 8 12
q 2
m 3 1 0
m 3 7 4
f 3
p
m 5 5 4
m 5 12 12
b 5
m 6 12 0
m 6 6 9
m 7 11 12
m 1 11 12
q 1
m 2 9 11
q 2
m 3 13 4
m 4 5 4
m 5 14 10
m 5 1 12
m 6 13 4
m 6 3 5
m 7 11 10
m 7 3 11
f 7
m 1 9 8
m 1 4 6
m 2 0 13

