B 14 7 4 31
m 1 3 8
m 2 1 11
m 2 3 5
m 4 5 7
m 4 5 1
g 4 5 3
m 1 4 11
m 3 4 10
m 4 1 13
m 4 3 1
m 1 3 5
m 2 9 5
m 3 2 4
m 3 8 0
q 3
m 4 5 12
m 1 0 12
m 2 2 6
m 2 3 5
q 2
m 3 2 1
f 3
m 4 2 7
m 4 6 1
m 1 6 10
m 1 13 0
m 2 0 3
m 2 9 4
m 3 8 5
m 4 6 9
m 4 1 6
m 1 6 0
f 1
m 2 2 11
m 3 9 4
m 3 12 3
m 4 2 12
m 4 11 1
m 1 6 4
m 1 5 3
m 2 6 3
b 2
m 3 5 2
m 3 5 2
m 4 1 9
b 4
m 1 1 10
m 1 3 5
m 2 5 2
m 2 1 4
q 2
g 3 2 5
m 4 5 13
m 4 11 5
m 1 5 4
m 1 4 1
m 2 2 1
m 2 13 4
m 3 4 4
m 4 8 5
m 4 4 0
m 1 4 6
m 2 6 3
m 2 9 3
m 3 6 8
m 4 1 4
m 1 10 0
m 1 7 5
m 2 3 2
m 3 6 9
m 4 1 7
m 4 1 0
m 1 4 10
m 1 8 5
f 1
m 2 1 7
m 3 2 10
m 4 0 5
m 4 8 1
b 4
m 1 6 0
m 2 3 13
m 3 5 2
m 3 1 0
m 4 6 0
b 4
m 1 0 6
b 1
m 2 0 9
m 3 3 5
m 3 5 2
q 3
m 4 9 1
m 1 2 0
q 1
m 2 0 12
q 2
m 3 5 5
m 4 7 5
m 1 5 1
b 1
m 2 1 12
m 3 4 1
m 4 8 0
m 1 6 13
m 2 4 12
m 3 2 9
m 4 13 2
m 1 2 4
b 1
m 2 3 1
m 2 7 5
m 3 1 2
f 4
m 1 0 5
m 1 0 0
g 1 3 0
m 2 13 4
m 2 7 5
b 2
m 3 4 1
m 3 10 2
m 4 10 6
m 1 6 6
m 1 12 2
m 4 2 4
m 4 5 1
p
m 3 6 3
m 4 6 5
f 4
m 1 3 3
m 2 7 0
m 3 7 4
m 3 3 6
m 4 9 6
m 4 8 0
m 1 2 11
m 1 4 4
p
m 2 0 11
b 2
m 3 8 5
m 4 3 10
m 1 2 7
m 1 0 4
m 2 1 0
m 3 12 4
q 3
m 4 11 3
m 1 5 3
m 2 3 7
m 2 8 6
m 3 6 11
m 4 4 3
m 1 0 11
m 1 13 1
m 2 4 3
m 2 0 5
m 3 2 6
m 4 4 8
m 1 3 8
m 1 4 1
q 1
m 2 13 2
q 2
m 3 0 12
m 3 0 2
m 4 1 3
b 4
m 1 6 12
p
m 2 5 13
m 2 4 2
m 3 1 1
m 3 9 2
m 4 1 0
m 4 3 4
m 1 3 7
m 2 1 12
b 2
f 2
m 3 6 5
m 4 5 2
m 4 8 0
m 1 10 4
m 2 1 1
m 2 9 4
m 3 3 7
m 3 12 0
m 4 2 2
m 4 1 4
q 4
m 1 3 10
m 2 11 3
f 2
m 3 6 7
m 3 3 4
q 3
m 4 12 4
m 4 3 2
b 1
q 1
m 2 5 12
m 2 12 0
m 3 1 0
m 3 6 1
m 4 7 4
m 1 6 13
m 2 6 11
m 2 13 5
m 3 0 11
m 1 1 7
m 2 5 12
f 2
m 3 9 1
q 3
m 4 3 6
m 4 13 0
m 1 6 2
b 1
m 2 5 2
m 3 2 8
m 4 0 11
m 1 3 2
m 1 9 4
b 1
m 2 4 8
m 4 6 12
m 4 9 6
m 1 5 10
m 3 10 4
m 3 13 2
f 3
m 4 5 2
p
m 1 4 0
m 2 1 12
f 2
q 2
g 3 2 13
m 4 3 7
q 4
g 4 4 7
m 1 5 10
q 1
p
m 2 9 2
m 3 6 12
b 3
m 4 2 11
q 4
m 1 1 0
m 1 13 2
g 1 0 4
g 2 0 8
m 3 2 11
g 3 5 9
m 4 1 0
m 1 7 3
m 1 3 0
m 2 5 12
m 2 5 5
m 3 5 4
q 3
m 4 2 8
f 4
m 1 1 6
f 1
m 2 6 12
b 2
m 3 5 12
q 3
m 4 3 8
m 4 10 5
m 2 10 1
b 2
q 2
m 3 2 8
m 3 0 1
m 4 2 8
m 4 0 2
m 1 0 11
m 1 4 3
m 2 6 7
g 2 6 3
m 3 9 5
m 3 0 6
m 1 3 2
m 1 3 0
m 2 7 6
m 3 3 3
m 4 5 1
b 4
g 4 2 10
m 1 6 13
f 1
m 2 1 6
g 2 4 4
m 3 5 1
m 4 6 11
m 4 8 1
m 2 6 13
m 2 9 6
m 3 11 4
q 3
m 4 2 7
m 1 3 13
m 2 0 11
m 3 3 6
m 3 12 1
m 4 3 2
m 4 13 0
m 1 0 9
m 1 7 5
g 1 5 0
m 2 3 8
m 2 12 3
m 3 3 2
m 3 0 6
m 4 1 7
m 4 13 0

