B 9 9 5 14
m 1 8 0
m 1 5 7
b 1
m 2 7 6
m 2 8 7
b 2
m 3 1 5
m 3 8 1
m 4 3 0
m 4 1 1
b 4
m 5 0 2
m 1 4 8
m 2 2 3
m 2 3 1
m 3 8 1
m 3 8 7
f 3
m 4 5 8
m 4 3 0
m 5 3 2
m 1 4 5
m 2 4 5
m 2 1 5
m 3 5 3
m 3 2 5
b 3
m 4 0 8
m 5 7 2
m 1 4 6
m 1 6 8
m 2 1 7
m 4 1 4
m 4 3 7
m 5 0 6
m 5 2 6
m 1 5 3
m 2 4 2
m 2 8 1
q 2
m 4 3 0
m 4 6 3
m 5 2 6
m 1 2 6
m 2 0 0
m 3 0 2
m 3 3 7
m 4 1 5
b 5
m 1 1 5
m 1 4 4
m 2 1 0
g 2 8 6
p
m 3 6 0
m 4 8 4
m 4 8 7
m 5 6 2
b 5
f 5
m 1 7 0
m 1 7 8
m 2 4 0
m 2 0 6
m 3 8 4
f 3
m 4 8 1
m 1 1 6
g 1 1 8
m 2 1 7
m 2 0 4
m 3 2 5
m 3 5 1
m 4 2 5
m 5 1 7
m 1 0 2
m 2 8 4
m 2 5 3
m 3 3 1
m 3 2 6
m 4 1 3
b 4
b 5
q 5
m 1 4 1
m 1 0 4
q 1
m 2 4 4
g 2 5 4
m 3 3 6
m 4 7 1
m 5 3 3
f 5
m 1 7 4
m 1 7 5
m 2 4 5
m 3 3 0
m 4 7 5
b 4
g 4 3 2
m 5 4 6
m 1 3 0
m 2 5 5
b 3
m 4 6 5
m 4 5 8
m 5 7 6
m 2 8 8
m 2 8 3
b 2
m 3 4 6
m 4 4 5
m 4 1 0
m 5 0 2
m 1 7 6
m 1 8 8
m 3 2 8
m 3 7 5
q 3
m 4 3 4
m 4 0 2
g 4 5 7
m 5 2 5
p
m 1 3 0
m 1 4 3
g 1 0 1
m 2 1 2
m 2 4 3
m 3 3 7
q 3
m 5 2 5
m 5 1 3
m 1 8 3
m 1 0 4
q 1
m 2 8 1
m 2 2 4
m 3 6 6
m 3 4 4
m 4 4 5
m 5 0 2
m 1 3 7
m 1 4 7
p
m 2 8 4
m 3 1 0
m 3 7 4
g 3 0 1
m 4 8 4
m 5 3 7
m 5 5 5
m 1 0 6
m 2 3 7
m 2 3 4
m 3 1 0
m 3 4 8
b 3
m 4 2 2
b 4
m 5 6 5
m 5 6 0
b 5
m 1 0 2
m 2 1 2
m 2 1 7
q 2
m 3 6 6
m 3 6 6
m 4 5 3
m 4 6 5
m 5 6 8
b 5
m 1 2 8
m 1 7 8
f 1
m 3 4 2
m 3 1 6
m 4 4 5
q 4
m 5 8 3
m 1 7 2
m 2 6 7
f 2
g 2 3 1
p
m 3 1 7
f 3
q 3
m 4 2 8
m 4 7 0
m 5 7 0
b 5
m 1 6 8
m 2 7 7
m 2 8 2
m 3 6 1
m 3 1 7
q 3
m 4 5 0
p
m 5 0 8
m 5 5 1
m 1 7 2
m 1 1 2
q 1
m 2 5 8
m 2 5 5
m 3 2 5
m 4 0 2
m 5 8 1
m 5 7 7
f 5
q 5
m 1 8 1
m 2 3 4
m 3 8 8
q 3
m 4 1 2
m 5 3 0
f 5
m 1 0 5
m 1 7 7
m 2 6 5
m 2 6 3
m 3 3 6
m 4 2 6
m 4 2 6
f 4
m 5 2 6
m 1 2 5
m 1 0 2
m 2 5 3
m 2 4 3
g 2 6 2
m 3 7 2
m 4 8 5
f 5
m 1 7 0
m 2 1 4
m 3 3 7
p
m 4 7 8
m 5 1 2
m 5 0 4
m 1 4 6
q 1
m 2 6 8
m 3 2 6
m 3 2 2
m 4 6 0
m 5 6 3
m 1 4 6
m 2 1 5
m 3 4 5
m 4 4 6
m 5 4 7
m 5 5 6
m 1 8 1
m 1 6 7
g 1 4 1
m 2 7 2
p
m 3 7 2
m 4 4 5
f 4
m 5 4 6
m 5 0 1
m 1 4 5
m 2 7 1
m 2 0 3
f 2
m 3 7 7
m 3 3 4
q 3
m 4 3 7
m 4 8 1
m 5 8 3
q 1
m 2 5 3
b 2

