B 8 4 5 3
m 1 1 5
m 2 0 1
m 2 2 1
b 2
f 3
m 4 0 1
m 5 4 3
m 5 2 0
m 1 3 0
m 1 1 3
m 2 7 3
m 3 3 2
b 3
f 3
q 3
m 4 6 1
q 4
m 5 3 0
m 5 6 0
m 1 3 1
m 2 3 2
m 2 3 3
m 3 2 7
m 3 6 3
m 4 2 3
m 4 3 3
f 4
g 4 2 3
m 5 2 4
m 5 2 1
m 1 2 7
m 1 2 0
m 2 3 5
m 2 0 3
q 2
m 3 2 4
m 3 6 0
m 4 2 1
m 5 4 0
m 1 1 5
f 1
m 2 3 5
m 2 2 2
m 3 2 2
m 4 3 0
m 4 1 2
m 5 2 0
m 5 5 3
m 1 0 1
m 1 0 1
b 1
q 1
m 2 1 4
m 2 3 2
m 3 0 5
m 4 2 2
m 4 2 1
m 5 2 7
m 1 2 2
m 2 7 3
f 2
m 3 1 4
m 3 6 3
m 4 0 2
m 4 2 1
m 5 7 0
f 5
m 1 0 4
q 1
m 2 0 5
m 2 2 3
q 2
m 3 1 5
m 3 0 0
q 3
m 4 4 0
m 4 1 0
p
m 5 0 5
b 5
m 1 1 7
m 2 1 1
b 2
m 3 2 5
b 3
f 3
m 4 5 1
q 4
m 5 2 6
m 5 3 3
f 5
g 5 2 2
m 1 7 2
b 1
m 2 1 4
q 2
m 3 0 4
m 4 1 7
m 4 5 2
m 5 2 6
m 5 7 3
m 1 7 2
m 2 0 1
m 2 1 1
m 3 3 0
m 3 5 2
m 4 3 2
m 5 0 4
m 1 5 1
g 1 3 4
m 2 3 0
m 3 0 5
m 3 2 1
m 4 2 6
m 4 4 1
m 5 3 0
m 5 1 3
b 5
p
m 1 1 7
m 2 3 3
m 3 0 5
m 4 0 4

