B 4 6 6 4
m 1 5 1
f 1
m 2 2 1
m 3 3 2
m 4 3 4
m 4 0 0
m 5 4 0
m 5 0 3
m 6 2 2
m 6 0 0
m 1 5 1
m 1 3 5
m 2 3 2
m 2 0 3
m 3 1 5
g 3 3 0
m 4 0 5
m 4 3 5
m 5 1 4
p
m 6 2 1
m 1 4 0
q 1
m 2 0 1
m 2 2 2
m 3 3 1
m 3 3 2
m 4 3 2
f 4
m 5 0 2
m 6 1 0
m 1 3 2
m 1 2 0
m 2 2 4
m 2 2 3
g 2 5 3
m 4 1 1
g 4 2 2
m 5 0 4
m 5 0 3
m 2 3 3
m 2 0 4
f 2
m 3 5 2
m 3 0 3
m 4 3 5
m 4 1 4
f 4
m 5 0 2
m 5 0 5
m 6 3 0
m 1 3 1
q 2
m 3 5 2
m 3 0 3
f 3
g 3 2 1
m 4 3 1
p
m 5 0 5
m 5 2 2
m 6 3 3
f 6
m 1 5 2
m 2 3 1
p
m 3 3 3
m 3 3 3
m 4 3 1
f 4
m 5 3 5
m 6 5 2
m 6 0 3
b 6
f 6
q 6
m 1 2 1
m 1 1 3
m 2 5 2
m 2 3 3
m 3 5 2
m 3 1 4
m 4 5 2
m 5 5 2
q 5
m 6 2 1

