B 6 6 3 4
m 1 3 4
m 1 1 3
m 2 3 4
m 2 4 2
m 3 5 1
m 3 2 1
m 1 0 1
m 2 3 1
m 3 5 0
m 3 4 5
m 1 1 4
b 1
q 1
m 2 2 3
m 2 5 2
m 3 3 4
m 3 3 2
m 1 2 2
m 2 5 2
m 3 3 0
p
m 1 1 1
m 1 1 5
m 2 0 0
m 3 3 4
b 3
m 1 5 0
m 2 3 0
m 2 0 0
m 1 4 5
m 1 1 3
m 3 4 5
m 3 5 4
m 1 5 0
m 2 4 5
m 2 5 0
p
m 3 3 4
m 1 5 4
m 2 3 0
b 2
p
m 3 5 2
m 1 5 0
q 2
m 3 2 1
m 1 3 3
m 3 0 1
q 3
m 1 5 0
m 1 4 0
m 2 5 4
m 1 1 4
m 1 4 0
q 1
m 2 5 1
m 2 4 1
m 3 5 1
m 3 5 0
b 3
m 1 4 0
p
m 2 4 5
m 3 2 0
m 2 0 4
m 2 0 1
m 3 1 0
q 3
m 1 3 5
m 1 2 2
m 2 4 4
f 2
m 3 5 5
m 3 5 1
m 1 5 0
m 2 3 0
q 2
m 3 5 3
m 3 4 4
q 3
m 1 3 5
m 1 2 3
m 2 0 2
m 2 3 2
m 3 2 1
m 3 5 3
f 3
m 1 4 2
m 1 4 0
m 2 5 2
m 3 3 0
m 3 4 2
m 1 5 0
m 2 5 4
m 2 4 4
m 3 5 2
m 1 3 0
m 2 3 2
b 2
f 2
m 3 5 0
q 3
m 1 3 0
q 1
m 2 5 0
m 2 5 5
b 2
g 3 2 2
m 1 2 1
m 1 5 2
q 1
m 2 3 5
m 2 0 3
f 2
p
m 3 0 4
m 3 5 0
m 1 1 2
m 1 2 5
m 2 3 5
m 2 5 2
m 3 2 0

