B 10 7 2 34
m 1 2 5
m 1 6 3
m 2 3 7
m 2 5 4
m 1 3 4
m 2 6 4
m 2 9 4
m 1 4 0
m 1 6 6
m 2 3 1
m 1 2 4
m 1 9 5
f 1
m 2 4 4
q 2
m 1 6 2
b 1
m 2 5 4
m 2 6 0
m 2 7 6
f 2
m 1 1 1
m 1 8 3
m 2 5 1
m 2 4 5
q 2
m 1 2 2
m 2 2 1
m 2 8 4
m 1 2 4
m 2 2 0
m 1 6 1
m 2 0 9
m 2 9 0
m 1 7 2
m 2 1 9
m 2 8 5
p
m 1 3 9
b 1
m 2 2 9
m 1 5 4
m 2 2 1
m 1 2 8
f 1
g 1 4 5
m 2 0 7
b 2
m 1 9 1
m 1 2 3
q 1
p
m 2 0 1
m 1 2 1
b 1
m 2 3 3
g 1 0 9
m 2 2 5
m 2 7 1
m 1 7 2
q 1
m 2 0 8
m 1 9 6
m 2 4 4
m 1 0 8
m 1 0 4
m 2 3 7
m 2 3 5
q 2
f 1
p
m 2 2 8
m 2 5 2
m 1 6 2
m 1 4 2
q 1
m 2 3 4
m 1 6 3
m 2 2 9
m 2 0 5
f 2
m 1 0 1
m 2 0 8
m 1 6 6
m 1 7 2
m 2 4 1
m 2 5 5
f 2
q 2
m 1 0 7
m 1 3 0
m 2 0 1
m 2 9 2
m 1 6 8
m 2 0 1
f 2
m 1 4 1
m 1 3 2
q 2
m 1 6 4
m 1 4 6
f 1
f 2
m 1 0 8
m 2 3 1
q 2
m 1 0 5
m 2 3 9
m 2 2 3
q 2
m 1 4 1
m 1 0 1
m 2 2 3
m 2 0 3
b 2
m 1 4 1
g 1 1 5
m 2 1 8
q 2
m 1 8 6
m 1 4 0
b 1
m 2 3 1
m 1 7 6
f 1
q 1
p
m 2 0 0
f 2
m 1 1 5
f 1
m 2 6 0
m 2 1 1
m 1 1 5
m 2 1 8
m 1 0 7
m 1 9 4
m 2 6 5
m 1 6 3
m 1 2 6
m 2 4 4
q 2
m 1 4 2
m 2 6 5
m 2 0 5
m 2 5 3
p
m 1 5 7
m 2 3 0
m 2 5 2
m 1 6 3
m 1 3 6
m 2 1 4
m 1 3 1
m 1 9 0
m 2 2 0
m 2 4 1
m 1 5 7
m 1 4 4
m 2 2 0
m 1 3 4
m 1 4 1
m 2 3 7
m 2 5 0
m 1 2 0
m 1 6 4
p
m 2 0 8
m 2 3 4
m 1 6 0
m 2 5 7
m 2 7 5
m 1 0 1
m 1 0 0
m 2 6 2
g 2 5 9
m 1 3 7
f 1
f 2
m 1 5 5
b 1
m 2 2 1
m 1 4 7
m 1 3 0
m 2 2 8
m 1 2 1
m 1 7 0
m 2 6 1
m 2 9 2
p
m 1 3 9
m 2 2 1
m 2 3 0
m 1 2 8
m 1 3 6
m 2 8 0
m 2 9 5
m 1 3 9
b 1
m 2 2 0
m 2 1 1
q 2
m 1 3 7
b 1
g 1 4 6
m 2 3 7
q 2
m 1 0 1
m 1 0 0
m 2 7 5
m 1 3 7
f 1
q 1
m 2 4 7
m 2 2 5
f 2
m 1 0 1
m 2 3 4
f 2
m 1 6 5
f 1
m 2 5 6
m 2 2 4
f 2
q 2
m 1 4 5
m 1 2 3
m 2 3 7
m 2 9 2
b 2
q 2
m 1 3 7
m 2 5 4
m 2 0 6
f 2
m 1 2 0
m 1 6 6
m 2 8 4
m 2 4 3
m 1 1 8
m 1 4 0
m 2 2 8
b 2
m 1 8 0
m 2 1 8
m 2 0 5
p
m 2 4 7
m 1 1 3
m 2 8 0
b 2
q 2
m 1 7 6
f 1
m 2 4 7
m 1 4 7
m 2 9 1
q 2

