B 16 15 3 77
m 1 0 1
m 3 7 14
m 1 0 10
m 2 9 8
m 3 5 0
m 1 4 4
m 2 6 1
m 3 5 2
q 3
m 1 4 0
m 2 10 2
m 3 10 9
m 2 10 6
m 3 2 8
b 3
m 1 13 9
m 2 6 5
m 2 5 8
q 2
m 3 2 8
m 3 8 8
g 3 1 6
m 1 14 13
m 1 0 7
m 2 13 5
f 2
m 3 4 8
m 1 10 12
b 1
m 2 14 13
m 3 1 11
m 1 5 10
m 1 9 10
m 2 11 3
m 2 5 9
m 3 8 2
m 1 11 13
m 1 15 14
m 2 12 6
m 2 2 3
m 3 12 9
m 3 11 7
b 3
m 1 12 4
m 1 14 9
f 1
m 2 12 11
f 2
p
m 3 12 0
m 1 5 2
m 1 1 5
b 1
m 2 10 12
b 2
m 3 2 11
m 1 11 8
m 1 5 3
m 2 6 8
m 3 14 2
m 1 4 7
m 1 14 8
b 1
m 2 13 4
m 3 11 8
f 3
m 1 6 5
m 2 10 13
m 2 2 9
m 3 0 3
f 3
q 3
m 1 14 2
m 2 4 5
b 2
m 3 0 8
m 3 9 5
m 1 10 0
m 2 10 3
m 3 9 11
q 3
m 1 14 10
m 1 15 14
b 1
g 1 8 9
m 2 3 13
b 2
m 3 5 2
m 3 3 7
m 1 9 1
m 1 14 8
b 1
f 1
m 2 3 15
m 2 3 11
m 3 9 3
m 1 11 7
m 1 11 3
m 2 7 12
m 3 8 0
m 3 12 11
m 2 2 12
m 3 1 4
m 1 10 4
m 2 5 8
m 2 7 4
b 2
f 2
m 3 4 4
b 3
q 3
m 1 4 0
m 2 13 0
m 2 11 5
m 3 10 12
q 1
m 2 13 2
b 3
p
m 1 10 3
m 1 1 9
q 1
m 2 11 8
m 2 12 6
m 3 5 15
p
m 1 6 0
m 2 9 7
f 2
m 3 1 4
m 1 10 11
m 1 5 2
m 2 4 11
m 2 11 11
b 2
m 3 1 7
m 3 2 7
m 1 11 5
m 2 0 5
f 2
m 3 2 7
p
m 1 13 13
m 1 5 12
b 1
f 1
m 2 15 2
m 3 15 3
m 3 14 5
g 3 12 2
m 1 12 4
m 3 5 2
m 1 6 1
m 2 2 2
m 2 15 8
g 2 12 5
m 3 3 5
m 1 3 14
b 1
q 1
m 2 12 11
m 2 9 11
m 3 6 0
m 1 2 11
b 1
g 1 0 12
m 2 10 15
m 2 11 11
q 2
m 3 2 0
m 3 9 2
m 1 2 3
m 1 13 11
q 1
p
m 2 12 8
m 3 1 3
m 1 15 8
m 1 8 12
m 2 8 3
m 3 4 11
m 3 15 5
m 1 2 12
m 1 0 7
m 2 6 5
m 2 12 0
m 3 5 8
m 3 0 4
m 1 13 15
m 2 7 8
f 2
m 3 2 5
b 3
q 3
m 1 4 10
m 2 4 15
m 3 2 4
m 1 6 13
m 1 8 11
b 1
m 2 1 11
m 2 0 0
m 3 5 6
m 3 4 11
m 1 2 6
m 1 0 11
m 2 3 14
m 3 8 13
m 3 9 12
m 1 11 6
m 1 11 5
m 2 0 13
q 2
m 3 13 6
b 3
f 3
m 1 9 7
m 2 11 6
m 2 4 11
g 2 12 8
m 3 9 11
f 3
m 1 13 12
m 3 9 3
m 3 7 8
m 1 14 12
m 1 9 2
m 3 10 6
m 3 2 7
f 3
m 1 12 0
m 1 0 7
m 2 14 0
m 3 11 15
b 3
m 1 15 4
m 1 7 4
q 1
m 2 14 10
m 3 4 14
m 3 5 0
q 3
m 1 0 15
m 2 10 5
m 3 3 2
m 1 3 0
m 2 14 0
m 1 0 11
f 1
m 2 10 7
m 2 11 0
m 3 8 3
g 3 5 10
m 1 7 5
f 1
m 2 4 8
m 2 3 11
b 2
f 3
m 1 14 8
m 2 6 8
m 3 11 6
m 3 10 13
m 1 14 13
m 1 6 1
m 2 14 2
m 2 9 7
m 3 1 1
m 1 12 4
b 1
m 2 0 6
m 2 11 9
m 3 13 12
m 3 10 2
m 1 14 12
p
m 2 2 0
b 2
g 2 6 2
m 1 1 4
m 2 5 14
m 3 6 9
m 1 14 6
m 2 14 2
m 3 8 3
m 1 2 8
m 2 6 6
m 2 12 2
m 3 4 14
m 1 2 0
m 1 1 7
f 1
m 2 1 8
m 2 0 11
m 3 4 9
f 3
m 1 14 13
m 2 10 3
m 3 10 6
m 3 8 11
m 1 10 12
m 1 14 5
m 2 6 1
m 2 9 12
m 1 7 3
m 1 9 3
m 2 6 8
m 2 12 11
m 3 6 1
m 1 1 4
m 1 14 0
m 2 5 5
m 2 9 7
m 1 1 11
m 1 8 1
q 1
m 2 2 4
b 2
f 2
g 2 9 7
m 3 10 1
m 1 7 13
m 2 10 3
m 2 10 11
m 3 0 13
m 1 1 5
m 1 3 9
b 1
m 2 12 8
m 3 14 4
q 1
m 2 14 9
b 2
f 2
q 2
m 3 7 8
m 3 4 9
m 1 12 1
m 2 1 13
m 2 6 8
q 2
p
m 3 9 0
m 3 10 9
m 1 1 3
f 1
m 2 4 10
m 2 5 11
f 2
m 3 10 0
m 1 9 9
m 1 9 9
m 2 10 2
m 3 12 12
m 1 15 6
m 2 12 4
q 2
m 1 1 15
m 2 8 14
m 3 3 5
m 1 11 7
m 1 4 6
m 2 4 6
b 2
m 3 2 1
m 3 11 6
m 1 13 8
b 1
m 2 5 6
m 2 12 0
p
m 3 13 6
m 3 8 9
m 1 0 7
m 2 11 10
m 3 1 3
m 3 0 11
b 3
m 1 4 5
m 1 12 13
m 2 14 10
m 2 6 8
m 3 13 7
m 1 11 7
m 2 2 0
b 2
f 3
g 3 5 6
m 1 12 1
m 1 15 6
m 2 6 1
m 3 13 12
m 3 14 6
f 3
p
m 1 10 15
m 2 10 13
g 2 7 4
m 3 5 6
m 3 8 6
q 3
m 1 6 9
m 2 14 1
m 3 0 6
q 3
m 1 12 0
m 2 5 8
m 2 1 10
m 3 4 4
m 3 15 1
m 2 14 1
q 2
m 3 3 3
m 3 4 8
q 3
m 1 14 7
m 1 2 13
m 2 9 15
m 2 6 12
m 3 2 5
m 1 1 5
m 1 8 11
m 2 9 3
m 2 6 4
b 2
m 1 2 11
m 1 4 12
m 2 1 7
m 2 0 0
m 3 14 1
m 3 11 1
m 1 11 14
m 1 4 3
m 2 2 2
p
m 3 4 3
m 1 10 8
m 1 9 1
m 2 13 15
m 2 11 11
m 3 6 6
m 3 13 0
m 1 13 10
m 2 2 1
m 3 12 15
m 3 1 14
m 1 10 3
b 1
m 2 11 6
m 3 10 15
m 3 7 14
m 1 12 5
m 1 1 12
g 1 8 15
m 2 6 13
m 2 15 3
m 1 2 6
m 2 1 3
m 2 13 10
m 3 14 14
m 3 15 2
m 1 14 12
m 2 4 0
m 3 10 15
b 3
f 3
m 1 10 3
m 2 6 5
q 2
m 3 0 7
m 2 1 8
m 2 2 9
m 3 7 12
m 1 15 3
f 1
m 2 0 7
m 2 11 6
m 3 11 12
q 1
m 2 10 15
m 2 10 0
m 3 1 13
b 3
m 1 10 10
m 2 4 3
m 3 3 14
b 3
m 2 8 7
m 2 15 11
f 2
m 3 2 4
f 3
q 3
m 1 0 10
m 2 4 5
b 2
m 3 13 9
m 3 13 12
g 3 6 14
m 1 6 3
m 2 15 5
m 3 0 15
m 1 4 5
m 2 4 9
p
m 2 7 6
m 3 6 9
m 1 3 12
m 1 1 6
m 2 5 11
m 3 14 10
m 3 7 7
m 1 9 0
m 3 9 14
m 1 7 12
m 3 12 4
m 2 1 11
m 3 13 0
q 3
m 1 0 1
m 1 2 3
m 2 7 15
f 2
m 3 10 12
m 1 3 13
m 2 15 9
p
g 3 0 6
m 1 2 4
g 1 6 13
m 2 3 12
m 2 3 7
m 3 5 5
g 3 1 6
m 1 9 7
q 1
m 2 1 5
m 2 15 3
b 2
m 3 0 3
m 1 1 6
m 2 2 0
m 3 5 14
m 1 5 5
m 2 1 13
m 3 0 7
m 3 7 6
m 1 10 6
m 1 10 6
m 2 2 6
m 3 10 8
m 3 9 13
f 3
p
m 1 13 3
m 2 13 4
m 3 14 9
f 3
m 1 15 3
m 2 11 7
m 2 9 5
b 2
m 3 1 13
m 3 1 1
m 1 7 10
b 1
m 3 14 2
m 2 14 5
q 2
m 3 10 3
m 1 2 4
m 2 12 15
m 3 10 15
m 3 4 8
m 1 1 5
m 2 2 1
m 2 9 9
m 3 4 5
m 3 2 4
m 1 7 6
m 1 10 11
p
m 2 6 9
m 2 10 2
f 2
m 3 7 12
m 1 7 12
m 1 8 0
m 2 11 6
m 3 5 5
m 1 4 9
m 2 6 3
m 2 10 3
q 2
m 3 5 11
m 3 8 1
m 1 11 7
m 1 1 8
m 2 2 1
m 2 5 1
m 3 2 6
m 3 9 7
f 3
m 1 1 4
b 1
m 2 12 7
m 3 14 12
m 3 11 1
g 3 13 1
m 1 4 5
m 2 1 13
m 2 9 14
m 3 6 9
m 3 12 9
m 1 0 6
m 1 9 11
m 2 0 0
m 2 7 6
m 3 13 5
m 3 2 8
m 2 1 14
m 3 9 4
m 1 10 5
m 2 3 7
m 3 11 14
m 1 11 7
m 1 12 0
m 2 2 7
b 1
m 2 2 6
m 2 8 1
b 2
m 3 12 5
m 3 2 7
m 2 2 0
m 3 3 14
m 3 3 2
m 1 10 6
m 2 14 0
m 3 7 10
m 3 10 9
m 1 9 5
m 1 14 6
b 2
p
m 3 14 12
m 1 6 3
m 2 0 12
m 2 15 14
f 2
f 3
g 3 13 6
m 1 14 0
m 1 0 11
g 1 9 11
m 2 6 9
m 3 13 12
m 1 4 11
m 1 8 0
f 1
m 3 11 6
b 3
m 1 14 10
m 2 1 7
m 2 9 3
m 3 1 13
q 1
m 3 14 9
f 3
m 1 1 1
m 1 2 13
m 2 13 4
m 3 4 11
m 1 4 5
m 1 0 9
b 1
m 2 1 4
b 2
m 3 1 13
b 3
m 1 6 13
m 2 14 12
m 2 13 10
m 3 4 5
m 3 5 12
g 3 1 0
m 1 11 14
m 2 0 1
m 2 15 12
m 3 13 9
f 3
q 3
m 1 4 10
m 2 13 15
m 2 14 2
m 3 6 6
m 1 1 7
m 2 1 7
m 1 1 3
m 1 7 6
q 1
m 2 13 15
m 3 10 5
m 1 4 11
m 1 1 9
m 2 8 3
m 2 11 14
f 2
m 3 7 13
m 1 14 2
m 2 14 10
m 2 9 5
m 3 10 1
m 1 3 14
m 1 0 8
m 2 11 1
m 3 2 12
b 3
m 1 14 12
m 2 3 2
b 2
m 3 14 4
m 1 7 5
m 1 3 14
m 2 6 3
m 2 6 1
m 3 4 5
m 3 12 5
m 1 3 12
m 1 2 9
m 2 13 7
m 3 0 9
m 1 14 13
m 2 0 2
b 2
m 3 2 11
m 1 2 4
m 1 4 13
q 1
m 2 13 12
m 2 7 14
m 3 0 1
m 3 11 6
q 3
m 1 4 3
m 1 15 11
q 1
g 1 3 5
m 2 13 5
m 2 10 0
f 2
m 3 10 6
m 1 13 15
m 2 6 9
m 3 12 2
p
m 1 1 11
m 2 4 11
m 3 3 14
m 3 13 10
g 3 0 6
m 1 14 5
q 1
m 2 11 14
m 2 8 12
m 3 4 4
m 1 4 8
m 2 5 5
m 3 0 1
m 3 2 13
m 1 13 4
m 1 1 7
m 2 10 7
m 3 0 11
m 1 5 8
m 1 9 3
f 1
m 2 12 7
m 2 7 2
p
m 3 9 7
m 1 14 2
m 1 9 1
m 2 13 5
q 2
m 3 7 1

