B 9 7 3 21
m 1 4 1
b 1
q 1
m 2 6 2
m 2 4 0
g 2 1 4
m 3 4 7
m 3 2 4
p
m 2 7 5
f 2
q 2
m 3 1 7
m 3 6 2
m 1 3 3
m 2 6 0
m 1 3 6
p
m 2 0 3
b 2
f 2
q 2
p
m 3 3 2
b 3
m 2 6 0
m 2 6 1
m 3 4 8
m 3 5 4
m 1 4 7
b 1
f 1
m 2 2 4
m 3 0 5
m 3 0 2
m 1 2 4
m 2 2 4
m 2 0 2
m 1 2 2
m 1 3 2
f 1
m 2 7 2
f 2
m 3 8 1
m 3 4 5
m 1 5 3
m 1 3 3
m 2 6 0
m 2 4 1
p
m 3 1 7
m 3 0 0
m 1 4 4
m 1 2 0
m 2 3 6
m 2 7 0
b 2
f 2
m 3 3 3
m 3 2 5
m 1 6 8
m 1 7 3
g 1 5 7
q 2
m 3 4 5
f 3
f 1
m 2 2 0
m 2 3 6
m 3 5 5
m 1 4 6
m 1 0 3
m 2 3 4
m 2 1 2
m 3 6 5
m 3 0 2
m 1 4 0
m 1 3 3
m 2 6 0
m 3 1 4
m 1 1 7
m 1 8 1
m 2 6 6
m 2 7 3
m 3 5 4
m 1 5 1
m 3 3 2
f 3
m 1 2 4
m 2 0 3
m 2 5 3
p
m 3 1 2
m 3 2 3
m 2 2 5
m 3 7 5
m 3 5 6
q 1
m 2 5 3
m 3 5 1
m 1 4 6
m 2 1 1
m 2 5 2
f 2
q 2
m 3 5 5
m 3 5 2
f 3
m 1 0 3
m 2 5 8
m 2 6 3
b 2
m 3 5 2
m 1 8 1
m 2 1 3
m 2 6 6
m 3 7 0
m 1 6 0
m 1 5 0
m 2 6 7
m 2 4 6
q 2
m 3 3 6
m 1 2 8
p
m 3 4 8
m 3 1 1
m 1 6 2
m 1 7 4
m 2 6 1
m 2 2 4
p
m 3 6 2
p
m 1 5 0
m 2 4 8
m 3 3 4
m 3 5 3
m 1 4 6
m 2 0 6
m 3 4 4
m 1 1 0
m 2 5 5
m 2 7 0
m 3 1 2
q 3
m 1 6 8
m 1 0 5
m 2 1 7
q 2
m 3 2 8
m 3 5 0
m 1 4 0
m 2 6 2
m 2 4 6
m 3 5 3
p
m 1 0 5
m 1 3 3
m 2 4 5
g 2 0 2
m 3 6 7
f 3
g 3 4 7
m 1 4 0
m 1 4 3
b 1
q 1
m 2 0 4
q 2
m 3 6 1
m 3 7 1
m 1 5 3
m 2 3 8
m 2 4 1
q 2
m 3 4 6
m 3 4 1
m 2 0 8
m 3 1 3
m 3 8 6
q 3
m 1 1 2
m 2 2 2
m 2 6 4
m 3 4 8
f 3
m 1 6 7
m 2 1 3
m 2 3 2
m 3 5 1
m 1 6 4
q 1
m 2 0 5
m 3 0 8
m 3 7 4
b 3
m 1 2 4
m 2 0 8
m 3 6 3
m 3 5 2
m 1 2 8
m 1 6 0
m 2 2 4
m 2 5 4
m 3 8 2
m 3 2 2
m 1 0 3
b 1
q 1
m 2 1 2
f 2
m 3 8 1
b 3
m 1 1 0
m 1 5 5
m 2 6 1
m 2 6 0
m 3 6 2
m 3 0 5
m 1 1 3
m 2 2 0
m 2 6 2
m 3 1 3
m 3 6 4

