B 7 4 3 10
m 1 1 3
m 2 1 0
m 3 0 0
b 3
m 1 2 0
m 1 6 3
m 2 1 3
q 2
m 3 5 1
q 3
m 1 1 3
m 1 6 2
m 2 3 5
f 2
m 3 0 4
b 3
m 1 1 1
m 1 2 1
m 2 2 2
m 2 4 3
m 3 2 3
m 3 2 3
m 1 5 0
b 1
m 2 2 5
b 2
m 3 2 0
q 3
m 1 4 2
m 2 1 4
m 3 5 3
m 1 1 6
m 1 4 0
m 2 6 1
m 2 4 1
m 3 6 3
m 1 2 1
m 1 6 0
m 2 4 2
m 2 6 2
m 3 3 3
m 1 3 0
m 1 3 3
q 1
m 2 2 5
m 2 5 1
m 3 1 0
m 3 1 2
q 3
m 1 6 1
m 1 4 3
m 2 1 0
m 2 5 1
m 3 6 0
m 1 2 3
m 2 6 3
m 3 5 0
b 3
m 1 6 3
b 1
m 2 3 0
m 3 0 2
b 3
q 3
m 1 1 3
m 2 2 3
f 2
m 3 3 3
m 1 1 0
m 1 0 0
m 2 3 0
m 2 3 2
m 3 1 3
m 3 3 1
m 1 3 0
m 1 4 2
b 1
m 2 6 2
m 2 1 2
m 3 1 0
m 3 0 3
q 3
m 1 5 1
m 3 1 0
f 3
m 1 2 1
m 1 0 0
q 1
m 2 2 1
m 2 1 0
m 3 4 0
m 1 5 0
m 2 0 3
m 3 6 2
m 1 3 3
f 1
m 2 2 5
m 2 5 1

