B 5 10 2 9
m 1 5 1
m 1 0 9
p
m 2 4 2
m 2 4 6
m 1 8 0
m 1 0 2
q 1
m 2 2 2
m 1 7 4
m 1 1 5
b 1
f 1
g 1 2 4
m 2 0 2
m 1 2 1
m 1 5 0
m 2 2 3
m 1 9 3
m 1 0 3
m 2 2 3
m 2 3 0
f 2
m 1 2 1
m 1 0 3
m 2 8 2
m 1 8 0
m 1 3 7
q 1
m 2 5 4
q 2
m 1 3 9
m 2 7 1
m 2 1 1
q 2
m 1 3 0
m 1 4 9
q 1
m 2 4 3
m 1 0 1
m 2 0 2
m 1 7 4
m 1 1 5
m 2 5 4
b 2
m 1 3 1
q 1
m 2 1 4
m 1 5 3
m 2 8 3
m 2 2 2
f 2
m 1 3 1
b 1
q 1
m 2 7 0
g 2 9 4
m 1 2 1
m 2 4 2
m 1 8 1
m 1 7 1
m 2 2 7
m 1 8 4
q 1
m 2 4 3
g 2 3 0
m 1 7 4
m 1 1 0
m 2 9 1
m 1 3 0
m 1 4 3
q 1
g 1 2 2
m 2 8 3
m 2 4 3
m 1 4 2
m 2 2 3
m 1 0 4
m 2 2 7
m 1 8 3
m 1 3 6
m 2 2 4
q 2
m 1 2 5
m 1 4 2
m 2 0 2
q 2
m 1 2 1
m 1 1 3
m 2 0 4
m 1 4 4
m 1 0 5
f 1
g 1 4 2
m 2 4 6
m 1 7 4
m 1 0 6
m 2 3 4
m 1 1 2
q 1
g 1 3 2
m 2 4 4
m 1 3 5
m 2 8 4
b 2
m 1 2 3
b 1
m 2 0 0
p
m 1 6 1
f 1
m 2 8 0
m 2 2 8
m 1 3 9
m 2 3 3
q 2
m 1 6 2
m 1 1 9
m 2 7 0
m 1 6 2
q 1
m 2 0 7
m 1 8 0
m 2 8 3
m 2 4 1
m 1 0 8
b 1
m 2 0 4
m 2 0 7
m 1 7 1
m 1 1 5
p
m 2 2 3
m 1 8 1
m 1 4 8
b 1
m 2 4 0
m 2 1 3
b 2
m 1 6 1
m 1 1 2
f 1
m 2 6 1
m 1 9 2
m 1 3 3
q 1
m 2 8 3
m 2 3 7
m 1 0 0
b 1
m 2 3 7
p
m 1 6 2
m 2 1 3
m 2 1 1
m 1 9 2
m 1 4 2
m 2 2 4
m 2 3 1
m 1 9 2
m 1 0 2
g 1 8 2
m 2 5 4
m 2 4 4
p
m 1 4 3
m 1 1 9
q 1
m 2 6 2
m 2 1 1
p
m 1 2 3
m 1 2 2
m 2 2 3
f 2
m 1 4 7
m 2 7 1
m 2 4 1
m 1 7 1
m 1 2 9
m 2 0 2
m 1 7 1
m 1 1 8
m 2 7 1
m 2 1 7

