B 9 5 6 4
m 1 4 5
m 1 1 1
q 1
m 2 0 4
m 2 4 3
q 2
m 3 3 0
m 4 4 5
m 4 4 4
q 4
g 4 4 0
m 5 4 6
m 5 1 0
m 6 7 3
m 1 0 4
m 1 2 2
q 1
m 2 1 2
m 3 1 4
m 3 8 1
p
m 4 4 3
m 4 4 3
m 5 4 5
m 6 5 4
m 2 2 1
m 3 0 6
m 3 0 3
m 4 0 7
f 4
m 5 3 0
m 5 2 0
p
m 6 2 7
m 1 4 1
m 2 3 2
m 2 1 4
m 3 2 5
m 4 6 1
m 5 4 2
m 5 3 4
m 6 1 5
m 1 4 7
m 2 4 7
m 3 0 0
m 3 8 0
f 3
m 4 3 1
m 4 8 0
m 5 4 4
m 1 0 4
m 1 5 3
m 2 0 5
m 2 4 2
m 3 0 6
m 3 7 0
m 4 2 3
m 4 4 3
m 5 1 5
m 6 4 7
m 6 8 4
q 6
g 6 3 0
m 1 7 1
m 2 4 7
m 2 7 0
q 2
m 3 5 1
f 3
m 4 4 7
b 4
m 5 4 0
m 5 3 1
p
m 6 3 1
m 6 0 1
q 6
m 1 0 5
m 1 7 0
m 2 1 7
m 3 4 6
m 3 6 2
q 3
m 4 1 0
m 5 6 4
m 5 2 1
m 6 3 8
f 2
m 3 3 3
m 3 3 3
p
m 4 8 4
f 5
m 6 2 7
m 6 1 1
m 1 1 7
m 1 1 0
m 2 0 3
f 2
m 3 2 0
m 3 2 4
m 4 2 7
m 4 7 3
m 5 8 2
b 5
m 6 4 6
f 6
m 1 7 4
f 1
m 2 3 0
m 2 5 3
m 3 4 6
m 3 5 1
f 3
m 4 8 2
m 5 0 5
m 6 2 5
m 6 5 3
b 6
m 2 3 3
m 2 7 0
q 3
p
m 4 2 3
m 6 0 6
m 6 3 4
m 1 1 0
m 2 2 7
m 2 3 2
m 3 0 0
m 3 4 2
m 4 2 6
q 4
m 6 3 6
m 6 6 4
m 1 7 3
m 2 3 6
m 4 2 0
m 4 4 2
m 5 1 7
m 6 2 6
m 6 3 0
m 1 1 0
m 2 3 6
m 3 2 6
m 4 8 3
m 5 4 7
m 5 8 0
m 6 2 6
m 6 2 4
q 6

