B 7 6 4 11
m 1 3 5
m 2 4 1
m 2 0 4
m 3 0 0
m 3 4 3
m 4 1 5
m 4 1 1
m 1 2 0
f 1
m 2 0 1
q 2
m 3 1 5
m 3 5 5
m 4 5 6
m 1 2 5
b 1
f 1
m 2 6 1
m 2 3 1
m 3 2 3
m 4 4 1
m 4 5 0
m 1 2 0
m 2 2 1
m 3 0 6
g 3 1 3
m 4 2 0
m 4 0 2
f 4
m 1 6 5
m 2 6 5
p
m 3 2 5
m 4 3 5
m 4 2 5
b 4
m 1 3 1
m 1 4 1
b 1
m 2 5 0
m 3 2 1
m 3 6 5
m 4 5 3
b 4
m 1 4 6
m 1 1 0
b 1
m 2 5 4
m 3 2 5
m 3 0 3
m 4 6 0
m 1 2 2
m 2 4 2
m 2 0 2
b 2
m 3 2 5
b 3
q 3
m 1 3 6
p
m 2 4 4
m 2 6 4
m 3 4 5
q 3
m 4 2 6
f 4
m 1 5 0
m 1 4 3
m 2 2 6
m 3 3 6
m 3 5 0
q 3
m 4 5 0
m 1 0 4
b 1
m 2 2 6
m 3 2 3
m 4 0 3
m 4 1 0
b 4
p
m 2 3 3
m 3 4 3
q 3
m 4 4 3
m 4 3 5
m 1 2 6
m 2 2 3
m 3 3 1
p
m 4 6 4
m 1 3 1
m 1 3 5
b 1
m 2 2 3
m 3 2 3
b 3
m 4 2 6
m 4 5 3
m 1 0 2
m 2 2 5
m 1 0 3
m 1 6 1
m 2 4 1
m 2 6 5
m 3 4 2
m 3 0 5
b 3
p
m 4 5 0
m 1 4 1
q 1
m 2 1 3
m 3 3 6
m 3 0 4
m 4 4 3
m 4 6 0
b 4
m 1 2 5
m 1 6 0
m 2 0 2
m 3 0 5
b 3
q 3
m 4 2 1
m 1 4 2
m 1 0 2
m 2 2 1
m 3 3 6
m 4 2 5
m 4 3 3
m 1 1 5
m 1 2 2
m 2 1 5
m 2 5 2
m 3 1 2
m 1 4 3
m 1 5 3
b 1
m 2 4 2
m 2 4 5
m 3 3 6
m 4 0 2
m 4 3 4
q 4

