B 9 9 6 12
m 2 5 6
m 2 7 1
m 3 0 7
m 3 3 7
m 4 2 0
g 5 6 5
m 6 2 6
m 6 8 6
g 6 1 7
m 1 7 5
m 2 4 3
m 2 7 8
m 3 3 1
m 4 4 8
m 4 8 0
m 5 6 1
m 5 3 5
m 1 3 7
m 2 0 2
m 3 5 5
m 4 7 1
m 4 6 6
f 4
m 5 7 0
m 6 6 5
m 1 4 1
q 1
m 2 7 3
m 2 7 4
m 3 7 1
m 4 8 3
m 5 2 8
m 6 5 2
m 1 3 1
m 1 7 2
m 2 4 7
m 4 4 6
m 5 0 5
p
q 6
m 1 6 7
m 2 0 0
m 3 7 1
m 3 5 2
f 3
m 4 8 1
m 5 5 1
m 6 1 0
m 6 4 0
m 1 4 4
m 1 2 3
m 2 6 1
m 2 5 8
m 4 6 1
m 4 3 8
p
m 6 2 1
m 1 1 0
m 2 2 4
p
m 3 5 4
m 3 4 6
m 4 0 6
p
m 6 4 1
m 6 0 5
m 1 7 8
m 2 5 2
f 2
q 2
p
m 3 0 5
m 3 3 1
m 4 2 2
m 4 4 3
m 5 7 2
m 5 2 8
m 6 1 0
m 6 6 8
f 6
m 1 4 3
b 1
m 2 4 1
q 2
g 2 4 5
p
m 3 3 8
m 3 3 7
m 4 7 0
m 5 8 4
m 6 3 3
m 1 1 0
b 1
q 1
m 3 6 7
m 3 0 3
m 4 8 8
p
m 5 6 0
f 5
m 6 6 5
m 1 4 6
m 1 1 0
m 2 8 7
m 3 7 7
m 4 2 6
m 5 0 5
m 5 5 6
m 6 5 8
m 1 8 0
b 1
m 2 3 6
m 3 1 0
m 3 6 4
m 4 0 5
m 5 5 1
m 6 3 5
m 2 1 1
m 2 1 0
q 2
m 3 3 8
f 3
m 4 8 1
m 4 2 1
q 4
p
m 5 2 3
m 6 3 1
b 6
m 1 7 2
m 1 5 8
m 2 2 1
b 2
m 3 1 1
m 3 5 7
g 3 1 6
m 4 5 1
m 4 5 6
b 4
m 5 4 1
m 5 3 3
q 5
f 6
m 1 5 1
m 1 2 3
m 2 1 0
m 2 7 0
m 3 0 5
m 4 0 3
m 4 6 4
q 4
m 5 8 4
b 5
m 6 6 7
q 6
m 1 1 0
m 1 1 4
g 1 8 3
m 2 8 1
m 3 6 1
m 4 4 8
m 5 5 4
m 6 3 6
q 6
m 1 6 1
m 1 7 6
m 2 1 0
m 2 1 5
m 3 0 5
m 3 6 3
m 4 7 1
b 4
f 4
g 4 0 1
m 5 7 1
m 5 2 6
g 5 8 6
m 6 0 5
f 6
m 1 5 8
q 1
m 2 0 3
m 2 7 4
m 3 3 1
m 4 7 4
m 5 0 2
f 5
q 6
m 1 5 2
m 1 8 1
m 2 6 7
m 3 8 1
m 3 5 0
m 4 4 3
m 4 2 2
q 4
m 5 8 7
m 5 6 4
g 5 3 0
m 6 1 0
m 6 4 5
g 6 7 6
m 1 7 8
m 2 4 8
m 2 0 4
b 2
m 3 5 1
m 3 3 0
m 4 7 5
m 4 1 4
m 5 6 4
m 6 4 0
b 6
m 1 6 4
m 1 6 1
m 2 4 2
f 2
m 3 1 0
m 3 2 0
q 3
m 4 5 8
m 4 3 3
q 4
m 5 3 3
m 5 0 1
m 6 5 2
m 6 7 5
m 1 4 0
m 1 2 8
m 2 3 1
m 3 2 8
m 3 0 8
q 3
m 4 3 5
g 4 8 6
m 5 7 1
m 6 7 2
p
m 1 8 5
m 2 7 2
m 2 0 6
q 2
m 4 5 6
m 4 7 3
b 4
m 5 6 1
m 5 3 8
m 6 2 3
m 6 1 4
q 6
m 1 7 2
m 2 5 2
m 3 4 5
q 3
m 4 8 4
m 4 6 2
m 5 2 3
m 5 1 8
q 5
m 6 6 2
m 6 8 6
m 1 3 5
b 1
m 2 7 1
m 3 3 1
m 3 5 3
m 4 3 1
m 4 0 6
b 4
m 5 4 0
m 5 8 1
p
m 6 5 6
m 6 5 5
m 1 5 6
m 1 2 2
m 2 4 0
m 2 5 0
m 3 3 1
m 3 2 5
b 3
m 4 5 5
f 4
m 5 2 4

