B 10 9 5 9
m 1 0 3
m 1 1 1
m 2 0 7
m 3 6 7
m 4 5 2
b 4
m 5 8 3
m 5 6 0
m 1 4 1
m 1 5 3
f 1
m 2 5 6
m 3 4 4
m 3 1 7
m 4 5 8
m 5 4 3
m 5 9 7
m 1 6 9
m 1 1 6
m 2 4 3
m 2 0 0
m 3 0 1
m 3 1 8
m 4 2 7
m 4 8 0
m 5 8 3
m 1 0 4
m 1 9 8
m 2 8 4
q 2
m 3 9 8
m 4 6 9
m 4 8 0
m 5 8 7
q 5
m 1 1 7
m 2 9 8
m 3 6 4
m 3 2 4
m 4 3 7
m 4 5 5
m 5 8 0
m 1 0 9
m 1 1 0
f 1
m 2 1 5
m 4 5 7
g 4 4 4
m 5 0 4
m 5 3 0
g 5 0 0
m 1 6 9
m 1 6 3
m 2 8 4
m 3 2 3
q 3
m 5 6 0
m 1 8 4
m 1 2 0
b 1
m 2 6 2
m 3 6 4
b 3
m 4 6 6
m 4 6 2
m 5 2 0
b 5
m 1 5 8
m 2 6 7
m 2 9 1
q 2
m 3 1 6
m 4 2 2
m 5 3 9
p
m 3 0 6
m 4 7 5
b 4
m 5 5 8
m 5 8 8
m 1 8 7
m 1 5 5
q 1
m 2 5 1
m 2 6 5
m 3 6 9
m 3 1 1
m 4 8 7
m 4 0 4
m 5 6 9
m 5 9 3
m 1 8 6
m 1 5 4
m 2 4 7
b 2
m 3 3 0
m 4 1 7
m 4 1 6
m 5 0 7
m 1 8 6
f 1
q 1
m 2 2 6
m 2 8 7
m 3 5 8
q 3
m 4 7 7
q 4
m 5 9 1
m 1 6 6
m 1 7 3
b 1
m 2 1 3
m 3 4 1
m 4 1 0
m 5 2 8
m 5 1 4
m 1 2 1
m 1 2 2
q 1
p
m 2 8 0
m 3 8 5
m 4 5 8
m 5 5 9
m 5 5 3
m 1 8 7
m 2 2 9
m 2 7 2
m 3 2 1
m 4 3 0
m 4 3 6
m 1 9 0
m 2 5 2
q 2
m 4 0 5
f 4
m 1 3 6
m 2 2 8
m 2 5 2
m 3 5 0
m 3 7 2
m 4 9 2
m 4 8 7
m 5 0 4
m 5 9 3
m 2 0 7
m 3 7 7
m 4 1 6
f 4
m 5 2 7
m 1 5 0
m 1 5 7
m 2 1 8
m 2 6 7
m 3 4 9
m 3 9 7
m 4 3 4
m 4 1 3
q 4
m 5 6 4
m 5 9 0
f 5
m 1 3 1
m 1 7 1
m 2 5 2
f 2
m 3 0 4
m 4 5 9
m 5 0 0
m 5 0 3
g 5 2 3
m 2 0 2
m 2 1 4
g 2 7 1
m 3 2 8
m 4 5 1
q 4
p
m 5 4 2
m 1 6 7
m 1 5 8
m 2 0 7
m 3 7 5
m 3 1 5
m 4 7 8
m 5 8 8
m 1 8 0
m 1 1 2
m 2 4 9
g 2 0 5
m 3 1 6
m 3 1 4
m 4 3 1
m 4 5 1
m 5 0 4
m 5 4 5
b 5
m 1 0 4
m 2 6 4
m 3 4 9
q 3
m 4 4 3
m 5 3 1
m 5 0 5
m 1 2 9
m 2 2 8
m 3 8 0
m 4 2 3
m 4 0 4
g 4 0 3
m 5 8 6
m 5 4 7
m 1 9 3
m 2 6 7
f 2
m 3 4 0
m 3 8 7
m 4 5 9
p
m 5 2 8
m 5 0 1
m 1 2 9
m 1 7 0
m 3 2 8
m 4 8 7
m 5 8 4
m 5 9 2
f 5
p
m 1 8 3
m 1 3 6
m 2 1 8
m 3 3 3
p
m 4 8 6
m 5 6 2
m 1 7 2
m 1 0 4
m 2 4 9
m 2 6 5
m 3 8 6
b 3
m 4 8 6
m 4 6 2
m 5 2 1
m 1 2 1
m 1 8 3
m 2 8 4
m 3 5 2
m 4 3 1
p
m 5 6 9
m 5 2 1
p
m 1 3 8
m 2 5 2
m 3 4 7
m 4 2 0
b 4
m 5 1 4
m 5 8 4
m 1 5 3
m 1 4 5
m 2 5 3
q 2
m 3 5 0
m 4 2 3
m 4 5 7
b 4
m 5 6 7
m 5 9 4
m 1 7 2
m 2 5 2
m 2 5 2
b 2
m 3 3 1
m 4 8 7
q 4
p
m 1 1 6
m 2 5 0
m 2 7 1
m 3 8 0
m 4 6 4
m 5 4 5
m 1 5 0
f 1
m 2 0 7
m 3 8 0
m 3 4 8
m 4 2 3
m 4 0 6
m 5 5 9
b 5

