B 6 6 5 3
m 1 5 1
m 1 1 2
m 2 0 5
m 3 4 5
m 4 1 3
b 4
f 4
m 5 0 5
m 1 4 0
m 2 0 5
m 4 3 1
m 4 1 2
m 5 4 4
m 5 5 2
b 5
m 1 2 4
m 1 3 0
p
m 2 0 5
m 2 0 2
m 3 1 3
m 4 5 3
m 4 4 3
m 5 1 3
m 5 5 2
m 1 2 0
m 1 1 5
m 2 5 3
m 3 5 5
b 3
m 4 0 0
m 4 3 4
m 5 5 2
m 1 5 0
m 1 0 5
m 2 5 2
m 3 5 3
m 3 3 0
m 4 5 4
m 4 1 0
m 5 5 0
m 1 2 2
g 1 2 5
m 2 4 2
m 3 1 4
m 4 2 5
m 4 4 4
m 5 5 3
f 5
m 1 1 2
m 1 1 4
m 2 5 2
m 3 3 2
m 3 2 4
f 3
q 4
m 5 5 2
m 5 1 4
m 1 1 1
b 1
m 3 5 2
m 4 5 1
m 4 0 5
m 5 0 1
m 5 1 5
m 1 3 3
b 1
m 2 4 4
m 3 5 3
m 4 4 3
m 4 3 0
m 5 4 0
m 5 3 1
m 1 3 0
m 1 3 5
m 2 1 2
m 2 2 2
b 2
m 3 0 5
m 3 1 2
q 3
m 4 0 1
m 5 4 5
m 1 5 3
m 1 0 5
m 2 3 0
m 4 1 2
g 4 4 4
m 5 5 3
m 1 1 2
m 2 5 1
m 2 2 1
m 3 2 4
m 4 3 0
m 4 4 1
m 5 0 0
m 5 2 3
g 5 4 1
m 1 3 0
m 1 0 5
m 2 4 3
m 2 0 5
m 3 4 0
m 5 3 0
m 1 3 0
m 2 4 3
m 2 3 2
m 3 5 3
m 3 4 3
m 5 5 3
m 5 1 1
m 1 1 2
m 2 4 0

