B 6 6 6 7
m 1 5 1
m 1 3 1
m 2 2 3
m 3 2 3
m 3 3 0
q 3
m 4 0 4
m 5 3 1
m 6 4 3
m 1 1 1
f 2
m 3 1 1
m 3 3 2
m 4 1 2
g 4 0 3
m 6 0 0
q 6
g 6 1 5
m 1 2 5
m 2 4 4
m 3 2 1
b 3
q 3
m 4 4 3
m 4 2 0
f 4
q 4
m 5 5 4
m 5 2 1
m 6 5 1
f 6
q 1
m 2 5 0
m 2 2 3
b 2
q 2
m 3 2 4
m 3 1 1
m 4 0 1
m 5 1 3
m 6 0 0
m 6 1 3
m 1 4 3
m 1 0 4
m 2 3 3
m 3 2 5
m 4 5 3
m 5 3 0
m 6 1 3
p
m 1 5 4
m 1 3 0
m 2 5 5
m 4 1 4
m 5 2 4
q 5
m 6 0 1
m 6 5 5
b 6
f 6
m 1 1 4
m 1 1 5
q 1
m 2 0 4
m 2 0 0
f 2
m 3 3 3
f 3
m 4 0 1
m 5 1 4
m 5 4 4
m 6 5 0
q 1
m 2 2 5
f 2
f 3
m 4 5 2
m 4 5 5
m 5 0 1
q 5
m 6 2 0
m 6 2 4
m 1 0 4
m 2 1 4
m 2 1 5
q 4
m 5 2 4
m 6 4 3
p
m 1 5 3
m 2 1 5
m 3 0 1
m 3 3 3
g 3 3 4
m 4 5 3
m 4 0 5
m 5 4 3
m 5 1 5
q 5
m 6 2 2
f 6
m 1 5 4
m 2 2 5
m 3 4 3
m 3 3 5
m 4 0 5
m 5 5 4
m 5 0 5
f 5
q 5
m 6 0 4
m 6 3 2
m 2 0 1
m 2 0 4
q 2
m 3 2 0
m 3 0 3
m 4 0 4
m 5 4 5
m 6 0 1
f 6

