B 15 13 4 44
m 1 12 12
f 1
m 2 1 13
m 2 10 3
m 3 11 2
m 3 9 1
b 3
m 1 6 1
m 1 7 9
m 2 1 0
q 2
m 3 9 12
m 3 7 4
m 4 9 0
f 4
m 1 3 12
m 2 10 7
m 3 8 8
m 3 7 12
m 4 0 8
m 4 6 2
m 1 10 10
m 1 5 5
m 2 4 8
m 2 12 12
m 4 4 0
m 1 1 10
q 2
m 3 5 10
m 4 6 0
m 4 14 5
f 4
m 1 3 12
m 1 2 3
m 3 8 14
m 3 8 0
f 3
m 4 4 8
m 1 12 12
m 2 9 8
q 2
m 3 7 2
m 4 14 11
m 1 9 9
m 2 10 11
m 3 10 9
m 3 7 12
m 4 3 1
f 4
q 4
m 1 6 12
m 1 9 7
f 1
q 1
m 2 3 4
m 2 11 5
m 3 10 3
m 3 1 12
q 3
g 3 4 3
m 4 11 1
m 4 4 1
p
m 1 9 13
m 1 14 7
m 2 5 2
m 2 12 0
m 3 12 14
m 3 12 7
b 3
q 3
m 4 4 10
m 4 1 2
m 1 10 1
m 2 7 11
m 2 14 12
m 3 9 8
m 4 8 7
m 4 5 2
m 1 6 8
m 1 3 5
m 2 6 11
m 3 0 0
m 3 7 10
m 4 3 6
m 4 5 3
m 1 3 1
m 2 8 12
q 2
m 3 9 3
m 3 9 12
f 3
q 3
m 4 6 10
m 1 10 13
m 1 2 4
m 2 2 3
m 2 1 10
m 3 1 5
m 3 10 6
m 4 0 12
m 4 3 9
m 1 12 3
b 1
m 2 4 1
m 3 2 12
m 3 10 7
f 3
m 4 2 2
m 4 12 9
m 1 14 9
m 2 5 12
m 2 14 1
m 3 13 0
m 3 0 5
m 4 4 1
m 4 1 9
m 1 6 9
f 1
m 2 1 1
b 2
q 2
m 3 4 12
g 3 2 2
m 4 4 4
m 4 12 7
m 1 0 12
g 1 2 2
m 2 9 4
m 3 13 7
m 1 9 5
m 1 1 7
m 2 5 4
m 3 14 11
b 3
q 3
m 4 8 14
g 4 4 5
m 1 1 5
q 1
m 2 13 5
m 2 0 12
b 2
p
m 3 10 2
m 4 11 12
q 4
m 2 3 6
m 2 0 0
m 3 4 10
m 3 0 6
g 3 3 12
m 4 12 3
m 4 1 2
g 4 3 9
m 1 9 2
m 2 2 14
m 2 14 3
m 3 10 3
m 4 1 8
m 4 7 9
f 4
m 1 9 2
m 1 8 2
m 2 11 13
m 3 1 11
m 4 11 9
m 4 2 1
m 1 11 4
m 2 7 12
m 2 7 12
m 3 1 7
b 3
m 4 4 1
m 4 2 11
m 1 9 4
m 2 7 2
m 3 1 7
m 3 11 3
m 4 9 4
m 4 13 1
m 1 6 5
m 2 2 6
m 2 4 8
m 3 9 6
m 4 8 2
m 4 2 5
b 4
f 4
m 1 6 5
m 1 13 5
m 2 4 2
m 3 0 11
m 3 2 3
m 4 4 13
m 4 1 1
m 1 8 3
m 2 9 0
m 4 10 13
m 1 11 3
m 1 13 11
m 2 0 7
b 2
p
m 4 6 4
m 4 10 12
f 4
g 4 12 7
m 1 8 2
m 1 7 2
m 2 10 13
m 3 9 0
m 3 14 7
m 4 4 8
m 1 3 13
m 2 2 11
m 3 8 12
m 3 12 0
m 4 6 2
f 4
m 1 9 8
m 1 2 8
m 2 7 8
q 2
m 3 8 14
g 3 3 10
m 4 6 4
m 4 10 12
m 1 10 7
m 1 2 12
m 2 4 14
m 2 8 10
m 3 0 11
m 3 12 0
m 4 2 12
f 4
m 1 2 3
m 2 8 11
m 2 13 6
q 2
m 3 11 1
m 4 8 11
m 4 4 7
m 1 3 7
m 1 6 6
f 1
m 2 3 2
b 2
m 3 11 4
m 3 12 11
m 4 9 2
m 4 13 7
m 1 11 3
m 2 4 0
m 2 4 3
p
m 4 14 8
m 4 12 4
m 1 0 9
m 3 0 0
m 4 10 2
m 4 14 1
q 4
g 4 3 11
m 1 7 0
m 1 11 3
m 2 0 14
m 2 3 8
m 3 1 8
m 4 11 11
m 1 0 10
m 1 10 8
m 2 8 13
m 2 1 2
m 3 0 0
m 3 0 12
m 4 13 4
m 1 10 10
m 1 7 8
m 2 9 5
g 2 9 1
m 3 7 7
m 3 11 6
m 1 6 4
m 2 7 5
f 2
m 3 6 12
m 4 4 14
m 4 10 5
m 1 10 2
p
m 3 5 7
m 4 9 5
m 4 11 9
q 4
m 1 3 1
m 1 8 6
q 1
m 2 11 2
m 2 4 10
m 3 1 8
m 3 5 12
f 3
m 4 0 11
m 4 14 3
m 1 4 1
m 1 12 11
f 1
m 2 12 3
m 2 8 7
m 3 6 12
m 3 4 9
m 4 6 12
m 4 6 4
m 2 7 12
m 2 12 9
f 2
m 3 1 12
m 3 10 6
b 3
m 4 9 5
m 1 2 6
m 1 2 2
m 2 7 11
m 2 9 12
q 2
m 3 8 13
m 4 7 11
m 4 10 6
b 4
q 4
m 1 11 5
m 1 3 7
m 2 4 1
g 2 8 8
m 3 1 7
m 3 6 4
m 4 5 12
m 4 14 6
p
m 1 3 6
m 1 9 11
m 2 10 9
m 2 2 3
q 2
m 3 7 0
m 4 3 1
m 4 9 5
m 1 9 2
m 1 11 1
m 2 6 12
m 2 7 2
m 3 4 14
m 3 11 10
m 4 11 5
m 4 13 9
f 4
m 2 2 13
m 4 8 12
m 1 10 9
m 1 2 2
m 2 0 2
m 2 9 3
m 3 3 0
m 3 9 4
m 4 1 8
m 4 8 0
f 4
m 1 12 13
m 2 10 5
m 2 8 11
q 2
m 3 1 7
m 3 14 2
b 3
f 3
m 4 0 10
m 1 9 12
m 2 14 1
m 2 5 2
m 3 8 13
m 3 9 10
g 3 5 12
m 4 7 6
m 4 13 3
m 1 10 9
m 1 3 5
f 1
m 2 10 3
m 2 10 3
m 3 10 13
m 4 4 14
m 1 5 4
m 2 4 0
m 3 1 0
m 3 3 9
b 3
m 1 10 7
m 2 10 12
m 2 9 0
m 3 11 3
m 3 0 12
m 4 10 3
m 4 0 9
b 4
m 1 9 6
m 2 3 3
m 2 7 0
m 3 8 12
m 3 5 8
m 1 4 3
m 1 6 5
m 3 7 6
m 3 0 8
m 4 4 0
m 1 3 4
m 2 4 4
f 2
q 2
m 3 4 8
f 3
m 4 10 5
m 4 12 9
m 1 6 1
b 1
m 2 10 12
m 3 10 3
m 3 2 6
f 3
m 4 5 8
m 1 10 2
m 2 10 14
m 2 14 4
m 3 10 14
m 3 6 6
g 3 3 8
m 4 8 2
m 4 10 4
m 1 4 0
m 2 5 3
m 3 5 12
m 3 0 11
m 4 12 13
m 4 4 4
q 1
m 2 11 4
m 2 3 3
p
m 3 0 5
m 3 1 5
m 4 0 2
m 1 1 4
m 1 3 11
p
m 2 1 4
m 2 8 11
b 2
m 3 0 5
f 3
g 3 8 0
m 4 11 4
m 1 10 3
m 3 3 1
m 3 12 10
p
m 4 3 11
m 1 6 1
m 1 13 5
m 2 3 7
m 3 7 2
m 4 4 5
m 1 12 13
m 1 5 11
m 2 1 5
g 2 8 2
m 3 9 1
m 4 0 10
b 4
m 1 0 10
f 1
m 2 0 5
m 2 8 0
m 3 14 2
m 4 0 11
m 4 0 7
m 1 1 8
m 1 11 0
m 2 5 3
m 2 13 8
m 3 5 11
b 3
m 4 1 7
b 4
f 4
m 1 4 3
m 2 4 10
g 2 12 3
m 3 3 11
m 4 2 12
m 4 0 5
q 4
m 1 0 2
m 2 2 13
m 2 5 2
m 3 6 4
m 4 5 12
m 4 8 0
m 1 6 1
b 1
p
m 2 7 11
m 3 9 5
m 3 0 4
m 4 10 13
m 4 1 3
m 1 7 11
m 2 5 12
m 2 2 8
m 3 3 0
q 3
m 4 0 7
m 1 6 4
m 2 0 2
m 2 14 12
m 4 7 11
m 1 13 2
m 2 0 5
b 2
m 3 1 8
m 3 5 12
m 2 0 5
m 3 8 12
q 3
m 4 4 8
m 1 1 7
m 1 0 10
f 1
m 2 7 6
m 3 1 7
m 4 5 12
b 4
m 1 6 5
b 1
m 2 10 2
m 2 7 3
p
m 3 10 8
m 3 1 0
m 4 8 11
b 4
m 1 7 11
f 1
m 2 7 11
m 3 7 7
q 3
m 4 12 13
m 1 11 7
m 2 1 5
m 3 5 11
m 3 9 4
m 4 3 3
m 4 6 3
q 4
m 1 10 2
q 1
p
m 2 12 13
m 3 5 10
m 3 10 2
m 4 11 0
m 1 9 5
b 1
q 1
m 2 7 6
m 2 11 5
b 2
p
m 3 0 2
m 4 7 6
m 1 4 8
q 1
m 2 0 2
m 2 9 5
m 3 1 7
q 3
m 4 5 12
m 4 7 0
m 1 7 1
m 2 9 2
m 2 2 4
m 3 12 13
m 3 1 10
m 4 3 12
m 4 7 4
m 1 2 11
m 2 0 10
m 3 10 0
m 4 5 12
m 4 0 10
m 1 3 0
m 2 10 11
m 3 8 12
m 4 6 4
m 1 6 4
m 2 1 6
m 2 4 2
m 3 8 8
m 3 0 7
m 4 0 5
m 4 10 1
m 1 0 5
m 1 4 0
q 1
m 2 9 2
m 2 9 7
m 3 1 8
f 3
q 3
m 4 0 5
b 4
m 1 10 13
m 2 2 12
m 2 9 4
q 2
m 3 3 0
p
m 4 1 8
b 4
m 1 0 8
b 1
m 2 5 8
b 2
m 3 7 6
b 3
m 4 0 2
m 4 2 3
b 4
m 1 13 8
m 2 7 6
m 2 2 8
m 3 8 11
m 3 13 6
m 4 7 12
m 4 11 12
q 4
m 1 9 2
m 1 8 0
m 2 7 8
f 2
m 3 10 9
m 4 6 4
m 1 3 11
f 1
m 2 12 13
m 2 14 3
p
m 3 8 12
b 3
p
m 4 5 4
m 1 13 6
q 1
m 2 10 14
m 2 0 9
b 2
m 3 9 8
q 3
m 4 13 2
m 4 1 12
f 4
m 2 5 12
m 2 14 0
m 3 10 5
q 3
m 4 13 5
f 4
m 1 8 11
m 1 5 3
m 2 5 1
m 2 12 4
m 3 8 12
m 4 3 11
p
m 1 10 13
m 1 9 8
m 2 1 5
q 2
g 2 0 11
m 3 6 4
m 3 5 1
m 4 8 11
m 1 6 11
m 1 5 8
m 2 2 6
m 2 6 1
q 2

