B 9 8 3 19
m 1 1 3
m 1 2 6
m 2 5 3
m 2 3 2
m 3 1 6
m 3 5 3
m 1 8 7
m 1 3 1
m 2 3 4
q 3
m 1 2 7
m 2 1 2
m 2 7 4
m 1 7 3
m 1 8 3
m 2 5 1
m 3 4 6
f 3
p
m 1 1 7
b 1
m 2 4 1
m 3 8 0
m 1 1 2
g 1 1 5
m 2 6 3
m 3 6 1
m 1 4 2
m 1 3 5
m 2 5 0
m 3 4 0
f 3
b 1
m 2 4 7
m 3 2 5
m 3 0 2
m 2 3 3
b 2
m 3 5 4
m 3 7 6
b 3
m 1 4 6
m 2 6 0
m 3 6 5
m 3 4 1
p
m 1 1 8
m 3 3 0
m 3 6 7
m 1 3 1
m 2 1 1
m 2 4 3
f 2
m 3 4 1
m 3 1 3
m 1 4 3
b 3
p
m 1 3 2
m 1 5 2
m 2 0 7
m 2 0 3
q 2
m 3 7 5
m 3 7 2
b 3
q 3
m 2 7 3
m 2 7 3
f 2
q 2
m 3 4 8
m 1 2 8
m 2 1 2
f 2
m 3 5 8
m 3 5 2
g 3 3 6
m 1 1 8
f 1
p
m 2 4 6
m 2 2 1
m 3 5 4
b 3
q 3
m 1 6 5
m 1 7 3
b 1
m 2 4 2
m 2 4 1
q 2
m 3 5 7
m 1 1 7
m 1 3 5
b 1
m 2 4 6
m 2 5 0
m 3 5 8
m 3 6 1
q 3
m 1 6 5
g 1 1 1
m 2 6 5
m 3 0 1
m 1 7 4
m 1 4 0
m 2 8 0
m 2 8 4
m 3 4 2
m 3 0 0
m 1 0 1
m 1 7 2
b 1
m 2 8 6
m 3 0 7
m 3 1 7
q 3
m 1 0 1
f 1
m 2 4 6
f 3
q 3
m 1 3 2
m 1 7 7
m 2 6 1
b 2
m 3 4 2
q 3
m 1 6 1
m 1 1 2
m 2 4 1
g 2 0 0
m 1 5 1
m 1 6 2
m 2 4 0
q 2
m 1 0 2
m 1 2 0
m 2 4 0
m 3 5 0
q 3
m 1 5 8
m 2 0 2
m 2 8 7
f 2
q 2
m 3 4 2
m 1 0 1
m 2 0 1
p
m 3 5 5
m 1 5 8
m 2 8 7
g 2 0 4
m 3 5 0
m 1 0 1
g 1 1 4
m 2 4 2
f 3
p
m 1 2 1
m 2 4 2
m 3 0 5
m 1 3 5
q 1
m 2 7 0
f 2
q 2
p
m 3 5 0
m 1 6 6
m 1 5 7
m 2 6 5
g 2 5 3
m 3 6 5
m 3 1 2
m 1 4 2
m 2 0 2
m 3 1 5
m 1 2 8
m 2 0 3
m 3 0 1
m 3 4 6
m 1 0 5
m 1 7 3
m 2 6 5
m 2 8 4
m 3 5 4
m 3 2 7
b 3
p
m 1 4 3
m 2 1 7
f 2
m 3 4 5
m 1 2 8
m 1 6 5
m 2 4 0
m 3 2 8
m 3 8 5
m 1 6 3
m 1 2 2
m 2 1 7
m 2 5 2
b 2
m 3 6 0
q 3
m 1 7 3
m 2 6 5
m 2 3 7
f 2
q 2
m 3 6 5
m 3 1 6
m 1 0 1
m 3 6 5
m 1 2 8
m 1 3 6
f 1
m 2 0 3
m 2 5 2
q 2
m 3 0 1
m 1 3 2
m 1 7 3
q 2
m 3 0 1
m 3 4 3
m 1 5 5
q 1
m 2 4 0
m 2 4 6
q 2
m 3 4 1
m 1 1 8
m 1 7 7
m 2 3 2
f 3
m 1 4 1
m 2 2 8
m 2 2 7
m 3 0 1
m 1 6 5
m 1 3 0
m 2 4 0
b 2
m 3 1 7
m 3 1 5

