B 4 8 6 6
m 1 3 0
m 1 3 3
b 1
m 2 1 0
m 2 0 4
b 2
m 3 6 0
f 3
m 4 6 2
m 4 3 1
m 5 4 1
m 5 0 6
m 6 3 6
m 1 1 1
m 1 0 4
m 2 2 0
f 2
m 3 0 1
m 4 7 0
m 4 1 3
p
m 5 2 3
m 6 0 0
m 6 2 3
f 6
m 1 3 3
m 1 2 7
m 2 2 1
m 3 5 2
m 4 2 3
m 5 2 6
m 6 1 0
m 1 7 3
m 2 1 3
m 3 2 2
m 3 1 7
g 3 1 2
m 4 3 3
m 5 4 1
m 5 1 5
m 6 7 0
m 6 1 0
m 1 5 0
m 2 3 0
m 2 0 1
m 3 6 1
m 3 1 4
m 4 5 3
m 5 3 0
m 5 3 6
q 5
m 6 2 7
m 1 6 1
m 1 1 7
f 1
m 2 2 3
m 2 0 1
m 3 0 5
m 4 2 5
m 5 2 0
m 5 2 0
m 6 4 2
m 6 0 6
m 1 3 0
m 2 1 6
m 2 3 2
f 2
m 3 3 0
m 3 1 1
m 4 4 3
m 4 2 2
m 5 1 3
m 6 2 2
m 6 2 0
b 6
m 2 2 0
m 3 3 5
m 4 2 0
f 4
m 5 3 0
m 6 2 3
m 6 3 7
m 1 3 0
m 2 0 7
m 2 0 4
m 3 2 0
m 3 3 7
m 4 0 2
m 4 1 6
b 4
q 4
m 5 4 3
m 6 3 0
m 6 2 3
p
m 1 3 0
m 1 2 2
p
m 2 3 0
m 3 4 2
g 3 1 1
m 4 4 2
m 5 4 3
m 6 3 2
m 6 2 5
f 6
m 1 3 0
p
m 2 4 3
m 2 2 7
b 2
m 3 2 1
m 3 2 6
f 3
m 4 1 5
q 4

