B 8 10 4 19
m 1 5 4
m 1 1 8
q 1
m 2 1 1
m 2 6 4
m 3 9 5
m 3 4 3
g 3 4 6
m 4 6 8
m 4 1 0
p
m 1 7 6
f 1
m 2 6 3
m 3 1 5
m 3 4 7
m 4 3 7
m 4 4 5
m 1 1 0
m 2 3 6
b 2
m 3 9 1
m 4 6 2
m 4 0 6
q 4
m 1 9 5
m 2 4 4
m 2 0 0
m 3 0 5
m 4 7 5
m 4 1 0
m 1 2 7
m 1 3 0
m 2 5 5
m 2 4 8
m 3 2 7
q 3
p
m 4 8 0
m 1 1 5
m 1 4 4
m 2 4 2
q 2
m 4 7 7
m 4 4 8
m 1 9 7
m 1 1 2
m 2 5 3
m 2 1 3
m 3 2 0
m 3 1 1
m 4 7 5
m 4 1 6
m 1 2 0
f 1
m 2 4 3
m 2 4 4
m 3 1 0
f 3
m 4 2 5
m 2 6 6
m 2 4 2
m 3 1 7
m 3 1 8
f 3
m 4 2 7
m 1 9 3
q 1
m 2 4 5
f 2
m 3 9 2
f 3
m 4 2 1
g 4 2 1
p
m 1 1 9
f 1
m 2 7 0
m 2 1 6
b 2
m 3 3 4
m 3 6 4
b 3
m 4 1 6
p
m 1 6 2
m 1 4 8
m 2 7 1
m 3 5 3
m 1 9 6
m 1 6 1
m 2 1 8
f 2
g 2 1 6
m 3 5 6
m 4 6 2
m 1 0 5
m 1 2 4
p
m 3 8 7
m 4 2 2
m 1 7 5
m 2 8 3
m 3 6 2
b 3
g 3 1 7
m 4 9 6
m 1 4 8
m 2 0 4
m 2 5 5
m 3 8 3
m 3 3 3
b 3
m 4 6 0
f 4
m 1 9 7
m 1 5 1
b 1
m 2 9 6
m 3 1 3
m 4 7 5
m 1 9 2
f 1
m 2 8 5
m 2 4 5
f 2
m 3 9 7
b 3
m 4 2 4
m 4 5 2
q 4
m 1 0 4
m 2 1 4
m 2 1 5
g 2 4 3
m 3 0 3
b 3
m 4 9 2
m 4 4 3
m 1 2 0
m 2 0 7
m 2 2 8
f 2
m 3 9 4
m 3 4 4
m 4 8 7
m 4 0 0
m 1 2 6
f 1
m 2 7 6
b 2
f 2
m 3 4 7
m 3 5 5
m 4 3 0
m 1 4 3
m 1 7 7
m 2 1 0
m 2 2 3
g 2 7 2
m 3 9 7
p
m 4 9 6
m 4 4 9
m 1 9 2
m 2 2 3
b 2
m 3 4 7
m 3 3 9
m 4 6 7
p
m 1 9 2
m 1 6 2
p
m 2 8 7
m 3 2 0
m 3 7 8
m 4 4 9
m 4 1 8
q 4
m 1 5 6
m 1 5 5
m 2 9 2
m 3 1 1
m 4 2 3
p
m 1 2 7
m 2 9 7
m 3 2 2
p
m 4 8 3
m 4 6 7
m 1 5 3
m 1 5 3
m 2 6 4
q 2
m 3 1 4
m 3 3 0
m 4 6 4
m 4 0 0
b 4
m 1 0 5
m 1 0 2
q 1
m 2 5 1
m 2 0 2
q 2
m 3 0 4
m 3 3 9
m 1 1 3
m 1 4 6
b 1
m 2 1 4
m 3 4 5
m 4 8 5
m 4 4 5
b 4
m 1 0 9
m 1 5 4
m 2 8 3
m 3 5 4
f 3
m 4 5 1
m 1 9 6
m 1 4 6
m 2 9 2
m 2 6 0
m 4 2 8
m 4 5 0
m 1 0 6
m 1 4 5
m 2 4 7
m 3 2 3
m 4 0 4
f 4
m 1 5 1
m 2 0 2
f 2
q 2
m 3 4 0
b 3
m 4 3 0
m 1 7 7
b 1
f 2
q 2
m 3 2 3
q 3
m 4 4 8
m 4 4 6
m 1 4 9
m 2 3 7
m 2 7 2
b 2
m 3 7 5
q 3
m 4 0 3
m 4 6 1
b 4
q 4
m 1 1 3
m 1 2 7
m 2 1 4
m 3 7 5
m 3 7 6
b 3
m 4 5 6
m 4 1 6
m 1 1 4
m 1 6 8
q 1
m 2 0 6
m 3 1 0
m 3 4 6
b 3
m 4 3 4
m 4 0 5
f 4
m 1 7 5
m 2 3 7
b 2
q 2
m 3 2 3
m 3 2 4
m 4 2 6
m 1 3 1
m 2 9 7
m 2 4 3
q 2
m 3 3 1
m 4 6 0
m 4 5 7
m 1 3 4
m 2 4 7
m 2 1 8
m 3 5 3
m 3 2 6
m 4 1 4
m 4 0 6

