B 5 7 6 4
m 1 2 0
m 1 0 0
m 3 6 3
m 3 2 1
m 4 2 0
m 5 3 2
b 6
m 1 4 4
m 1 2 6
m 2 2 6
m 2 4 3
b 2
m 4 2 0
m 5 1 1
m 5 0 0
m 6 6 0
m 6 0 2
m 1 6 0
m 1 4 0
m 2 3 3
m 3 0 4
m 3 3 3
m 4 1 0
f 4
m 5 4 3
m 5 0 4
f 5
q 5
g 5 0 0
m 6 6 0
m 6 0 4
b 6
m 1 2 4
m 1 1 3
m 2 3 1
m 2 4 3
q 2
m 3 2 0
m 3 3 5
m 4 4 1
m 5 4 0
q 5
m 6 5 1
m 6 3 3
m 1 3 1
m 2 4 2
f 2
m 3 6 1
m 4 3 2
p
m 5 2 6
m 6 2 1
m 6 1 5
b 6
m 1 6 0
m 2 3 0
m 3 5 4
m 3 4 3
f 3
m 4 1 0
m 6 2 0
m 1 1 3
m 1 4 0
f 1
m 2 1 2
m 3 3 2
m 4 2 2
q 4
m 5 4 1
m 5 4 1
b 5
m 6 6 4
g 6 2 2
m 1 6 1
m 2 3 0
m 3 3 0
m 4 1 3
g 4 5 3
m 5 1 0
m 5 3 6
q 5
m 6 3 5
m 6 4 2
q 6
m 1 5 2
m 1 1 5
q 1
m 2 6 4
m 2 4 6
m 3 3 0
m 4 5 2
m 4 4 1
m 5 3 0
q 5
m 6 3 0
m 1 3 0
m 1 2 2
m 2 4 3
m 3 3 0
m 3 0 0
m 4 5 2
m 4 0 0
p
m 5 4 5
m 5 4 0
f 5
m 6 6 3
m 6 2 3
f 1
m 2 6 0
b 2
m 3 1 2
m 4 4 1
q 4
m 5 0 1
p
m 6 6 1
f 6
m 1 6 0
m 2 0 0
m 3 5 0
m 3 4 3
m 4 2 3
m 4 0 4

