B 6 8 5 10
m 1 7 5
b 1
m 2 2 5
m 2 0 0
m 3 7 0
m 4 0 0
q 4
m 5 1 5
m 5 2 6
m 1 3 5
m 1 3 6
m 2 7 0
m 2 1 3
m 3 6 4
m 3 5 0
q 3
m 4 4 3
m 4 2 6
m 5 2 3
m 1 4 5
m 1 0 1
f 1
m 2 2 5
q 2
m 3 4 4
m 3 1 4
m 4 2 4
m 5 5 0
m 1 1 4
m 2 7 1
m 2 2 4
q 2
m 3 1 1
m 3 1 0
m 4 0 6
m 5 2 5
m 5 0 0
m 1 7 5
q 1
m 2 7 0
m 2 2 1
m 3 0 0
b 3
m 4 2 6
m 4 3 7
f 4
m 5 1 4
m 5 1 3
m 1 2 2
b 1
m 2 2 4
m 3 1 5
m 3 0 5
m 4 7 1
m 5 3 2
m 5 0 5
f 1
m 2 2 0
m 3 1 3
m 4 2 0
g 4 2 2
m 5 1 2
m 1 0 3
m 1 5 6
f 1
m 3 4 5
m 3 5 2
m 4 3 5
m 1 0 4
g 1 2 3
m 2 4 1
m 2 4 3
m 3 3 5
m 4 1 5
g 5 3 0
m 1 3 6
m 2 0 3
m 3 2 0
m 3 0 4
q 3
m 4 4 0
m 5 2 4
m 2 5 5
m 2 2 6
m 3 2 1
m 3 3 2
g 3 0 2
m 4 5 0
b 4
m 5 7 2
m 1 7 4
m 2 2 0
m 3 1 3
f 3
g 3 5 1
m 4 3 3
m 5 7 0
m 5 3 1
m 1 7 1
m 1 2 7
g 1 7 4
m 2 7 0
m 2 1 4
m 3 1 5
m 3 1 7
m 4 1 5
m 1 7 0
m 1 3 1
m 2 1 5
m 2 1 4
m 3 5 7
m 3 3 5
b 3
q 3
m 4 2 4
m 4 5 4
m 5 7 4
m 5 5 5
q 5
m 1 6 1
m 2 7 4
q 2
m 3 4 3
m 4 6 4
m 5 0 0
m 1 2 6
p
m 2 2 4
m 2 5 7
q 2
m 3 2 0
m 4 6 4
m 4 2 6
m 5 5 0
m 1 4 2
m 1 0 7
q 1
m 2 3 5
m 2 2 4
m 3 4 5
m 3 1 5
f 3
m 4 1 5
m 1 4 3
m 1 1 3
g 1 1 2
p
m 2 0 3
m 3 7 4
p
m 4 7 4
m 4 5 7
m 5 0 6
m 1 0 3
m 1 2 0
m 2 6 4
f 2
m 3 7 4
m 3 5 5
m 4 1 5
p
m 5 5 3
m 5 4 1
m 1 0 3

