B 5 15 8 9
m 1 5 0
q 1
m 2 14 2
m 3 8 4
b 3
m 4 7 0
m 4 2 11
m 5 2 13
m 6 1 0
q 6
m 7 12 0
m 7 1 2
m 8 1 3
m 8 3 14
m 1 0 6
m 2 3 0
m 3 2 4
q 3
m 4 8 1
m 5 9 2
f 5
q 6
m 8 10 3
m 1 1 6
m 1 1 4
q 1
m 2 4 10
g 2 0 3
m 3 10 1
m 3 1 5
m 4 0 10
m 5 3 2
m 5 0 10
m 6 8 3
q 6
m 7 2 0
m 8 14 2
m 8 2 6
m 1 9 3
q 1
m 2 3 5
q 2
m 3 4 4
m 4 0 5
m 4 2 11
m 5 12 3
m 5 2 4
m 6 9 0
m 6 4 4
m 7 5 2
p
m 8 3 2
p
m 1 12 0
b 1
m 3 4 2
m 3 4 1
m 4 14 1
m 4 1 14
m 5 14 0
m 6 6 4
m 7 14 0
m 7 1 5
m 8 2 14
m 8 2 8
b 8
m 1 7 0
m 4 7 0
m 4 3 7
g 4 2 1
m 6 1 1
m 6 2 11
m 7 1 1
m 8 6 3
m 8 3 6
m 1 14 4
m 1 1 13
m 2 12 0
f 2
m 3 1 6
b 3
m 4 12 3
m 4 1 3
m 5 10 3
m 5 1 4
f 5
m 6 13 4
m 7 11 0
m 8 3 3
m 8 4 5
q 8
m 1 4 6
m 2 3 14
b 2
m 3 10 3
b 3
q 3
f 4
m 5 1 4
m 5 3 12
f 5
m 6 8 4
m 7 3 8
m 8 3 3
q 8
g 8 2 1
m 1 1 11
f 1
m 2 7 2
m 2 2 12
m 3 8 0
m 3 0 10
m 4 0 13
m 5 0 0
m 5 2 8
m 6 10 1
m 6 1 4
b 6
m 7 3 13
q 7
m 8 14 4
m 8 3 7
m 1 11 3
p
m 2 9 2
m 3 8 0
m 4 2 10
m 4 3 1
f 4
m 5 1 10
m 6 14 4
b 6
m 7 11 4
b 7
m 8 9 0
m 1 3 4
m 1 0 9
m 2 3 13
f 2
m 3 3 6
m 4 11 3
m 5 3 2
m 5 3 6
m 6 3 4
b 6
m 7 9 1
q 7
m 8 8 1
m 1 3 14
m 1 3 0
m 2 11 4
m 2 2 12
b 2
g 2 4 3
m 3 0 4
m 3 3 5
m 4 7 4
m 4 0 7
m 5 1 12
m 6 2 12
m 6 0 0
m 7 1 12
m 8 9 2
m 1 2 7
m 1 4 5
m 3 5 2
m 4 9 2
m 4 4 14
m 5 11 4
p
m 6 1 11
m 7 3 7
m 7 3 11
q 7
m 8 1 2
m 1 12 0
m 1 3 4
m 2 2 11
f 2
m 3 3 4
b 3
m 4 3 4
m 5 0 12
f 5
m 6 8 4
m 6 2 13
f 6
m 7 8 1
m 7 1 12
m 8 2 0
m 8 1 3
b 1
m 2 2 0
m 2 2 12
q 2
m 4 12 4
m 4 4 1
b 4
m 5 9 1
m 6 13 4
m 7 13 4
m 8 2 10
m 1 14 0
m 2 1 7
m 2 1 5
m 3 1 6
m 3 1 6
m 4 3 0
p
m 5 3 1
q 5
m 6 8 0
m 6 4 3
m 7 0 14
m 8 3 2
m 1 2 1
m 1 2 8
m 2 0 8
m 2 2 6
m 3 0 0
m 4 0 8
m 5 4 9
b 5
f 5
m 6 1 0
m 7 2 0
m 7 1 4
m 8 1 8
m 1 9 1
m 1 2 7
m 2 12 4
m 3 13 4
m 3 2 2
m 4 11 0
m 4 2 1
m 5 10 3
m 5 3 1
m 6 7 4
m 6 4 2
m 7 9 1
m 8 5 2
m 2 0 4
b 2
m 3 3 6
m 3 3 9
m 4 3 6
q 4
m 5 13 4
m 6 1 6
f 6
g 6 4 4

