B 10 8 6 15
m 1 1 6
m 2 3 9
m 2 6 6
m 3 0 1
m 4 5 6
m 5 3 7
m 5 8 0
m 6 1 5
m 6 6 1
m 1 7 4
m 1 5 7
m 3 2 1
p
m 5 2 6
m 6 7 2
m 1 5 6
m 2 5 2
m 3 4 9
m 3 7 5
m 4 0 6
m 5 0 9
m 6 2 1
m 6 7 2
m 1 4 6
m 2 6 0
q 2
m 3 3 0
m 3 3 5
m 4 5 5
m 5 1 3
q 5
m 6 1 6
m 6 2 4
m 1 3 0
m 1 0 3
m 2 4 8
b 2
m 3 1 2
m 4 2 6
q 4
m 5 3 4
m 5 5 6
m 6 5 6
m 6 3 5
f 1
m 2 7 0
m 2 3 5
b 2
m 3 7 1
m 3 5 3
m 4 4 4
m 5 2 4
f 5
m 6 1 1
m 1 5 9
m 1 3 4
f 1
m 2 7 1
m 2 5 2
m 3 5 0
m 3 3 3
m 4 1 3
q 4
m 6 2 9
m 6 2 4
m 1 2 6
f 1
m 2 8 5
q 3
m 4 1 9
m 5 3 6
b 5
m 6 3 4
m 1 3 2
m 1 2 7
m 2 5 4
m 2 0 0
m 3 9 1
m 4 2 4
m 5 3 7
m 5 2 1
m 1 9 0
p
m 2 7 0
m 2 9 6
m 3 2 2
b 3
m 4 4 1
m 5 7 1
m 6 3 6
p
m 1 4 7
b 1
g 1 7 3
m 2 0 2
m 3 4 0
b 3
m 4 3 6
m 4 3 5
m 5 4 6
m 5 2 4
m 6 4 0
m 1 2 8
m 2 6 7
m 2 2 7
m 3 2 0
f 3
m 4 3 6
m 5 4 3
q 5
m 6 0 1
b 6
m 1 4 6
m 1 9 4
m 2 7 7
m 3 9 1
b 3
m 4 3 2
m 5 3 7
m 5 4 4
m 6 3 7
f 6
m 1 8 7
m 1 0 6
q 2
m 3 5 2
m 4 5 0
q 4
m 6 9 3
m 6 5 5
f 6
m 1 4 8
m 1 5 4
m 2 9 5
m 3 7 9
m 3 8 0
m 4 3 6
m 4 2 3
m 5 6 3
m 6 8 5
m 6 6 7
m 1 5 7
m 2 5 4
m 2 0 2
m 3 4 1
m 3 1 7
b 3
q 3
m 5 7 0
m 5 5 4
m 6 2 0
m 1 1 6
m 2 2 8
m 2 5 2
m 3 4 6
m 4 0 1
m 5 2 3
m 5 9 7
m 6 6 4
m 1 5 4
m 1 5 5
m 2 4 0
m 3 7 5
f 3
m 4 9 2
m 5 5 4
m 5 0 4
m 6 5 6
f 6
m 1 5 6
m 2 7 7
m 3 1 5
m 4 6 7
m 4 5 2
m 5 2 3
m 5 3 2
m 6 5 2
m 1 5 0
g 2 4 2
m 3 1 3
m 3 1 2
f 3
f 4
m 5 4 8
f 5
m 1 2 0
m 1 9 2
q 1
m 2 5 4
m 2 0 1
m 3 5 0
m 4 5 4
m 5 5 4
m 5 7 0
b 5
m 6 1 8
m 6 5 6
f 6
g 6 5 5
m 1 2 4
m 1 3 0
m 2 0 6
q 2
m 4 4 5
m 4 5 7
f 4
q 4
m 5 6 7
m 5 9 7
m 6 3 8
m 6 6 5
m 1 3 4
m 2 4 1
m 2 5 2
b 2
m 3 7 5
m 4 1 8
m 4 8 5
m 5 3 0
q 5
m 6 1 5
m 6 2 1
m 1 2 0
f 1
m 2 2 4
m 3 1 8
f 3
m 5 6 5
m 5 6 3
m 6 3 6
m 1 0 1
m 2 8 7
m 2 6 5
m 3 4 8
m 3 2 0
m 4 0 1
q 4
m 5 6 8
b 5
m 6 0 1
m 6 1 3
m 1 3 4
m 1 7 5
m 2 7 0
m 2 6 4
m 3 4 3
m 3 3 1
m 4 0 5
m 5 0 1
q 5
m 6 8 6
f 6
m 1 1 8
m 3 7 0
m 4 8 7
m 4 3 4

