B 6 6 3 4
m 1 2 3
m 1 0 4
b 1
m 2 2 3
m 2 5 5
m 3 0 0
m 1 0 2
m 2 5 0
m 2 3 2
f 2
m 3 3 5
m 3 4 5
m 1 5 1
m 1 1 1
m 2 0 1
m 2 4 5
m 1 2 5
m 2 5 2
m 3 0 4
b 3
m 1 5 0
b 1
m 2 3 4
m 3 3 3
m 3 1 2
q 3
m 1 2 2
m 2 4 2
m 2 3 1
m 1 0 4
m 2 2 5
m 2 3 1
m 3 1 4
m 1 3 4
m 2 5 2
m 2 3 1
m 3 0 4
m 3 5 1
m 1 4 5
m 3 1 4
m 3 5 2
f 3
m 1 3 4
m 2 3 1
m 3 4 0
m 3 0 2
m 1 5 0
m 2 3 5
m 3 4 0
m 3 0 3
q 3
m 1 0 4
m 1 1 5
g 1 1 0
m 2 1 1
b 2
m 3 0 2
q 3
m 1 3 1
m 1 4 1
m 3 3 5
m 3 5 4
m 1 3 1
f 1
m 2 4 5
m 2 5 0
m 3 4 1
m 3 2 5
f 3
m 1 4 5
m 2 4 5
m 2 4 5
m 1 4 1
m 2 3 1
m 2 5 4
m 3 0 4
m 3 0 0
m 1 4 4
f 1
m 2 5 4
b 2
m 3 0 4
m 3 5 1
m 1 3 1
m 1 1 0
f 1
m 2 3 5
m 3 4 1
q 1
m 2 1 2
m 2 4 1
m 3 3 4
m 1 4 3
m 1 1 1
g 1 2 3
m 2 1 3
m 2 0 3
b 2
m 3 2 3
m 3 2 3
m 1 3 5
m 1 2 0
p
m 2 4 2
m 2 2 4
m 3 3 4
m 1 4 1
f 1
m 2 4 4
m 3 0 4
m 1 3 1
m 1 2 2
g 1 2 4
m 2 1 0
f 2
m 3 4 1
m 3 1 4
m 1 5 5
q 1
m 2 1 2
m 3 3 1
m 3 5 2

