B 4 10 2 40
m 1 0 0
m 1 2 2
m 2 4 1
f 2
m 1 6 0
b 1
q 1
m 2 0 1
m 2 1 8
m 1 6 1
m 1 0 2
m 2 2 1
q 2
m 1 3 3
m 2 2 3
m 1 7 1
m 1 1 6
p
m 2 8 0
m 2 0 6
m 1 0 5
m 2 2 7
m 2 3 1
q 2
m 1 7 3
m 1 1 9
m 2 0 3
m 1 8 3
b 1
m 2 0 3
m 1 0 0
m 2 0 1
q 1
m 1 0 2
m 1 2 6
m 2 0 4
f 2
m 1 1 1
m 1 0 9
f 1
m 2 4 3
m 2 2 2
m 1 4 1
m 1 2 7
m 2 5 1
m 1 3 3
m 1 0 7
m 2 6 3
p
m 1 2 3
m 1 2 9
q 1
m 2 0 1
f 2
m 1 0 9
m 2 1 0
m 2 3 6
m 1 0 3
m 2 0 3
m 2 0 0
m 1 3 0
m 1 2 5
b 1
q 1
m 2 5 3
m 1 7 1
m 1 2 3
m 2 7 1
m 2 1 5
g 2 9 1
m 1 8 0
m 2 0 2
m 1 5 3
m 1 1 9
m 2 0 9
m 2 1 8
m 1 7 3
m 1 3 3
m 2 7 3
m 2 2 7
m 1 0 5
m 1 3 1
m 2 3 8
m 1 5 3
m 1 2 6
m 2 5 3
m 2 3 8
m 1 1 9
m 1 2 9
f 1
q 1
m 2 3 1
m 2 3 3
m 1 0 7
m 2 2 6
q 2
m 1 8 2
m 1 2 5
m 2 8 0
m 2 3 5
g 2 2 0
m 1 2 1
m 2 2 7
m 1 4 1
m 1 0 6
g 1 7 2
m 2 8 0
m 1 4 3
m 2 0 2
m 2 2 8
m 1 7 1
m 2 3 9
m 2 1 4
m 1 0 2
m 1 3 7
m 1 4 3
m 2 7 1
m 2 1 9
m 1 2 1
m 1 3 2
m 2 0 2
m 2 2 1
q 2
m 1 2 1
b 1
m 2 7 1
m 1 0 4
m 2 4 3
m 2 1 0
m 1 7 1
m 1 2 4
f 1
q 1
m 2 7 1
m 1 7 1
m 1 1 3
f 1
m 2 2 2
m 2 0 1
m 1 0 2
m 1 3 6

