B 7 4 4 7
m 1 1 0
m 2 0 2
m 2 4 1
f 2
m 3 2 2
m 3 6 2
m 1 3 3
m 1 4 1
m 2 0 2
m 2 0 0
m 3 3 0
m 3 5 3
p
m 4 1 1
m 1 4 1
m 2 0 4
m 3 1 3
m 3 6 1
m 4 0 6
m 1 2 5
m 1 3 3
m 2 0 2
m 3 3 0
m 3 4 3
m 4 0 4
m 1 3 2
m 2 0 2
m 2 4 1
m 3 3 2
f 3
m 4 3 1
m 2 1 2
m 3 0 6
m 3 2 0
m 4 4 3
m 4 6 0
b 4
g 4 0 1
m 1 0 4
m 1 0 1
q 1
m 2 2 5
m 3 0 4
m 3 0 2
m 4 0 1
m 1 0 4
m 1 5 0
b 1
p
m 3 3 0
m 4 5 0
m 4 3 3
m 1 2 5
g 1 3 1
m 2 3 6
m 3 1 5
m 4 1 2
m 4 3 3
m 1 3 2
m 1 1 0
q 1
p
m 2 3 0
m 2 1 1
m 3 2 4
m 3 0 1
q 3
p
m 4 2 4
b 4
m 1 0 3
m 2 3 6
m 2 0 2
m 3 1 5
m 4 5 3
m 4 0 3
p
m 1 2 4
m 1 3 1
m 2 2 5
m 3 3 2
m 1 2 4
m 1 6 2
m 2 6 1
m 3 3 3
m 4 1 5
m 4 5 1
m 1 2 5
m 2 3 6
f 2
q 2
m 3 3 2
m 3 3 2
b 3

