B 4 9 3 8
m 1 4 3
m 2 1 2
m 3 4 3
m 1 2 3
m 1 0 6
p
m 2 3 0
m 2 2 5
q 2
m 3 1 1
m 1 7 2
m 1 3 5
m 2 2 0
m 2 3 8
g 2 1 1
m 3 2 1
f 3
q 3
m 1 1 0
m 1 0 2
q 2
m 3 3 8
b 1
m 2 1 4
m 2 1 6
q 2
m 3 3 0
m 3 1 0
m 1 7 1
m 2 4 0
m 2 3 2
m 3 1 7
m 3 0 7
m 1 7 2
b 1
q 1
m 2 5 1
m 2 2 2
f 2
m 3 8 2
b 3
q 3
m 1 3 5
m 2 6 2
m 3 2 1
f 3
m 1 7 3
m 1 2 7
m 2 1 3
m 2 3 1
m 3 3 3
m 3 1 8
m 1 3 7
m 1 2 8
q 1
m 3 4 2
f 3
g 3 7 2
m 1 6 3
m 1 1 4
m 2 6 2
m 2 3 3
b 2
m 3 0 6
m 3 1 2
m 1 6 3
m 2 0 5
m 3 6 3
b 3
m 1 6 3
m 1 2 0
m 2 4 0
m 3 8 0
m 3 2 5
m 1 0 7
m 2 4 0
m 2 2 7
m 3 2 4
m 3 3 6
f 3
q 3
m 1 5 1
m 1 1 6
q 1
m 2 5 1
b 2
m 3 5 1
m 1 8 0
b 1
q 1
m 2 3 0
f 2
m 3 0 3
b 3
m 1 1 4
m 2 4 0
f 2
m 3 1 5
m 1 6 2
m 2 0 6
m 1 2 0
m 1 0 7
f 1
m 2 0 0
m 3 4 0
g 3 6 3
m 1 4 3
m 2 8 0
m 2 1 1
m 3 3 4
m 1 1 7
g 1 5 1
m 2 3 4
m 3 2 0
m 1 0 4
b 1
m 2 8 0
m 3 1 4
m 1 8 0
m 1 1 3
m 2 3 6
m 2 2 8
m 3 3 8
m 3 2 1
m 1 3 1
m 2 3 7
m 3 1 0
p

