B 7 7 4 6
m 1 4 6
m 2 2 1
m 3 1 0
m 1 2 1
m 3 3 1
m 3 1 2
m 4 2 2
m 1 4 4
m 1 5 1
p
m 2 4 6
p
m 4 1 1
m 4 5 5
b 4
f 4
q 4
m 2 5 4
f 2
m 3 5 0
m 3 4 4
m 4 3 6
m 4 4 4
m 1 2 4
m 2 6 6
m 3 0 0
m 3 2 2
m 4 3 3
m 4 0 6
m 1 0 6
b 1
m 2 3 2
g 2 2 3
m 3 5 3
m 3 1 6
q 3
m 4 1 0
m 4 6 6
m 1 4 3
m 1 6 2
m 2 6 2
m 3 3 2
m 3 1 6
f 3
p
m 1 1 6
m 2 3 6
m 3 2 5
m 4 3 2
b 4
m 1 6 3
m 2 2 2
m 3 3 5
m 4 2 0
m 4 5 4
m 1 3 6
m 1 1 2
m 2 3 1
m 2 4 6
p
m 3 4 1
b 3
m 4 2 5
m 4 3 0
m 1 5 0
q 1
m 2 0 6
m 2 1 5
m 3 1 3
m 4 4 6
m 4 4 6
m 1 0 4
m 2 0 4
m 3 3 2
m 4 3 2
m 4 6 6
m 1 3 2
m 1 4 4
m 2 6 6
m 3 5 0
m 1 5 0
m 1 4 3
b 1
m 2 6 3
m 3 1 4
g 3 6 6
m 4 3 0
m 4 3 6
g 4 4 4
m 1 2 5
m 1 0 2
m 2 6 6
m 2 5 2
m 3 5 2
m 4 4 3
m 4 6 0
f 4
m 1 4 1
m 1 3 6
m 2 4 6
m 3 2 0
m 3 4 6
m 4 0 3
m 1 1 6
q 2
m 3 5 6
g 3 3 4
m 4 3 0
b 4
m 1 5 4
m 1 6 3
m 3 0 3
m 4 0 4
m 4 2 5
m 1 5 3
m 2 0 6
m 3 1 0
m 4 2 4
m 4 0 0
m 1 0 2
m 2 6 6
m 3 4 6
m 3 1 1
m 4 5 0
m 4 3 4
m 1 5 1
m 1 6 2
q 1
m 2 5 6
m 3 1 6
m 3 6 6
m 4 3 5
m 1 5 6
m 1 3 6
b 1
f 1
m 2 6 2
m 3 0 4
m 4 4 6
m 4 0 4
m 1 5 0
m 2 2 1
m 3 0 6
m 4 1 1
p
m 1 1 6
m 2 2 4
m 3 5 6
m 3 3 5
q 3
m 4 2 5
m 4 2 1
m 1 6 2
f 1

