B 7 9 6 8
m 1 0 3
m 2 2 6
m 3 8 5
m 3 6 4
m 5 2 2
m 6 6 7
m 6 3 7
q 6
m 1 1 6
m 1 4 5
m 2 0 5
b 2
m 3 3 1
m 3 3 4
m 4 4 4
p
m 5 0 1
f 5
m 6 2 1
m 1 0 1
m 1 2 5
p
m 2 1 5
m 3 1 0
m 3 4 0
b 3
m 4 4 0
m 5 6 8
g 5 4 6
m 6 0 1
m 1 1 1
m 1 1 7
b 1
m 2 6 0
m 2 0 0
p
m 3 3 4
m 3 4 8
q 4
m 5 3 5
m 6 2 3
f 6
m 1 2 3
m 2 6 4
m 2 0 4
f 2
p
m 4 8 0
b 4
m 5 5 6
m 6 4 6
m 1 3 8
m 2 6 0
f 2
m 3 3 5
p
m 4 6 6
m 5 4 1
m 6 5 7
f 6
g 6 4 6
f 1
m 2 8 2
m 2 6 0
m 3 8 1
q 3
m 5 0 5
m 6 4 8
m 1 0 5
m 1 1 6
m 2 7 4
m 3 1 6
m 3 5 1
m 4 7 2
f 4
g 4 7 5
m 5 0 3
q 5
m 6 6 0
m 6 1 2
m 1 3 4
m 1 4 2
m 2 4 5
m 3 0 3
f 4
m 5 2 6
m 5 5 2
b 5
m 6 3 1
m 6 1 4
b 6
m 1 8 0
m 1 6 1
m 2 6 2
m 2 4 1
m 3 1 5
b 3
m 4 4 5
m 6 4 5
m 6 3 8
m 1 2 0
m 2 3 4
m 3 5 0
f 4
m 5 5 6
m 5 5 4
m 6 5 5
m 6 0 2
m 1 1 4
m 1 1 1
p
m 2 5 0
m 2 0 4
f 2
m 3 2 3
b 3
m 4 1 4
m 5 6 0
m 5 6 5
m 6 8 0
m 6 3 4
g 6 1 2
m 1 8 1
m 1 5 3
m 2 2 3
p
m 3 1 6
m 4 8 5
b 4
m 5 1 1
m 1 8 0
m 1 6 3
m 2 0 2
m 2 2 4
b 2
f 2
m 3 1 1
m 4 2 1
m 5 4 8
m 1 6 0
m 2 3 1
m 2 1 3
q 2
m 3 7 0
m 4 3 3
q 4
m 5 3 6
m 5 0 8
b 6
m 1 3 5
m 2 5 6
f 2
m 3 6 0
m 4 8 2
f 4
m 5 0 2
m 5 0 5
m 6 8 5
m 1 3 6
m 1 6 6
b 1
m 2 0 7
m 2 1 4
m 3 6 0
m 4 7 4
m 4 6 0
m 5 8 1
q 5
m 6 5 6
m 6 4 6
p
m 2 3 4
m 2 6 0
m 3 5 8
m 3 0 7
f 3
m 4 8 1
m 4 3 8
b 4
m 5 8 1
m 5 6 6
m 6 2 0
m 1 7 4
m 1 5 2
g 1 5 5
m 2 8 0
m 3 8 1
b 3
m 4 6 0
g 4 1 0
m 5 5 2
m 6 3 4
m 6 0 6
q 6
m 1 5 8
m 1 4 7
m 2 8 2
m 2 0 1
m 3 8 2
f 3
m 4 5 6
g 4 2 1
m 5 8 1
m 5 6 4
m 6 8 0
g 6 1 1
m 1 7 4
m 2 0 7
q 2
m 3 5 8
m 3 4 7
b 3
m 4 3 4
m 4 5 6
g 5 6 1

