B 5 9 5 5
m 1 4 5
m 1 2 4
m 2 5 2
m 2 1 1
m 3 3 1
m 4 8 2
q 4
m 5 7 2
m 5 4 2
b 5
m 1 5 1
g 1 1 3
m 2 6 2
m 2 2 1
m 3 8 0
m 3 2 1
b 3
m 4 6 2
m 4 2 4
m 5 6 4
m 5 1 2
f 5
m 1 6 3
m 1 0 3
m 2 5 2
q 3
m 4 0 1
m 4 1 4
m 5 4 3
m 5 2 1
m 1 5 2
m 1 4 2
m 2 1 8
p
m 3 6 2
m 4 8 3
m 5 2 3
m 1 6 2
m 1 0 7
b 1
m 2 5 0
m 2 0 6
m 3 3 1
f 3
m 4 4 4
m 5 4 1
q 5
m 1 2 5
m 2 0 1
m 3 8 4
m 3 1 6
m 4 2 2
m 4 0 5
m 5 6 3
m 1 2 0
m 1 1 4
m 2 0 5
m 2 1 6
m 3 4 0
q 3
m 4 7 4
m 4 3 1
m 5 7 3
m 1 8 3
m 1 2 4
f 1
p
m 2 7 3
m 3 2 8
m 4 0 1
m 1 3 4
m 1 0 4
m 2 3 3
p
m 3 5 3
m 3 3 3
m 4 6 3
m 5 2 1
f 5
m 1 2 3
m 1 0 3
b 1
m 2 8 0
m 3 4 8
q 3
p
m 4 0 1
m 4 4 2
m 5 7 1
m 5 4 3
m 1 5 1
m 1 2 3
m 2 2 0
m 2 2 6
m 3 1 7
m 3 4 0
m 4 7 4
m 4 4 6
m 5 2 0
m 5 1 8
q 5
m 1 8 3
m 2 2 0
m 3 0 5
f 3
m 4 6 3
m 4 1 4
m 5 2 3
m 5 0 8
m 1 1 8
m 2 2 1
q 2
m 3 7 3
m 4 5 3
m 4 3 5
m 5 0 3
m 5 0 8
m 1 6 4
b 1
m 2 0 0
m 3 6 4
p
m 4 2 0
m 5 0 0
m 5 0 8
b 5
m 1 2 4
m 2 3 7
b 2
m 3 1 8
m 3 2 2
q 3
m 4 0 3
m 4 3 8
m 5 3 1
m 5 2 1
m 1 0 6
m 1 4 4
m 2 5 3
g 2 8 0
m 3 4 4
m 4 1 4
b 4
m 5 2 0
m 1 8 3
f 1
m 2 5 1
f 2
m 3 6 4
m 3 3 6
m 4 6 3
q 4
m 5 0 3
m 1 3 4
f 1
m 2 4 5
m 3 3 5
m 4 5 3
m 5 2 8
m 5 1 5

