B 9 4 6 4
m 1 0 6
m 1 6 2
b 1
m 2 2 7
m 2 8 1
f 2
m 3 3 0
b 3
m 4 2 5
b 4
m 5 1 4
m 5 2 0
b 5
m 6 6 3
p
m 1 5 2
m 1 7 0
m 2 6 2
m 3 0 3
m 3 7 0
q 3
m 4 0 8
m 4 0 2
m 5 2 1
m 5 6 0
m 6 6 2
m 1 5 1
m 1 7 2
m 2 3 5
m 3 2 3
f 3
m 4 3 3
m 4 1 3
m 5 0 8
m 6 0 1
m 6 0 2
f 6
m 1 1 7
q 1
m 2 4 0
m 3 3 7
m 3 8 0
m 4 7 0
m 4 4 3
m 5 1 3
m 5 6 0
q 5
m 6 4 3
m 1 3 7
m 2 0 1
m 2 1 2
m 3 0 2
m 3 6 1
m 4 3 7
m 4 3 0
q 4
m 5 4 3
m 6 1 4
m 6 2 0
m 1 1 6
m 1 2 2
f 1
q 1
q 2
m 3 2 1
m 4 0 1
m 4 0 2
m 5 3 3
m 5 3 0
m 6 0 0
p
m 1 3 3
m 1 4 2
b 1
m 2 2 3
m 2 7 0
m 3 1 1
f 3
m 4 1 6
m 4 7 0
m 5 0 1
f 5
m 6 1 3
m 6 5 2
m 1 1 1
m 1 3 3
q 1
m 2 1 7
f 2
m 3 1 4
m 4 0 5
m 4 3 3
m 5 1 6
m 6 3 1
m 6 2 3
b 6
m 2 0 3
q 2
m 3 2 1
m 4 4 1
m 5 0 1
m 6 1 7
m 1 0 3
m 2 2 8
m 2 6 1
m 3 5 2
g 3 2 1
m 4 3 7
m 5 1 3
f 5
m 6 3 8
m 1 3 5
b 1
f 1
m 2 0 5
m 2 5 2
f 2
m 3 3 8
m 4 0 1
m 5 5 2
m 5 6 0
g 5 0 7
m 6 0 1
m 1 7 2
m 2 0 5
m 3 0 5
b 3
q 3
m 4 3 7
m 5 5 1
m 6 7 3
m 6 3 3
b 6

