B 10 5 5 11
m 1 6 1
m 2 2 0
m 2 9 1
m 3 1 3
m 4 4 4
m 4 1 1
f 4
q 4
m 5 9 1
m 1 1 1
m 2 8 0
m 3 3 6
m 3 1 2
f 3
m 4 4 3
m 4 6 4
f 4
m 5 3 5
m 1 2 4
m 1 1 0
b 1
m 2 2 5
m 3 3 9
m 3 0 4
m 4 8 0
f 4
m 5 3 2
m 1 3 4
m 2 3 2
m 2 1 1
m 3 4 4
m 4 0 4
m 4 2 1
p
m 5 0 6
m 5 9 3
m 1 0 4
m 2 0 0
m 3 2 8
m 3 6 0
m 4 3 1
m 5 3 8
g 5 2 3
m 1 0 5
m 1 3 1
m 2 9 0
q 2
m 3 1 1
m 4 2 0
m 5 4 7
f 5
g 5 3 4
m 1 2 2
m 1 1 3
q 1
m 2 3 4
m 2 0 4
m 3 4 7
m 3 5 1
m 4 3 0
m 5 2 6
b 5
f 5
m 1 4 9
m 1 5 0
p
m 2 4 1
m 2 8 0
p
m 3 6 3
m 3 0 3
m 4 2 8
m 5 2 2
m 5 2 2
m 1 2 3
m 1 3 0
m 2 3 8
m 2 0 0
m 3 3 2
m 4 2 9
m 4 1 3
m 5 5 3
f 5
m 1 2 4
m 1 1 0
f 1
m 3 2 6
m 3 0 3
m 4 4 7
m 5 2 6
m 5 6 3
m 1 4 1
m 1 8 1
g 1 3 4
m 2 0 4
m 3 0 7
m 4 2 4
m 5 9 4
m 1 9 3
p
m 2 3 3
b 2
m 3 9 1
m 4 3 4
g 4 3 0
m 5 2 7
m 2 4 5
m 3 7 4
m 4 2 0
q 4
q 5
m 1 8 1
m 2 4 8
m 2 4 0
p
m 3 2 8
m 3 7 3
f 3
m 4 4 1
m 4 5 3
m 5 0 7
m 5 0 2
m 1 4 5
m 2 2 8
p
m 3 9 2
b 3
q 3
m 4 4 5
m 4 9 0
q 4
m 5 3 8
m 5 4 0
f 5
m 1 4 5
m 1 1 4
m 2 0 7
m 2 6 0
m 3 2 7
q 3
g 4 3 0
m 5 4 8
q 5
m 1 2 5
m 1 7 4
m 2 7 3
m 2 0 1
q 2
m 3 0 7
m 3 1 3
m 4 2 8
m 5 2 5
m 5 0 2
b 5
m 1 4 8
m 2 2 6
m 2 3 4
q 3
m 4 9 2
m 5 2 8
m 1 2 7
m 2 3 8
m 3 2 5
m 3 3 1
b 3
m 4 2 5
m 4 9 4
m 5 2 7
m 1 4 3
m 1 4 1
m 2 5 0
q 2
m 3 2 5
b 3
g 3 1 3
b 4
g 4 3 5
p
m 5 2 3
m 5 1 3
f 5

