B 10 10 6 17
m 1 8 4
m 2 4 4
m 3 5 2
m 3 8 0
m 4 5 1
m 4 3 5
m 5 9 1
m 5 6 7
b 5
m 6 2 8
b 6
p
m 1 0 5
m 2 0 1
q 2
m 3 8 3
m 3 1 3
f 3
m 4 6 7
g 4 5 0
m 5 7 7
m 5 1 8
m 6 2 1
b 6
f 6
m 1 3 4
m 1 1 0
m 2 7 0
m 3 9 7
m 3 0 4
m 4 7 4
m 4 7 1
m 5 4 2
m 5 8 8
b 5
m 6 2 1
m 6 2 6
q 6
m 1 0 3
m 1 6 0
b 1
q 1
m 2 9 0
m 2 5 1
q 2
m 3 8 7
b 3
m 4 4 9
f 4
m 5 5 2
m 6 8 7
m 6 5 2
m 1 3 2
m 1 5 4
m 2 5 9
q 2
m 3 5 4
m 4 9 2
m 5 0 3
m 6 6 1
m 1 6 6
m 2 6 6
m 3 8 4
m 4 8 6
m 5 2 7
m 5 7 2
m 6 3 3
m 6 6 0
m 1 1 1
m 1 0 0
m 2 8 7
m 2 0 7
m 3 1 6
m 4 5 3
m 5 8 4
m 5 7 8
p
m 6 3 2
m 6 2 6
m 1 5 7
m 1 4 8
m 2 3 2
m 2 0 3
m 3 2 4
b 3
m 4 6 9
m 5 2 8
m 6 5 5
m 2 0 5
m 3 8 5
q 3
m 4 4 9
m 5 1 4
f 5
q 5
m 6 6 9
m 1 5 4
m 1 2 3
m 2 1 4
m 3 0 4
m 3 2 5
b 3
b 4
m 5 9 7
m 6 8 3
m 1 6 7
p
m 2 9 3
m 2 1 1
b 2
m 4 5 6
f 4
m 5 1 4
m 6 6 9
m 1 0 5
f 1
q 1
m 2 9 3
m 3 6 4
m 4 2 8
b 4
m 5 9 3
m 5 0 4
m 6 0 3
m 2 3 8
m 3 6 5
m 3 1 3
m 4 6 7
m 6 0 4
m 6 7 0
m 1 6 3
m 2 8 5
m 2 1 8
f 3
m 4 3 2
m 4 9 4
p
m 5 3 4
m 5 6 0
m 6 5 7
m 6 9 5
b 6
m 1 1 8
m 1 6 0
m 2 7 1
m 2 4 1
p
m 3 6 7
m 3 6 5
m 4 1 8
m 4 4 8
m 5 0 5
m 5 3 4
m 6 9 0
m 6 0 8
f 6
q 6
m 1 7 1
m 1 9 2
m 3 8 5
f 3
q 3
m 4 5 1
m 4 6 2
m 5 4 1
m 5 6 0
m 6 8 5
m 6 8 2
g 6 3 9
m 1 9 1
m 1 0 6
m 2 6 2
m 3 3 7
m 3 6 4
m 4 0 4
m 5 9 3
m 5 8 7
m 6 1 4
m 1 6 1
m 2 9 7
m 3 3 7
m 4 5 1
m 4 6 6
q 4
m 5 7 1
m 5 2 6
m 1 7 2
m 2 6 9
m 2 7 1
m 3 2 1
m 3 5 0
m 4 7 4
q 4
m 5 1 3
p
m 6 2 2
m 6 3 5
m 1 2 1
m 2 9 2
m 2 5 6
b 2
m 3 6 7
m 4 5 6
m 4 0 6
m 5 9 9
m 5 2 0
m 6 2 7
m 1 8 5
m 1 7 3
p
m 2 8 9
m 2 5 6
q 2
m 3 8 9
m 3 3 3
m 4 8 9
m 4 5 5
m 5 1 8
m 5 6 1
q 5
m 6 8 5
b 6
q 1
m 3 6 4
m 3 1 2
b 3
q 3
m 4 6 3
q 4
m 5 8 9
m 5 8 7
m 1 5 4
m 2 6 9
q 2
m 3 8 5
m 3 5 4
m 4 1 3
m 5 9 0
m 5 6 6
p
m 6 8 6
m 1 7 4
m 2 5 8
m 2 2 4
m 3 0 3
m 4 5 7
m 4 9 5
m 5 8 1
m 5 6 6
m 6 5 1
m 1 9 1
g 1 7 3
m 2 9 0
m 2 6 7
m 3 6 9
m 4 0 3
m 4 8 7
m 5 1 3
m 6 9 0
m 6 7 6
m 1 9 7
m 1 8 4
q 1
m 2 1 3
m 2 9 4
m 3 9 2
m 3 7 9
f 3
m 4 2 2
m 5 4 4
m 6 1 7
m 6 7 7
m 1 9 3
m 1 9 4
f 1
m 2 4 9
m 3 9 3
m 3 5 1
g 3 8 6
m 4 1 3
f 4
p
m 5 8 0
m 5 6 8
m 6 9 1
m 1 7 9
b 1
m 2 0 4
m 2 1 4
m 3 9 0
m 3 0 0
m 4 5 1
m 5 6 4
m 5 4 6
m 6 0 3
m 6 1 0
m 1 0 3
m 1 5 3
b 1
m 2 9 1
q 2
m 3 7 8
m 3 5 8
m 4 5 4
m 5 0 8
m 6 5 7
m 6 9 3
q 6
m 1 9 1
b 1
m 2 5 7
m 3 6 3
g 4 4 6
m 5 9 3
g 5 0 1
m 6 7 1
m 6 5 8
q 6
m 1 9 0
m 2 7 4
m 2 8 7
m 3 9 1
m 3 2 4
b 3
f 3
m 4 6 9
m 4 5 7
m 5 3 4
m 5 5 3
m 6 1 3
m 1 5 1
m 1 1 0
m 2 2 0
q 2
p
p
m 4 5 7
m 4 2 3
m 5 5 7
m 5 4 1
q 5
m 6 0 8
m 6 9 4
m 1 5 7
m 2 7 4
f 2
m 3 9 1
m 3 3 6
m 4 5 7
m 4 0 4
b 4
q 4
m 5 9 0
m 5 5 8
m 6 6 9
m 1 5 7
m 2 2 2
q 2

