B 6 10 5 11
m 1 3 7
m 1 4 0
m 2 1 2
g 2 0 4
m 3 8 0
m 3 1 3
m 4 5 0
m 4 0 8
m 5 4 0
m 5 4 0
f 5
m 1 6 4
m 1 1 0
m 2 1 0
m 2 1 7
m 3 3 4
m 3 0 3
m 4 9 0
m 4 1 0
m 5 2 6
m 1 7 0
m 1 2 7
m 2 5 1
m 3 8 4
m 3 4 7
b 3
m 4 6 4
m 4 4 2
m 5 0 8
m 5 5 6
f 5
m 1 4 0
m 1 3 6
m 2 4 4
m 2 2 0
b 2
g 2 7 3
m 3 8 1
b 3
m 4 8 2
m 5 5 1
m 5 3 8
p
m 1 4 5
m 1 3 7
b 1
b 2
m 3 0 3
m 4 2 3
m 4 0 4
m 5 2 2
q 5
m 1 3 8
b 1
m 2 2 6
m 3 3 1
m 4 0 8
m 5 2 5
m 5 0 6
f 5
m 1 1 4
m 1 1 9
m 2 4 5
m 2 5 8
m 3 3 5
m 3 1 5
m 5 3 4
m 5 0 7
p
m 1 8 1
m 1 4 4
m 2 9 3
m 3 9 5
m 4 3 4
m 4 3 9
m 5 1 0
m 5 1 8
m 1 2 6
m 1 0 1
m 2 2 3
m 2 1 7
q 2
m 3 3 5
m 3 4 9
m 5 2 8
m 1 7 5
m 1 0 5
m 2 1 2
q 2
m 3 2 5
m 4 4 2
m 5 0 3
m 5 0 6
m 1 3 5
m 2 3 4
m 2 5 5
m 3 0 2
m 4 2 3
m 4 1 8
m 5 3 5
f 5
m 1 4 5
m 1 5 4
m 2 4 1
b 2
m 3 4 2
f 3
m 4 1 2
m 4 3 9
b 4
q 5
m 1 2 8
m 1 5 9
m 2 3 5
m 3 0 6
m 4 3 5
m 4 0 3
m 5 2 5
b 5
m 1 3 3
m 2 3 5
m 2 5 7
m 3 3 5
m 3 3 1
b 4
f 4
m 5 8 4
m 1 8 4
p
m 2 9 0
m 2 0 7
m 3 3 4
m 3 2 4
m 4 3 5
m 5 2 3
m 1 6 4
m 2 1 1
m 2 1 9
m 3 2 5
m 3 5 1
m 4 0 3
m 4 0 6
m 5 3 2
q 5
m 1 0 3
m 1 4 9
f 1
m 2 1 2
m 2 2 9
g 2 5 0
m 4 4 7
m 4 2 8
m 5 5 7
m 5 4 4
p
m 2 4 9
m 3 0 0
g 3 4 0
m 4 6 1
m 5 3 5
m 5 0 3
m 1 3 4
m 2 9 0
b 2
m 3 0 3
m 4 3 5
m 4 1 9
m 5 3 4
m 5 1 7
p
m 1 0 3
m 1 0 2
m 2 4 7
m 2 4 0
m 3 5 8
m 4 6 4
m 4 0 4
f 4
m 5 3 1
m 1 2 5
m 1 3 8
m 2 3 5
m 3 2 2
m 4 0 9
g 4 0 5
m 5 3 4
m 5 5 3
m 1 1 3
b 1
m 2 3 8
f 2
m 3 2 5
m 4 6 1
m 4 0 8
m 5 6 1
m 1 1 1
m 2 0 3
b 2
m 3 6 1
m 3 0 6
m 4 1 7
m 4 3 4
p
m 5 6 4
m 5 0 5
m 1 2 5
f 1
m 2 2 5
m 2 3 1
g 2 8 1
m 3 8 4
b 3
m 4 3 4
m 5 1 2

