B 11 20 8 26
m 1 3 3
m 1 1 19
m 2 17 3
b 2
m 3 7 16
m 4 10 1
m 4 2 7
m 5 6 14
m 6 7 3
m 6 6 6
m 7 1 3
m 8 6 14
m 1 5 16
b 1
m 2 3 0
m 2 7 0
m 5 7 7
m 6 10 10
m 7 0 0
m 7 5 4
m 8 11 9
m 1 8 3
m 2 13 5
m 2 0 19
f 2
q 2
m 3 8 5
m 4 10 12
m 4 0 4
q 4
m 5 10 6
m 6 0 4
m 6 9 6
m 7 15 3
m 7 8 1
m 8 3 19
m 1 7 8
m 2 8 0
m 3 15 7
m 5 13 4
m 5 8 6
m 6 8 6
q 6
m 7 2 4
f 7
q 8
q 1
m 2 2 2
m 2 7 1
m 3 13 7
b 3
m 4 18 6
g 5 1 10
m 6 1 16
m 7 1 1
m 8 18 9
m 8 4 17
m 1 6 3
m 1 8 15
m 2 7 10
m 2 0 6
f 2
q 2
m 3 9 9
m 3 9 7
m 4 14 7
m 4 10 19
b 5
m 6 13 5
m 6 7 8
f 6
m 7 3 10
p
m 1 7 4
m 2 11 2
m 3 16 8
m 3 0 14
m 4 14 4
m 4 9 7
m 6 1 6
b 6
m 7 2 10
m 7 5 6
m 8 12 7
m 8 9 18
m 1 7 3
m 3 7 10
m 4 19 6
f 4
m 5 1 4
m 6 7 10
m 6 7 15
m 7 0 2
m 7 3 11
m 8 0 10
m 8 7 10
b 8
m 1 1 3
m 2 8 15
m 2 4 13
g 2 5 8
m 3 7 11
m 4 19 8
m 4 8 11
b 4
q 4
m 5 9 1
m 5 9 6
m 6 9 5
m 6 8 12
m 7 4 0
m 7 10 16
m 8 18 0
f 8
m 1 1 17
m 2 11 9
m 2 2 8
m 3 4 7
m 3 10 8
q 3
m 4 0 5
m 5 11 5
m 5 0 8
f 5
m 6 9 5
m 7 7 16
m 8 10 9
m 1 3 3
m 1 5 8
b 1
q 1
m 2 2 3
m 2 0 11
m 3 3 9
m 4 3 6
m 5 3 0
m 5 4 4
q 5
m 6 1 0
m 6 2 0
m 7 16 2
m 7 3 0
p
m 8 3 9
m 1 12 4
f 1
m 2 2 5
m 3 12 9
m 4 0 6
m 5 12 5
m 5 4 17
m 6 6 5
m 6 6 12
p
m 7 2 3
m 7 2 14
m 8 10 4
m 8 0 5
m 1 10 6
b 1
m 2 0 0
m 3 18 1
m 3 0 1
m 4 19 4
m 4 1 0
b 4
q 4
m 5 13 6
f 5
q 5
m 6 15 10
m 6 1 1
b 6
q 6
m 7 7 6
p
m 8 10 0
m 8 4 10
m 1 6 2
m 1 2 17
p
m 2 6 9
m 3 1 9
m 3 1 6
b 3
g 3 1 9
m 4 13 0
m 5 13 3
m 5 0 14
m 6 2 17
m 7 14 7
m 7 4 6
b 8
m 1 8 6
m 2 5 1
m 3 7 6
b 3
m 4 5 5
m 5 7 6
m 6 8 6
m 6 8 14
m 7 11 5
m 8 0 18
m 8 5 0
m 1 1 4
m 1 7 3
m 2 1 6
m 2 10 3
m 3 0 13
m 3 7 7
m 4 3 4
m 4 8 7
q 4
m 5 6 10
f 5
m 6 14 5
m 7 12 7
m 7 0 18
m 8 9 4
m 8 2 10
m 1 11 1
b 1
m 2 4 8
g 2 7 4
m 3 15 3
m 4 2 10
m 5 8 8
m 5 3 2
q 5
g 5 4 6
p
m 6 6 14
m 7 19 8
m 8 9 0
m 8 5 5
m 1 18 7
m 1 3 0
m 2 13 7
m 2 8 5
g 2 13 2
m 3 12 7
m 3 5 12
f 3
m 4 2 12
m 5 12 3
g 5 17 1
m 6 9 8
m 7 13 7
m 7 9 10
m 8 4 6
m 1 8 1
m 1 3 12
m 2 11 2
m 2 0 8
m 3 5 11
m 4 5 3
m 4 6 5
b 4
g 4 0 2
m 5 19 7
m 5 7 11
m 6 12 7
m 6 2 5
m 7 7 3
m 7 0 11
m 8 5 10
m 8 1 5
f 8
q 8
m 1 11 10
m 1 7 8
m 2 13 10
b 2
m 3 18 2
m 3 7 8
m 4 17 10
m 4 10 8
m 5 15 0
m 5 6 2
m 6 9 5
m 7 19 9
m 8 17 6
q 8
m 1 17 9
m 2 16 8
q 2
m 3 7 3
m 4 3 2
m 5 16 8
m 5 6 15
m 6 12 7
q 6
m 7 17 5
m 7 7 0
b 7
m 8 0 7
m 8 1 19
m 1 0 4
m 1 1 18
b 1
b 2
m 3 15 2
m 3 8 13
p
m 4 18 4
m 4 4 7
m 5 5 10
m 6 11 6
m 6 4 1
p
m 7 9 4
m 8 9 1
g 8 14 6
m 1 19 9
m 1 1 12
m 2 5 10
g 2 10 5
m 3 13 7
m 4 11 1
m 4 0 5
m 5 5 8
b 5
f 5
q 5
m 6 8 6
m 6 2 0
m 7 14 10
f 7
m 2 13 3
p
m 4 16 4
m 4 9 10
m 5 18 3
m 5 10 1
f 5
m 6 8 6
f 6
q 6
m 7 7 10
b 7
m 8 15 9
m 8 3 19
p
m 1 5 7
q 1
m 2 9 5
m 3 1 3
m 4 19 9
m 4 9 16
p
g 5 8 5
m 6 14 7
b 6
m 7 3 16
m 7 6 6
f 7
p
m 8 7 10
m 1 0 3
q 1
m 2 10 8
m 2 9 18
f 2
m 3 9 8
m 4 7 6
m 4 0 9
p
m 5 13 10
m 6 0 4
q 6
m 7 0 8
m 8 17 8
m 8 4 0
m 1 19 2
b 1
q 1
m 2 2 16
m 2 10 16
m 3 4 8
m 4 9 10
b 5
m 6 15 10
g 7 6 4
m 1 0 6
m 2 13 10
m 2 3 11
m 3 14 3
m 3 10 6
m 4 6 14
m 5 9 16
b 5
m 6 2 17
m 7 11 4
m 7 0 15
m 8 15 2
m 8 1 7
m 1 13 5
m 2 19 7
m 2 4 10
m 4 18 2
m 5 2 9
m 6 6 8
m 7 0 6
f 7
m 8 15 10
q 8
m 1 11 2
m 2 8 3
m 2 5 0
g 2 16 10
m 3 1 17
m 4 12 0
m 4 0 6
m 6 13 1
m 7 3 4
m 1 13 10
m 1 7 12
g 1 19 0
m 2 0 0
m 2 6 9
b 3
m 4 17 10
p
m 6 3 4
m 6 0 9
p
m 7 0 14
m 8 4 1
m 1 11 4
m 1 7 17
m 2 3 9
m 2 3 4
m 3 19 5
p
m 4 2 1
m 4 10 10
q 4
m 5 7 6
m 5 10 10
f 5
m 6 5 8
b 6
f 6
m 7 2 10
m 8 13 1
m 8 10 12
m 1 13 3
m 1 10 13
m 2 5 19
m 2 6 16
b 2
m 3 16 8
m 3 1 9
m 4 13 1
m 5 2 5
m 6 19 4
m 7 18 4
m 8 10 8
m 8 2 16
m 1 16 0
m 1 10 18
b 1
m 2 1 6
f 2
m 3 13 6
f 3
g 3 19 10
p
m 4 6 9
m 5 9 5
m 6 0 6
m 7 17 3
m 8 8 1
m 1 5 3
f 1
g 1 16 1
m 3 17 9
m 4 2 8
m 5 15 2
f 5
m 6 3 9
m 6 5 8
m 7 11 6
m 7 3 13
b 7
p
m 8 8 1
m 1 7 10
m 1 2 16
m 2 14 9
m 2 7 13
q 3
p
m 4 13 1
m 4 8 12
b 4
m 5 8 3
m 6 18 7
m 6 3 19
q 6
m 7 0 6
b 7
m 8 3 4
m 8 7 17
q 8
m 1 2 9
m 1 0 15
m 2 8 1
m 2 4 11
m 3 18 6
m 3 9 2
m 4 10 1
m 4 1 15
q 4
m 5 18 7
m 5 3 11
m 6 9 16
m 6 2 12
b 7
m 8 1 14
f 8
m 1 6 18
p
m 2 5 4
m 3 2 7
m 4 2 10
m 5 5 6
m 7 4 17
p
m 8 3 8
q 8
m 1 14 7
b 1
m 2 1 6
g 2 7 2
m 3 6 3
q 3
m 4 2 7
m 4 1 9
m 5 14 7
m 5 6 4
f 5
m 6 5 4
m 6 3 3
f 6
m 7 9 5
m 1 1 6
m 1 4 10
m 2 19 2
m 3 2 1
g 3 6 5
m 4 19 9
m 4 6 19
m 5 5 5
m 6 13 1
m 7 16 8
m 7 3 10
f 7
q 7
m 1 14 7
m 1 0 3
f 1
m 2 2 7
m 3 10 1
m 3 6 6
m 4 9 13
m 5 8 7
f 5
g 5 6 9
m 6 13 1
m 6 7 8
b 7
m 8 13 1
q 8
m 1 11 6
m 2 12 0
m 3 7 9
m 4 16 0
m 5 9 13
m 6 2 8
m 6 8 7
g 6 8 10
m 7 11 6
m 7 8 6
b 8
q 8
m 1 7 6
b 1
p
m 2 17 0
m 3 8 11
m 4 1 3
m 4 3 18
f 4
m 5 10 3
m 5 6 3
m 6 16 8
m 7 10 15
b 7
m 8 3 5
m 8 7 6
m 1 13 2
m 1 1 3
f 1
m 2 6 2
m 3 13 1
m 3 10 0
m 4 12 0
m 5 7 13
m 6 1 3
m 6 5 0
m 7 2 18
m 8 13 2
f 8
p
m 1 12 4
m 1 1 10
g 1 14 1
m 2 8 6
m 3 19 9
m 3 6 11
b 3
m 5 1 3
m 6 4 11
m 7 18 5
q 7
m 8 17 10
q 8
m 1 7 12
f 1
m 2 12 9
m 3 5 10
m 3 7 12
b 3
q 3
m 4 19 9
m 4 7 3
m 5 1 13
m 5 5 2
p
m 6 10 17
m 8 5 10
m 8 9 13
m 1 16 4
m 1 3 9
m 3 9 8
m 3 5 12
m 4 19 9
m 4 4 7
m 5 15 5
b 5
f 5
m 6 18 4
m 6 8 17
m 7 7 15
m 7 4 17
f 7
m 8 8 17
m 8 4 19
m 1 4 8
m 1 1 11
b 1
m 2 8 1
m 2 3 9
p
m 4 12 0
m 5 9 4
q 5
m 6 2 11
m 7 10 4
f 7
m 8 6 15
m 1 11 10
m 1 2 17
b 1
m 2 19 9
m 2 6 12
q 2
m 3 0 6
m 3 9 6
b 3
m 4 1 3
m 5 19 8
m 5 0 11
q 5
m 6 13 5
q 6
m 8 13 6
m 1 4 7
m 1 6 1
m 2 5 6
m 2 5 19
f 2
m 3 0 19
f 3
m 4 15 3
m 5 14 3
m 5 7 6
b 5
m 6 8 19
m 7 17 3
m 8 14 5
m 1 7 5
m 1 9 0
g 1 4 7
m 2 4 8
b 2
m 3 9 5
m 3 1 9
f 3
q 3
m 4 1 12
m 5 2 10
m 5 5 18
p
m 6 2 10
m 7 2 9
m 8 16 4
m 1 4 8
m 1 5 10
m 2 17 9
m 2 6 16
f 3
m 4 10 8
m 4 0 5
g 4 15 8
m 5 8 7
m 5 5 18
m 6 9 4
m 6 7 14
m 7 19 9
m 7 2 1
m 1 1 3
m 2 12 0
m 3 1 14
m 4 4 8
m 4 7 0
m 5 10 8
q 5
m 6 15 5
m 6 3 17
m 7 10 1
f 7
p
m 8 9 5
m 8 9 2
m 1 2 1
f 1
m 2 3 9
m 4 17 0
m 4 9 5
m 5 9 8
g 5 3 1
m 6 17 6
m 6 5 3
m 7 10 18
m 7 5 4
m 8 8 0
b 8
m 2 3 9
m 3 19 7
m 3 1 11
m 4 0 13
m 4 5 5
q 4
m 5 8 10
m 6 10 10
m 6 3 17
m 7 11 9
m 7 10 9
m 8 9 15
f 8

