B 10 5 3 10
m 1 1 3
m 1 0 4
q 1
m 2 4 2
m 2 0 3
b 2
m 3 0 2
m 1 2 3
m 2 7 0
m 3 0 9
m 3 1 1
q 3
m 1 1 7
m 1 1 4
m 2 2 8
m 1 5 4
m 1 5 2
m 2 7 1
m 2 2 3
m 3 0 6
m 3 3 0
b 3
m 1 5 2
f 1
m 2 3 6
m 2 8 4
m 3 0 0
q 3
m 1 0 9
b 1
m 2 2 4
m 2 9 2
g 2 3 2
m 3 8 2
m 3 5 2
m 1 7 0
m 2 4 4
q 2
m 3 2 1
q 3
p
m 1 0 4
b 1
m 2 2 3
m 3 0 5
m 3 1 0
m 1 3 4
m 1 2 1
m 2 0 4
m 2 8 1
m 3 0 6
m 3 1 0
q 3
m 1 2 1
m 1 6 1
m 2 4 6
m 2 2 3
p
m 3 1 0
q 3
g 3 0 7
m 1 4 4
m 2 3 5
m 2 3 1
m 3 5 2
m 1 0 1
q 1
g 2 1 1
m 3 4 7
m 1 0 3
b 2
m 3 3 7
m 1 2 1
m 2 3 5
g 2 2 9
m 3 8 3
m 3 5 1
m 1 0 4
m 1 3 3
m 2 3 5
m 2 5 0
b 2
q 2
m 3 7 1
m 1 8 1
q 1
m 2 9 1
f 2
m 3 4 3
m 3 4 1
m 1 3 7
m 1 7 3
m 2 0 9
m 2 4 1
m 3 1 2
m 1 0 6
g 1 3 0
m 2 6 0
m 3 2 7
p
m 1 0 9
m 1 1 3
m 2 2 3
m 2 9 0
m 3 3 9
m 3 9 1
m 1 3 5
m 2 8 1
b 2
f 2
q 2
m 3 3 5
m 3 9 2
m 1 1 4
m 2 8 0
m 3 2 7
m 3 9 2
m 1 3 6
g 1 1 7
m 2 0 4
m 2 2 2
m 3 3 0
m 3 6 3
q 3
g 3 1 9
m 1 2 3
m 1 0 4
m 2 3 5
b 2
m 3 5 4
m 1 2 3
m 3 2 7
f 3
m 1 2 7
m 1 7 1
m 2 8 2
m 2 9 1
m 3 4 7
m 1 2 3
b 1
g 1 2 9
m 2 4 7
m 3 2 6
f 3
m 1 7 3
m 2 2 3
m 2 9 1
m 3 3 0
g 3 4 1
m 1 0 4
m 1 8 1
b 1
m 2 0 4
m 2 7 4
p
m 1 4 6
m 2 3 5
m 2 4 0
m 3 3 5
b 3
m 1 7 2
m 2 3 9
m 3 4 6
m 1 4 6
m 2 5 0
m 3 1 0
m 3 4 3
g 3 4 1
m 2 3 3
m 3 3 9
m 1 0 2
m 1 4 2
m 2 9 4
m 3 2 4
m 1 0 2
m 1 8 4
b 1

