B 10 7 3 19
m 2 3 6
m 2 6 6
m 3 3 7
m 3 6 1
m 1 0 0
m 2 4 8
m 2 3 4
m 3 7 6
m 1 0 8
m 1 4 6
m 3 3 7
m 3 8 6
m 1 7 3
m 1 3 6
p
m 3 1 9
m 3 7 3
m 1 2 3
g 1 6 3
m 2 9 2
m 3 4 0
b 3
m 1 6 0
m 2 6 1
m 3 4 0
m 1 6 5
m 1 4 3
f 1
m 2 2 6
b 2
m 3 0 3
m 1 6 0
m 1 0 5
m 2 4 0
m 2 7 2
m 2 1 4
m 2 6 4
g 2 3 0
m 3 2 6
m 3 6 6
m 1 1 2
m 1 6 1
q 3
m 1 4 0
m 2 3 4
m 3 1 9
m 1 6 1
q 1
m 2 9 1
m 2 7 5
m 3 3 6
f 3
q 3
m 1 6 9
b 1
m 2 4 1
m 2 8 1
m 3 1 3
m 3 1 1
m 1 6 9
m 2 4 2
m 1 0 6
m 2 6 5
m 2 6 1
m 3 5 8
b 3
m 1 5 1
m 2 2 2
m 2 7 3
m 3 0 9
m 3 8 4
m 1 1 3
m 2 3 4
b 2
m 3 6 4
m 3 4 4
m 1 4 9
m 1 7 5
b 1
m 2 0 3
m 3 0 6
m 1 3 1
m 2 3 5
q 3
m 1 9 2
b 1
m 2 4 2
m 3 0 8
m 3 6 5
g 3 3 2
m 1 6 5
m 1 4 0
f 1
m 2 3 5
p
m 1 0 8
m 1 5 0
m 2 0 3
m 2 9 5
b 2
m 3 0 7
m 3 5 0
m 1 2 0
f 1
m 2 3 8
p
m 3 8 2
m 3 5 6
f 3
q 3
p
m 1 2 6
m 1 2 5
m 2 3 6
m 2 1 4
m 3 3 2
m 1 0 1
m 1 8 0
m 2 4 4
m 3 3 3
m 3 5 1
q 1
m 2 3 4
m 2 4 6
m 3 0 7
m 3 5 0
m 1 5 8
q 1
m 2 4 0
m 2 0 4
m 3 1 7
m 1 0 9
m 1 6 4
m 2 4 6
m 3 2 5
m 1 5 5
m 1 9 3
m 3 7 0
m 3 3 4
p
m 1 0 3
m 1 6 2
m 2 0 1
m 3 4 3
m 1 4 2
m 1 9 2
m 2 1 5
m 3 0 1
m 1 3 8
m 2 8 0
m 2 1 3
m 3 5 4
m 1 0 1
m 2 4 2
b 2
m 3 3 5
b 3
m 1 6 1
m 3 5 1
m 3 0 1
p
m 1 8 3
p
m 2 0 3
b 2
q 2
m 3 4 0
q 3
m 1 5 0
m 2 0 1
m 2 2 5
m 3 3 6
m 3 1 3
m 1 4 7
m 1 3 0
m 2 2 0
m 3 5 8
f 3
m 1 5 4
m 1 1 4
f 2
p
m 3 5 8
q 3
m 1 2 2
m 1 9 0
b 1
m 2 1 5
m 2 1 5
f 2
m 3 4 7
m 3 8 3
q 3
m 1 2 2
m 1 7 3
m 2 2 0
m 2 5 1
m 3 0 1
m 1 3 6
m 3 3 6
b 3
p
m 1 1 2
m 1 6 4
p
f 2
m 3 5 4
m 3 3 4
m 1 0 3
f 1
m 2 4 9
m 2 7 0
q 2
m 3 5 8
b 3
m 1 5 8
m 2 4 9
m 2 7 5
m 3 1 2
m 3 0 0
m 1 2 0
m 1 0 0
p
m 2 3 1
m 3 2 0
q 3
m 1 2 5
m 1 3 5
m 2 4 7
m 2 3 5
m 3 2 0
m 3 3 2
m 1 6 3
b 1
m 2 0 3

