B 10 8 4 25
m 1 3 1
p
m 2 7 1
m 2 4 5
m 3 6 7
m 4 0 1
m 4 1 1
m 1 5 3
m 1 6 6
g 1 7 6
m 2 8 0
m 3 7 9
m 3 2 6
m 4 7 2
m 1 2 5
m 1 0 3
m 3 7 2
m 4 1 2
m 1 1 9
m 1 4 0
m 3 6 5
m 3 5 4
m 4 2 3
m 1 4 7
m 2 1 9
f 2
m 3 4 1
m 3 8 2
m 4 2 4
m 1 6 9
m 1 7 6
m 2 2 4
m 2 2 0
m 3 6 1
m 4 9 2
m 4 7 2
f 4
m 1 3 4
m 2 2 3
q 2
m 3 7 3
m 3 3 2
m 4 9 5
m 4 2 4
m 1 6 3
m 2 1 8
m 3 4 6
m 1 0 4
m 1 6 2
m 2 3 3
m 3 2 0
m 3 6 3
m 4 1 2
m 4 0 1
m 1 5 5
f 1
m 2 0 3
b 2
q 2
m 3 6 0
m 3 3 5
m 4 5 1
m 4 5 1
q 4
p
m 1 2 0
m 1 3 4
q 1
p
m 2 2 0
m 2 5 2
m 3 4 7
f 3
m 4 9 2
m 1 9 4
m 1 0 7
m 2 3 1
m 2 5 4
b 2
f 2
m 3 6 1
b 3
g 3 1 1
m 4 1 2
m 4 6 6
m 1 0 2
b 1
m 2 3 4
m 2 3 3
m 3 2 4
m 3 6 1
f 3
m 4 7 1
m 4 0 7
f 4
b 1
m 2 4 2
q 2
m 3 8 1
b 3
m 1 0 0
m 1 4 3
f 1
g 1 2 8
m 3 0 6
m 4 3 4
m 4 7 1
m 1 6 3
b 1
m 2 1 1
m 3 2 2
m 3 3 5
m 4 8 0
m 1 0 1
m 2 4 4
m 3 7 7
m 4 0 1
m 4 7 7
m 1 6 3
m 2 5 4
q 2
m 3 7 2
m 3 1 6
f 3
q 3
b 4
m 1 1 3
m 2 7 2
m 3 5 3
m 3 5 4
f 3
g 3 3 4
m 4 2 1
b 4
m 1 7 2
m 2 6 9
g 3 1 3
m 4 7 5
m 1 4 6
f 1
q 1
m 2 2 0
g 2 2 8
m 3 2 4
m 4 0 5
m 4 9 0
b 4
m 1 4 1
m 1 8 0
f 1
m 2 7 2
m 3 3 3
m 4 8 7
m 1 4 8
m 1 7 0
m 2 1 9
p
m 3 6 3
m 4 3 8
m 4 3 1
q 4
m 1 4 2
m 2 9 3
m 3 5 3
m 3 6 3
b 3
m 4 0 5
f 4
m 1 4 7
q 1
m 2 0 5
m 3 7 2
p
m 4 6 3
m 4 4 4
m 1 7 5
m 1 4 5
m 2 7 9
m 2 9 6
p
f 4
m 1 4 8
m 1 5 6
m 2 0 5
m 2 7 0
g 2 7 6
p
m 3 7 0
m 3 5 3
b 3
m 4 7 9
m 1 0 4
m 2 7 3
m 2 1 2
m 3 2 1
m 3 5 0
q 3
m 4 7 1
m 1 7 0
f 1
q 1
m 2 9 3
b 2
m 3 7 9
m 3 8 0
m 4 7 4
m 1 4 6
m 2 4 1
m 2 0 4
q 2
p
m 1 6 3
m 1 4 4
q 1
q 2
m 3 6 1
m 4 7 2
m 4 3 5
m 1 0 4
m 1 9 5
m 2 7 5
m 3 7 1
m 3 5 7
m 4 0 3
m 4 7 2
m 1 4 8
m 1 8 3
m 2 6 8
m 2 2 7
m 3 5 1
m 3 1 4
m 4 6 3
p
m 1 0 3
m 2 7 1
m 2 0 6
m 3 5 8
m 3 8 0
m 4 2 1
m 1 8 4
m 1 3 2
m 2 4 6
m 2 1 6
m 3 7 1
m 3 3 6
m 4 0 3
m 1 3 7
m 1 8 2
q 1
m 2 8 4
f 2
m 3 6 8
m 3 6 3
m 4 0 3
b 4
f 4
q 4
m 1 4 6
m 1 3 2
m 2 3 0
m 2 3 3
f 2
m 3 0 1
m 3 1 1
m 4 0 1
m 1 5 1
m 1 1 5
b 1
f 1
m 2 1 9
m 3 6 8
m 3 1 6
m 4 6 1
m 4 2 0
m 1 7 9
f 1
m 2 2 5
b 2
m 3 7 9
m 3 7 3
m 4 5 8
m 4 3 5
g 4 2 2
m 1 5 8
g 1 2 7
m 2 0 1
m 2 9 3
m 3 5 8
m 3 6 0
f 3
m 4 4 2

