B 10 10 6 19
m 1 9 2
q 1
m 2 1 7
m 2 4 5
q 2
m 3 3 3
b 3
q 3
g 3 7 1
m 4 4 5
m 4 9 8
m 5 5 5
m 5 5 2
p
m 6 2 0
q 6
m 1 7 6
m 2 0 5
m 3 3 7
m 4 7 0
m 4 8 9
m 6 6 6
f 6
m 2 6 4
m 3 3 9
p
m 4 9 1
m 5 5 2
m 5 1 6
m 1 8 7
m 1 9 6
m 2 6 2
m 3 3 0
m 4 4 2
m 5 4 5
m 5 9 1
b 5
m 6 0 0
m 6 8 9
m 1 1 7
m 1 4 2
m 2 6 2
m 2 5 9
p
m 3 4 0
m 3 8 5
m 4 2 8
f 4
m 5 9 6
m 5 0 7
m 6 1 2
g 6 9 8
m 1 3 7
m 2 5 8
m 2 7 8
f 2
q 2
m 3 7 7
m 4 1 4
m 4 1 6
b 4
q 4
m 5 3 6
m 6 1 2
m 6 8 2
m 1 0 8
m 2 4 8
m 3 3 7
m 4 0 6
m 4 2 3
m 5 0 8
m 6 5 2
m 6 9 7
g 6 8 4
m 1 0 2
m 2 4 4
m 2 2 6
m 4 0 8
m 4 8 4
m 5 4 8
m 6 5 4
f 1
p
m 2 8 2
m 3 4 2
m 4 7 2
g 4 8 0
p
m 5 0 5
m 6 8 3
m 6 6 7
b 6
m 1 8 8
m 2 3 7
b 2
m 3 6 4
m 3 8 6
f 3
m 4 3 7
m 4 9 7
m 5 4 9
m 6 5 6
m 1 9 7
m 1 5 0
m 2 4 2
m 2 2 2
m 3 3 1
m 3 0 4
p
m 4 2 1
p
m 5 9 2
m 5 0 8
m 6 0 1
f 6
m 1 5 9
f 1
m 2 1 7
m 2 3 4
m 3 0 5
m 5 9 4
m 6 5 3
m 6 4 9
m 1 7 4
b 1
m 2 8 0
m 3 6 5
m 4 7 2
m 4 8 8
f 4
m 5 6 9
g 5 6 9
m 6 7 5
m 6 9 8
b 6
m 1 1 7
b 1
m 2 1 6
b 2
m 3 9 7
m 3 1 3
m 4 7 5
b 4
m 5 8 3
m 5 0 7
m 6 0 9
m 6 2 3
m 1 0 1
b 1
g 1 4 1
m 2 1 8
b 2
q 2
q 3
m 4 1 3
m 5 2 3
b 5
m 6 3 4
m 1 5 1
m 2 7 9
m 3 3 0
m 4 1 2
q 4
m 5 1 9
m 5 7 1
g 5 7 3
m 6 8 6
g 6 2 1
m 1 5 9
b 1
m 2 5 7
q 2
b 3
m 4 2 0
m 5 0 3
m 5 6 8
m 6 1 4
m 1 1 8
m 1 5 6
q 1
m 2 7 4
m 2 0 4
b 2
m 3 4 1
m 3 5 2
m 4 4 6
m 4 5 7
m 5 3 7
m 5 2 3
q 5
m 6 5 9
m 1 3 9
m 2 2 9
m 3 0 3
m 4 5 8
m 5 0 9
m 5 9 2
m 6 0 6
m 6 8 2
m 1 1 1
m 1 9 6
m 2 9 9
m 2 3 2
m 3 0 6
m 3 0 8
b 3
m 4 8 1
g 4 8 9
m 5 5 2
m 6 5 1
m 6 5 2
m 1 1 8
m 2 5 2
m 2 9 1
q 2
m 3 1 1
m 4 5 3
m 4 4 0
m 5 5 1
m 6 8 1
m 1 0 1
m 2 4 8
f 3
m 4 9 9
m 4 6 9
q 4
m 5 7 2
m 6 7 2
b 6
g 6 3 0
m 1 5 9
m 2 4 9
m 2 0 7
m 3 3 9
m 4 0 6
m 5 5 3
p
m 6 8 3
f 6
q 6
m 1 0 9
q 1
m 2 3 6
m 2 6 3
f 2
m 3 3 9
m 3 4 6
m 4 3 7
m 4 8 7
q 4
m 5 0 0
f 5
m 6 4 2
m 1 8 9
m 1 9 5
b 1
m 2 5 1
m 2 4 7
f 2
m 3 2 4
m 4 7 6
m 5 5 1
m 6 3 9
f 6
m 1 4 4
m 1 9 7
p
m 2 3 4
m 2 0 1
m 3 3 4
m 4 7 2
m 4 1 8
m 5 1 6
m 5 7 4
m 6 0 6
m 1 6 5
b 1
f 1
m 2 3 4
m 2 1 5
p
m 3 5 2
m 3 9 1
b 3
f 3
m 4 0 5
m 6 1 5
b 6
m 1 1 6
f 1
m 2 0 1
m 2 0 5
m 3 5 3
f 3
q 3
m 4 3 1
m 4 4 6
m 5 5 3
m 6 3 7
m 6 1 1
m 1 1 6
m 1 6 0
g 1 3 5
m 2 7 2
m 2 2 5
m 3 6 0
m 4 0 1
m 4 8 2
m 5 4 6
m 5 2 8
m 6 0 1
q 6
m 1 6 6
m 2 3 4
m 3 0 3
q 3
m 4 5 2
m 4 3 0
f 4
m 6 4 4
m 6 4 6
q 6
m 1 8 3
m 2 0 1
m 3 0 6
m 4 3 4
b 4
m 5 0 9
m 6 5 3
m 6 6 2
m 2 7 2
m 2 8 1
f 2
m 4 8 3
g 4 5 1
m 5 4 4
m 6 7 2
m 6 8 3
g 6 9 2
m 2 0 9
m 3 7 2
m 4 7 2
m 5 3 9
m 5 2 0
m 6 8 3
m 6 9 0
b 6
q 6
m 1 5 3
m 2 7 2

