B 4 13 5 9
m 1 6 2
m 2 1 0
m 2 3 6
g 2 5 3
m 3 9 0
m 4 4 3
m 5 3 12
m 1 0 2
m 2 12 2
p
m 3 1 12
m 3 2 3
q 3
m 4 8 2
m 4 0 0
b 4
m 5 3 3
m 5 2 8
m 1 1 1
m 1 1 12
m 2 3 0
q 3
m 4 9 1
f 4
m 5 2 10
m 1 1 3
m 1 0 1
m 2 2 2
m 2 0 8
m 3 2 8
m 4 9 1
p
m 5 3 6
m 5 2 8
m 1 1 2
m 1 0 0
m 2 4 0
m 3 1 2
m 5 10 1
m 1 0 10
m 2 3 1
m 2 3 9
m 3 1 7
m 4 4 0
f 4
m 5 4 3
m 2 0 2
m 2 1 10
m 3 1 8
m 4 11 0
m 4 3 4
f 4
m 5 1 5
m 5 1 0
m 1 1 2
m 2 6 2
m 3 0 2
m 4 0 2
b 4
m 5 4 1
m 5 2 9
m 1 7 3
m 2 4 2
m 2 2 0
m 3 2 4
m 3 0 3
m 4 1 6
m 4 1 11
m 5 7 0
m 5 3 9
g 5 4 3
m 1 1 4
m 2 11 2
m 2 0 5
m 3 2 3
m 3 2 9
m 4 11 3
m 5 2 2
m 1 5 3
g 1 8 1
m 2 2 5
m 3 7 2
m 3 0 12
m 4 1 2
m 4 0 6
p
m 5 6 2
m 1 7 3
m 1 3 9
m 2 7 3
q 2
m 3 11 2
m 4 0 2
m 4 0 1
m 5 11 2
m 5 2 1
b 5
f 5
m 1 7 3
m 2 1 11
p
m 3 0 1
m 3 1 3
f 3
q 3
m 4 10 3
m 5 0 11
f 5
m 1 7 0
m 1 3 2
f 1
m 2 0 11
m 2 3 1
m 3 10 3
m 3 0 2
m 4 2 0
b 4
m 5 9 1
b 5
q 5
m 1 0 3
b 1
m 2 3 9
f 2
q 2
m 3 3 1
m 3 1 8
m 4 11 2
m 4 1 10
m 5 12 2
m 5 3 10
m 1 7 3
m 1 3 9
m 2 11 3
m 3 9 1
g 3 3 1
m 4 5 3
m 4 1 9
m 5 5 3
m 5 3 3
m 1 0 1
m 1 2 11
m 2 9 0
m 3 12 2
m 3 2 4
f 3
q 3
p
m 4 2 10
m 5 12 2
p
m 1 9 0
m 2 4 0
m 2 3 1
m 3 11 3
p
m 4 3 5
m 5 11 3
m 5 2 7
f 5
m 2 9 0
m 2 0 6
m 3 0 9
m 4 2 2
b 4
m 5 7 0
m 5 1 11
m 1 7 0
m 1 2 1
m 2 6 2
m 3 7 0
m 3 1 10
m 4 1 8
m 4 1 7
m 1 0 4
m 1 2 10
m 2 7 0
m 2 1 1
f 2
m 3 8 3
m 4 8 3
m 4 2 6
f 4

