B 10 4 2 18
m 1 2 3
m 2 5 3
q 2
m 1 3 1
g 1 3 2
m 2 2 2
m 2 6 0
m 1 5 1
m 1 6 2
f 1
m 2 3 0
m 1 3 1
m 1 0 3
m 2 4 1
f 2
m 1 0 4
m 1 3 2
f 1
g 2 1 5
m 2 2 1
m 2 8 2
m 1 1 1
m 2 2 9
m 1 2 4
m 1 3 3
m 2 0 2
m 2 0 0
m 1 8 1
f 1
m 2 5 0
m 1 3 6
m 1 3 1
m 2 3 6
m 2 1 0
m 1 3 9
b 1
m 2 0 8
m 2 1 0
m 1 2 1
b 1
m 2 1 3
m 1 6 1
m 1 8 1
m 2 7 2
m 2 1 3
m 1 0 9
m 2 5 3
m 1 2 5
q 1
m 2 3 8
q 2
m 1 0 2
m 2 0 8
q 2
m 1 2 5
m 2 9 2
g 2 3 3
m 1 2 4
m 1 5 0
f 1
m 2 1 3
m 1 3 4
m 2 3 6
m 2 4 0
b 2
g 2 1 8
m 1 1 7
m 1 6 1
m 2 5 2
m 1 1 7
q 2
m 1 6 0
m 2 1 9
f 2
p
m 1 0 2
m 1 7 1
m 2 1 9
m 2 3 3
m 1 1 0
m 1 6 3
q 1
m 2 1 0
m 1 0 1
m 2 3 9
m 2 8 1
m 1 0 7
q 1
m 2 5 2
m 1 3 4
f 1
m 2 2 1
m 2 9 1
f 2
q 2
m 1 8 0
m 2 3 0
m 1 7 2
m 1 0 3
b 1
m 2 2 4
m 2 2 1
m 1 4 2
f 1
m 2 4 2
m 2 8 1
m 1 7 1
m 1 7 2
m 2 3 7
m 1 0 9
m 2 3 8
m 2 0 2
q 2
m 1 2 1
m 1 2 2
m 2 0 0
m 1 2 1
m 1 5 3
m 2 3 3
m 2 6 0
q 2
m 1 3 4
m 1 4 1
m 2 9 3
b 2
q 2
m 1 3 8
m 2 2 1
q 2
m 1 2 1
m 2 2 1
m 2 8 2
q 2
m 2 6 1

