B 10 10 3 24
m 1 4 4
m 1 0 7
m 2 1 1
m 3 4 8
m 2 3 6
m 3 9 1
b 3
q 3
m 1 6 1
q 1
m 2 5 8
m 2 1 2
m 3 2 9
m 1 2 6
m 2 8 2
f 2
q 2
m 3 1 4
m 3 1 9
m 1 8 5
m 1 1 5
b 1
m 2 5 5
m 3 8 7
m 3 7 8
m 1 7 4
m 1 5 2
m 2 5 5
m 3 2 6
m 3 5 7
b 3
m 1 4 8
m 1 5 9
b 1
m 2 5 7
m 2 9 3
m 3 1 7
m 1 3 7
m 3 8 1
f 3
m 1 7 7
m 1 1 2
q 1
m 2 5 3
p
m 3 7 5
m 3 1 3
m 1 7 2
m 1 5 9
m 2 8 9
m 3 8 1
m 3 9 0
f 3
m 1 6 4
g 1 8 7
m 2 2 5
m 2 0 4
f 2
m 3 4 9
m 1 9 3
m 1 9 1
m 2 8 0
m 3 9 6
m 3 5 3
m 1 3 4
m 1 7 6
m 2 0 7
m 2 7 5
m 3 5 0
m 3 4 8
b 3
m 1 8 8
m 1 8 1
f 1
m 2 1 2
m 2 7 3
m 3 4 8
m 1 0 0
b 1
f 1
m 2 2 6
m 2 5 4
m 3 0 2
m 3 5 5
b 1
m 2 2 2
m 2 9 4
m 3 7 4
m 3 6 9
m 1 5 2
m 1 4 0
m 2 3 3
m 3 0 2
m 2 8 0
m 3 3 6
m 1 1 3
b 1
m 2 0 1
m 2 5 5
m 3 2 6
m 3 9 3
m 1 3 9
m 2 1 4
b 2
m 3 1 4
f 3
q 3
m 1 7 6
m 1 0 6
m 2 5 6
m 1 2 6
m 1 3 7
m 2 8 2
m 3 8 6
m 1 0 2
b 1
m 2 0 1
m 3 8 5
m 3 4 8
b 3
m 1 8 6
m 3 5 3
m 3 9 1
m 1 3 6
b 1
m 2 7 9
m 2 4 0
m 3 8 9
m 3 5 7
m 1 7 6
g 1 3 5
m 2 5 0
m 1 8 9
q 1
m 2 9 0
m 3 3 2
m 3 3 0
m 1 1 7
q 1
m 2 7 4
b 2
f 2
m 3 9 9
m 1 8 1
m 1 3 2
m 2 1 0
m 3 5 6
m 1 3 7
q 1
m 2 8 6
m 2 9 9
m 3 7 4
m 1 8 9
m 2 9 0
m 2 7 8
m 3 0 7
m 3 5 7
m 1 2 8
b 3
m 1 8 9
q 1
m 2 5 4
m 2 0 3
m 3 5 6
m 1 8 6
m 2 7 0
m 3 2 0
m 1 7 6
m 2 7 2
m 2 3 3
m 3 5 0
m 3 2 5
q 3
m 1 4 8
m 2 8 9
m 2 9 3
m 3 8 6
m 1 8 0
g 1 0 1
m 2 2 9
b 2
q 2
m 3 4 8
m 3 5 4
f 3
m 1 1 5
m 1 3 2
f 1
m 2 9 2
m 2 2 4
m 3 1 5
m 3 4 7
b 3
m 1 2 4
b 1
g 1 1 8
m 2 2 4
m 3 3 8
m 3 2 9
m 1 3 8
m 1 8 1
m 2 3 1
m 3 1 4
p
m 2 0 7
b 2
m 3 8 0
m 3 0 3
m 1 6 6
b 1
f 2
m 3 2 9
b 3
m 1 1 2
m 2 8 6
m 2 3 3
m 3 4 8
m 1 0 5
m 1 5 3
m 2 4 8
m 3 6 4
m 1 6 1
p
m 2 1 7
m 2 2 6
m 3 5 4
q 3
m 1 8 5
g 1 0 1
m 2 6 0
m 2 9 8
m 3 0 8
m 1 3 4
f 1
m 2 5 3
m 3 5 4
m 2 2 6
m 3 1 7
q 3
m 1 1 4
m 1 6 3
m 2 7 6
f 2
m 3 7 2
m 3 2 1
m 1 2 6
m 1 6 5
p
m 2 6 1
f 2
m 2 7 6
m 3 4 8
m 3 6 2
m 1 1 7
b 1
m 2 7 2
m 3 6 1
m 1 3 4
m 1 3 5
m 2 7 2
m 3 8 1
m 3 2 0
q 3
g 3 9 1
m 2 4 8
m 2 3 8
p
m 3 3 1
m 1 3 8
m 1 6 9
f 1
q 1
m 2 9 7
m 3 1 5
m 2 7 2
m 3 3 8
m 1 4 8
m 1 5 9
m 2 4 8
m 2 7 2
m 3 3 2
m 1 8 6
m 1 2 2
m 2 6 4
m 2 1 6
m 3 6 4
m 1 1 7
g 1 9 2
m 2 7 2
m 3 2 4
m 3 4 1
m 2 7 2
m 2 0 1
m 1 5 9
m 1 9 6
m 2 1 5
m 2 6 4
m 3 1 2
m 3 0 0
q 3
m 1 0 5
m 1 1 3
m 1 5 4
m 2 6 4
q 2
m 3 4 8
m 1 2 4
m 2 1 2
m 3 3 4
m 3 4 7
m 1 5 8
f 1
m 2 1 7
m 3 9 0
b 3
g 3 3 7
m 1 3 4
m 1 7 3
m 2 6 4
m 2 3 8
b 2
g 2 1 6
m 3 6 8
m 1 3 2
m 1 4 2
m 2 5 9
m 2 0 4
f 2

