B 7 20 8 19
m 1 10 5
m 2 14 1
m 3 14 2
m 3 0 14
m 4 0 10
m 5 14 2
m 6 5 12
m 7 4 7
m 8 6 4
m 8 3 17
m 1 7 6
q 2
m 3 14 5
m 4 4 6
f 4
m 5 6 6
m 6 6 1
m 6 5 8
m 7 4 14
m 8 2 4
m 8 5 5
m 1 19 0
m 1 6 4
m 2 5 19
m 2 2 19
g 2 14 4
m 3 14 3
m 3 3 0
m 4 9 6
m 5 3 3
m 5 4 8
f 5
p
m 6 1 9
p
m 7 10 6
m 8 1 17
m 1 14 5
b 1
f 1
m 2 6 5
f 2
q 2
m 3 5 16
m 3 0 5
m 4 6 14
m 5 2 3
f 5
p
m 6 0 9
m 7 5 3
m 7 3 18
m 8 9 6
m 8 1 3
f 8
p
m 1 4 15
m 2 18 5
m 2 3 8
m 3 7 2
m 3 4 4
f 3
m 4 5 3
m 4 6 0
m 5 17 5
m 5 1 13
m 6 0 0
m 6 0 0
m 7 3 2
m 7 2 11
m 8 8 2
m 1 6 1
m 1 5 9
f 1
m 2 1 0
m 2 6 9
m 3 6 3
p
m 4 2 12
m 5 4 1
q 5
m 6 13 3
f 6
m 8 3 8
b 8
m 1 0 5
m 2 4 8
m 2 4 18
q 2
m 3 13 6
m 3 1 19
m 4 0 5
b 5
f 5
m 6 6 4
g 6 1 4
m 7 11 4
m 7 6 7
q 7
m 8 17 5
m 8 5 14
g 8 8 3
m 1 15 5
b 2
m 3 2 2
m 4 4 1
m 4 1 14
p
m 5 13 0
f 5
m 6 16 2
m 7 6 1
m 8 2 1
m 8 1 1
b 1
f 1
m 2 10 3
m 3 18 5
m 3 3 18
b 3
m 4 18 1
m 4 3 0
m 5 12 4
g 5 12 5
m 6 6 11
m 6 1 19
b 6
m 7 19 3
m 8 1 2
q 8
p
m 1 12 6
b 1
m 2 9 2
f 2
m 3 1 7
m 3 5 2
m 4 0 5
m 4 1 0
m 5 9 2
m 6 3 8
m 7 6 10
m 7 0 10
m 8 2 0
m 8 3 4
m 1 10 1
m 1 0 0
b 1
m 2 12 4
m 2 2 7
m 3 1 6
m 3 2 0
m 4 18 6
m 4 0 11
b 4
f 4
m 5 6 3
m 5 5 12
m 6 0 18
m 6 5 19
m 7 15 1
f 7
m 8 3 11
m 8 1 1
m 1 17 0
m 2 4 0
m 2 6 2
m 3 19 3
m 4 0 4
q 4
m 5 7 0
m 6 1 19
m 6 5 6
m 7 6 11
m 8 10 5
q 8
m 1 7 3
m 1 2 3
b 1
m 2 17 0
b 2
q 2
m 3 10 5
m 4 7 5
m 4 0 16
m 5 10 1
m 5 6 5
f 5
m 6 16 2
m 6 5 16
m 7 13 5
m 7 2 17
m 8 2 0
m 8 2 7
m 1 5 9
m 2 2 9
m 3 3 0
m 3 2 3
m 4 10 3
m 5 13 4
m 5 3 18
b 5
q 5
p
m 6 8 6
m 7 3 16
m 7 2 6
m 8 5 15
m 8 4 10
m 1 5 3
q 1
m 2 9 4
p
m 3 15 3
m 3 6 17
m 4 11 1
q 4
m 5 1 5
b 5
m 6 0 15
m 6 6 19
m 7 0 8
m 7 4 6
b 8
m 1 12 0
m 1 0 3
m 2 17 4
m 3 11 5
m 4 11 5
m 5 1 5
m 5 4 0
m 6 5 6
m 6 0 17
m 7 0 19
m 8 6 18
f 8
m 1 10 1
m 1 5 11
m 2 3 9
m 2 3 9
m 3 9 4
m 3 6 6
m 4 6 3
m 4 5 17
m 5 1 17
m 5 5 4
q 5
m 6 13 3
m 7 0 5
m 1 0 8
g 1 14 0
m 2 5 3
m 3 5 13
q 4
m 5 4 1
q 5
m 6 4 1
m 6 3 0
m 7 15 2
m 7 1 0
q 7
m 8 6 5
f 1
m 2 14 2
b 2
m 3 12 0
m 4 13 3
m 4 2 6
q 4
m 5 13 6
m 6 0 2
m 7 0 8
m 8 1 4
m 1 4 5
m 1 2 11
m 2 13 2
m 3 2 19
m 3 1 16
m 4 15 2
m 4 3 15
m 5 10 3
m 6 3 4
m 7 0 16
m 7 0 1
m 1 6 3
m 2 7 0
m 2 0 14
p
m 3 14 3
m 3 1 17
f 3
m 4 14 3
m 4 3 5
m 5 5 4
f 5
m 6 3 4
m 7 17 4
m 7 1 1
m 8 15 6
m 8 5 7
m 1 13 3
m 2 8 6
m 2 6 4
q 2
m 3 1 6
m 3 1 19
f 3
q 3
g 3 15 4
m 4 12 3
m 5 3 16
m 5 5 11
m 6 13 2
m 6 6 13
q 6
m 7 13 4
m 8 2 4
f 8
m 1 1 17
m 2 7 0
m 2 5 1
b 2
m 3 2 2
m 3 5 12
f 3
m 4 11 4
m 4 2 19
m 5 3 14
m 5 3 1
m 6 4 18
m 7 8 2
m 7 0 8
m 8 0 6
m 8 2 18
m 1 11 4
m 1 3 9
m 2 16 6
m 3 8 2
m 3 2 19
q 3
m 4 6 8
m 5 19 3
m 5 0 13
m 6 13 3
m 6 4 1
m 7 11 1
m 7 4 18
m 8 6 14
b 8
m 1 19 3
m 2 12 6
m 2 2 10
m 3 5 9
m 3 3 18
m 4 3 12
m 4 5 1
q 4
m 5 1 0
m 6 0 5
m 6 4 12
f 6
m 7 13 2
b 7
m 8 6 17
b 8
m 1 8 1
m 1 0 15
m 2 3 18
b 2
m 3 16 4
m 4 7 0
m 5 7 3
m 7 0 16
q 7
m 8 2 4
m 8 2 10
m 1 12 6
m 2 16 4
m 3 12 1
q 3
m 4 3 4
m 5 19 3
m 6 2 7
m 7 3 14
m 7 5 6
m 8 15 6
m 1 13 4
f 1
m 2 12 6
m 3 5 18
m 4 5 5
m 4 2 19
m 5 3 4
m 6 15 2
m 6 5 11
m 7 3 18
p
m 8 5 5
m 1 10 5
m 1 6 18
p
m 2 13 3
m 2 1 10
p
m 3 7 3
m 3 3 4
q 3
m 4 6 16
q 4
m 5 15 1
q 5
m 6 3 14
m 6 0 6
g 6 9 5
m 7 2 2
q 7
m 8 4 12
m 8 0 13
m 1 15 2
m 1 1 15
m 2 3 4
m 3 5 2
m 4 6 11
m 4 0 7
m 5 11 1
m 5 0 15
b 5
m 6 5 8
m 7 5 11
m 7 1 13
f 8
m 1 13 4
m 2 5 2
m 2 6 14
m 3 5 0
m 3 1 6
m 4 3 17
m 4 2 10
f 4
m 5 3 4
m 5 1 5
f 5
m 6 3 4
q 6
m 7 19 3
m 7 1 3
m 8 18 1
m 8 2 0
m 1 9 4
m 2 15 2
m 2 5 4
m 3 13 2
m 4 3 3
m 4 5 13
m 5 7 3
m 5 6 9
m 6 0 2
m 6 4 17
m 7 13 4
m 7 5 14
m 8 3 14
m 1 10 3
m 1 6 12
m 2 12 0
m 2 5 11
m 3 13 2
g 3 12 6
m 4 7 3
m 5 12 0
m 5 2 5
m 6 3 2
m 7 3 7
m 8 2 4
m 8 4 3
b 8
m 1 12 0
m 2 10 5
m 2 4 8
m 3 18 1
m 3 5 15
m 4 12 0
m 4 5 17
q 4
g 4 1 2
m 5 12 0
m 5 2 11
m 6 11 4
m 6 0 14
q 6
m 7 11 4
q 7
m 8 18 1
m 8 3 18
b 8
m 1 14 2
m 1 6 12
m 2 5 0
m 3 4 4
m 3 5 7
p
m 4 10 3
m 5 10 3
m 5 6 12
m 6 6 14
q 6
m 7 15 6
m 8 19 3

