B 7 9 7 7
m 1 1 7
m 2 7 4
g 2 7 1
m 3 6 1
m 4 2 2
m 4 2 5
m 5 4 2
m 6 5 3
f 6
m 7 5 0
m 7 2 4
m 1 4 6
m 1 1 3
m 2 0 4
m 2 1 6
m 3 5 6
m 4 2 0
m 4 1 4
p
m 5 8 6
m 5 1 6
m 6 4 3
m 7 8 4
m 1 0 1
m 1 2 0
q 1
m 2 4 6
m 2 5 1
m 3 2 2
m 3 6 5
m 4 1 2
m 4 4 3
p
m 5 2 0
q 5
p
m 6 5 5
m 6 2 8
m 7 7 5
m 7 4 2
m 1 0 3
g 1 2 4
m 2 7 6
m 4 6 3
m 4 6 8
m 5 3 6
m 5 2 6
q 5
m 6 6 5
m 6 6 3
m 7 4 5
m 1 4 6
m 1 3 4
b 1
m 2 4 1
m 3 5 1
m 4 0 3
m 5 2 5
m 6 0 6
m 6 3 6
m 7 0 4
m 7 3 7
q 7
m 1 7 5
m 1 3 6
b 1
p
m 2 3 6
m 2 0 5
b 2
m 3 0 0
b 3
m 4 8 5
q 4
m 5 1 4
f 5
m 6 4 5
m 7 8 0
m 1 0 3
m 2 0 3
m 2 5 2
f 2
q 2
m 3 8 4
m 3 0 8
b 3
m 4 5 3
f 4
m 5 0 7
m 6 5 3
p
m 7 8 5
m 1 8 1
m 1 1 7
m 2 1 8
b 2
m 3 0 6
m 3 4 2
b 3
m 4 4 6
b 4
m 5 0 4
m 6 0 1
m 6 1 5
m 7 8 4
q 7
m 1 5 4
m 1 4 6
m 2 4 5
q 2
m 3 2 3
m 4 2 0
m 4 0 4
m 5 6 4
q 5
m 6 4 4
m 6 5 1
m 7 5 3
m 1 6 7
m 2 0 3
m 2 2 3
f 2
m 3 0 7
m 3 3 2
m 4 2 6
f 4
q 4
m 5 3 1
m 6 0 1
b 7
m 1 7 2
m 1 2 8
g 1 0 2
m 2 1 1
m 2 2 8
m 3 2 6
m 3 1 4
m 4 1 8
m 5 0 6
m 6 6 6
m 6 0 7
m 7 6 0
m 1 3 3
f 1
m 2 3 7
g 2 1 0
p
m 3 0 4
m 3 3 2
f 3
m 5 8 5
m 5 6 6
m 6 1 1
m 6 6 4
m 7 0 4
m 2 8 4
m 2 4 4
m 3 2 0
m 4 7 2
m 5 5 7
m 5 1 2
m 6 8 4
m 7 8 5
m 7 0 6
q 7
m 1 2 0
m 1 6 1
q 1
p
m 2 5 3
m 2 5 4
m 3 1 2
b 3
m 4 0 0
m 5 8 5
m 5 0 5
q 5
m 6 4 7
m 7 5 3
b 7
q 7
g 7 5 0
m 1 0 3
m 1 5 7
m 2 5 5
m 3 7 2
m 4 0 1
m 4 3 3
m 5 8 3
m 5 2 5
m 6 8 4
m 6 2 5
m 7 1 6
b 7
m 1 1 3
m 2 0 3
m 2 6 1
m 3 5 1
p
m 4 7 2
m 4 0 5
b 4
m 5 8 3
m 6 8 3
m 6 6 7
m 7 0 1
m 1 8 3
m 2 2 1
m 2 1 5
p
m 3 8 4
m 3 1 8
m 4 5 3
m 4 4 0
m 5 3 3
m 6 8 4
m 6 5 0
f 6
m 7 5 3
m 7 3 2
m 1 2 6
m 2 5 2
f 2
m 3 2 0
m 4 8 5
m 4 3 3
m 5 5 5
m 5 3 6
m 6 7 2
m 6 3 3
m 7 0 3
m 7 0 8

