B 10 6 5 10
q 1
m 2 0 4
m 3 3 8
m 3 0 3
m 4 7 1
m 4 5 5
m 5 8 0
m 2 6 4
m 2 0 3
m 3 9 0
q 3
m 4 5 2
m 4 1 0
p
m 5 3 8
b 1
m 2 3 3
m 2 0 1
m 3 3 4
m 3 8 3
m 4 1 1
m 5 8 3
m 5 6 2
m 1 1 2
m 2 4 2
b 2
m 3 4 0
q 3
m 4 3 3
b 4
m 1 0 7
m 2 3 9
m 2 0 3
b 2
q 2
m 3 9 4
q 3
m 4 7 2
m 5 3 6
m 5 3 4
m 1 5 8
q 1
m 3 6 3
m 3 4 2
q 3
m 4 5 8
q 4
m 5 8 2
m 1 2 1
m 1 4 3
m 2 1 4
m 2 5 4
b 2
m 3 0 5
m 4 5 3
m 4 7 3
m 5 7 5
m 5 5 1
b 5
q 5
m 1 3 2
m 2 4 7
q 2
m 3 1 8
q 3
m 4 1 9
m 4 0 1
m 5 8 5
m 5 0 3
m 1 1 6
m 2 0 2
m 2 3 2
m 3 2 2
m 4 1 3
m 4 3 0
f 4
m 5 1 3
m 5 5 2
m 1 4 1
m 2 3 9
m 3 0 2
m 3 7 1
m 5 2 4
m 5 0 2
f 5
m 1 5 6
m 2 5 6
m 3 9 4
m 4 3 2
b 4
m 5 0 5
m 1 1 6
m 1 8 1
m 2 5 6
m 3 0 5
p
m 4 9 3
m 5 7 5
f 5
m 1 5 6
m 2 5 9
m 3 2 0
m 4 4 7
g 4 0 8
m 5 3 2
m 5 6 2
q 5
m 1 3 2
q 1
m 2 9 3
m 2 7 1
b 2
q 2
b 3
m 4 9 1
m 5 2 3
m 1 5 2
m 1 2 3
m 2 1 6
m 2 6 2
f 2
q 2
m 3 4 1
m 3 9 2
b 3
m 4 7 1
m 5 4 2
m 5 9 3
f 5
m 1 5 9
m 2 4 4
m 2 0 1
m 3 4 8
m 3 3 0
m 4 5 9
m 5 1 6
m 5 9 0
f 5
q 5
m 1 4 3
m 1 2 3
m 2 5 4
m 2 7 3
b 2
f 3
m 4 4 5
f 4
q 4
m 5 6 1
m 1 5 2
m 1 4 4
p
m 2 6 0
f 2
g 3 1 1
m 4 5 6
m 4 7 1
m 5 5 6
m 5 3 3
q 5
m 1 5 2
m 2 8 0
m 3 5 6
m 3 2 5
m 4 0 7
m 4 6 4
f 4
m 5 1 3
m 1 9 5
m 1 9 0
f 1
m 2 4 7
m 2 8 3
b 2
m 3 0 3
m 5 0 5
m 5 2 3
q 5
m 2 2 9
m 2 2 2
m 3 0 7
m 3 5 2
m 4 2 9
m 4 2 3
m 5 1 3
m 5 9 3
m 1 5 2
b 1
m 2 7 2
m 2 1 4
p
m 3 2 1
f 3
m 5 0 0
q 5
m 1 5 6
m 2 0 5
m 3 5 1
m 3 4 0
g 3 0 8
m 4 0 7
m 5 7 5
m 1 9 1
m 1 6 2
m 2 1 5
m 3 4 7
m 3 4 2
m 4 2 9
m 5 5 2
q 5

