B 9 10 6 12
m 1 2 2
m 2 0 5
m 3 4 8
m 3 4 5
m 4 9 4
m 5 5 3
m 5 1 4
b 6
q 6
m 1 8 6
m 2 9 0
m 3 6 8
m 4 5 5
m 5 3 4
m 6 1 3
m 2 8 7
m 3 7 8
m 3 4 5
m 4 9 5
m 4 1 4
m 5 9 3
m 5 5 7
m 6 6 6
m 1 6 2
m 1 7 4
m 2 4 0
m 2 5 8
g 2 8 7
q 3
m 4 1 5
m 4 3 5
m 5 5 2
b 5
m 6 9 5
m 1 5 5
m 1 3 2
b 2
q 2
m 3 2 7
m 4 6 9
m 4 5 4
m 6 3 7
m 1 4 0
m 2 0 5
m 4 9 3
m 4 6 1
m 5 8 2
m 5 1 2
g 5 5 4
p
m 1 5 6
m 2 6 3
m 3 0 3
m 3 8 1
m 4 5 1
b 4
m 5 8 2
m 6 4 4
m 6 8 7
m 1 0 6
m 3 4 1
m 4 4 8
m 4 5 4
m 5 1 4
m 5 3 7
m 6 9 1
m 6 5 8
m 1 2 4
m 2 0 1
b 2
m 3 6 4
m 3 1 7
m 4 2 7
m 4 2 8
m 5 8 6
m 5 0 8
q 5
m 6 0 3
f 6
q 6
m 1 6 1
m 2 7 6
f 2
m 3 4 2
q 3
m 4 1 7
m 5 2 3
m 5 0 3
m 6 5 1
m 6 5 6
m 1 9 3
f 1
q 1
m 2 9 7
f 2
g 2 4 2
m 3 6 8
m 3 7 8
m 4 0 1
m 5 6 1
m 5 0 2
m 6 6 2
m 6 6 9
m 1 5 2
m 1 4 3
b 1
m 2 9 4
m 3 0 1
b 3
m 4 4 0
m 4 3 3
g 4 4 4
m 5 1 7
q 5
p
m 6 5 6
m 6 6 6
m 1 1 2
m 2 5 9
m 2 7 3
m 3 2 7
b 3
f 3
m 4 3 5
m 4 0 1
m 6 7 7
q 6
m 1 0 6
m 1 5 6
m 2 4 8
m 3 2 7
m 4 8 0
m 4 8 7
q 4
m 5 0 1
m 5 5 5
m 6 7 2
b 6
m 1 7 6
m 2 3 8
q 3
m 4 4 8
m 5 7 2
f 5
m 6 6 2
m 6 2 4
q 6
m 1 0 5
b 1
m 2 8 6
m 2 2 6
m 3 1 6
p
m 4 9 8
m 5 9 1
b 5
q 5
g 5 1 8
m 6 5 7
m 1 8 1
m 1 5 0
g 1 5 3
m 2 5 7
m 2 1 8
m 3 4 8
m 3 2 6
f 3
q 4
m 5 2 1
m 5 1 7
m 6 6 7
m 1 0 0
m 1 6 0
q 1
m 2 0 2
m 3 9 3
m 3 6 3
m 4 9 1
m 4 5 3
m 5 7 4
m 5 7 7
q 5
m 6 8 4
m 1 9 1
m 1 4 3
m 2 5 6
m 2 8 6
b 2
m 3 2 5
m 3 3 4
f 3
m 4 6 3
m 4 8 1
m 5 9 8
m 6 6 4
m 1 7 4
m 2 8 7
m 2 7 8
q 2
m 3 7 4
m 4 0 7
m 4 6 1
m 5 6 3
m 6 8 8
m 6 5 1
b 6
m 1 0 3
m 2 1 1
m 3 6 0
m 4 3 1
m 5 4 0
m 5 8 4
m 6 8 6
m 6 1 1
m 1 3 1
m 2 4 9
m 2 3 6
f 2
m 3 1 7
q 3
m 4 5 8
m 4 1 0
m 5 9 8
m 5 2 5
m 6 5 8
f 6
m 1 3 8
m 1 7 6
p
m 2 0 2
m 2 5 6
q 2
m 3 5 7
m 3 7 0
b 3
p
m 4 4 5
m 4 3 5
m 6 6 4
m 6 0 8
m 2 6 4
m 2 3 8
m 3 9 1
m 4 9 1
m 4 2 2
m 5 9 1
m 5 3 5
m 6 3 1
m 1 5 6
m 1 7 5
g 1 4 8
m 2 1 0
g 2 0 7
p
m 3 6 4
m 4 5 0
m 4 7 8
m 5 7 3
m 6 5 4
b 6
m 1 6 4
m 2 9 3
m 3 8 3
m 4 9 3
m 5 5 6
m 5 3 9
f 5
q 5
m 6 9 1
f 6
m 1 9 1
b 1
m 2 9 8
m 2 6 0
m 3 9 1
m 4 4 0
m 5 6 0
m 5 1 6
m 6 9 7
m 6 7 3
b 6
f 6
m 1 9 1
m 1 0 4
m 2 3 9
m 2 8 0
m 3 4 7
m 3 8 7
f 4
m 5 6 4
m 5 1 3
m 6 3 8
q 6
m 1 1 7
m 1 0 9
m 2 9 7
m 2 8 9
p
m 3 5 8
f 3
m 4 0 2
m 4 5 7
p
m 5 9 1
m 5 1 8
f 5
m 6 5 6
g 6 5 3
m 1 1 7
m 2 5 8
m 3 9 2
m 4 6 6
f 4
m 5 1 7
m 5 6 2
b 5

