B 5 4 5 2
m 1 2 4
m 1 0 1
m 2 3 1
m 2 3 2
m 3 0 3
m 4 2 0
m 5 2 4
m 5 4 1
m 1 3 1
m 2 3 4
m 2 1 3
m 3 2 2
m 3 3 3
b 3
m 4 0 3
m 4 3 1
q 4
m 5 2 4
m 5 1 2
m 1 4 3
m 2 0 3
m 3 2 4
b 3
m 4 0 3
m 1 0 0
m 2 3 2
m 2 4 2
m 3 1 2
m 3 1 1
m 4 1 1
m 4 3 2
f 4
m 5 2 0
m 1 3 3
m 1 2 3
m 2 1 2
m 3 2 0
m 3 2 3
b 3
m 5 2 0
m 5 2 3
b 5
m 1 1 0
m 1 0 3
f 1
m 2 2 0
m 2 1 3
q 2
m 3 0 4
m 3 4 0
m 4 0 3
m 5 0 3
m 5 4 3
m 1 2 0
m 1 2 2
m 2 1 2
m 3 2 0
m 4 0 3
f 4
m 5 1 2
m 1 2 0
m 1 2 3
b 1
m 2 0 3
m 3 0 3
m 4 1 2
m 5 1 2

