B 5 9 3 10
m 1 4 4
m 2 3 3
m 3 1 4
p
m 1 3 2
m 2 0 1
m 3 2 0
m 3 3 2
m 1 3 2
m 2 8 0
m 3 4 6
m 3 2 0
m 1 8 2
m 2 0 1
m 2 4 0
m 3 3 7
m 1 6 3
f 1
p
m 2 5 0
p
m 3 3 1
m 1 4 0
g 1 3 3
m 2 3 0
m 2 1 8
m 3 8 2
b 3
m 1 8 0
m 2 7 4
m 3 2 4
m 3 2 4
f 3
m 1 1 6
p
m 2 6 0
m 3 5 1
m 3 3 1
m 1 0 3
f 1
g 1 4 2
q 2
m 3 1 4
m 1 3 1
m 2 0 6
p
m 3 2 1
m 3 2 1
m 1 2 4
m 1 4 7
m 2 7 0
m 3 8 0
m 1 4 7
m 2 3 4
m 2 3 0
m 3 5 2
m 3 2 6
m 1 5 3
m 1 0 5
m 2 0 1
m 3 0 8
q 3
m 1 3 1
m 2 5 4
m 3 2 1
m 1 1 1
b 1
m 2 2 4
m 3 5 4
m 3 0 5
f 3
q 3
p
m 1 2 1
m 1 4 0
b 1
m 2 3 2
m 2 4 3
m 3 8 4
m 3 2 3
m 1 1 0
b 1
m 2 4 8
m 3 5 1
f 3
m 1 5 1
q 1
m 2 7 0
m 2 1 0
m 3 3 6
m 1 1 4
m 2 0 5
m 2 0 0
f 2
q 2
m 1 5 4
m 1 0 6
g 1 1 3
m 2 5 4
m 2 3 5
m 3 8 3
m 3 1 3
b 3
p
m 2 1 4
m 2 0 5
p
m 3 2 0
b 3
m 1 3 4
b 1
m 2 4 1
m 1 0 6
m 1 1 2
m 2 2 0
b 2
m 3 4 0
m 3 0 4
b 3
m 1 3 0
m 2 7 0
m 2 0 5
m 3 2 8
m 3 4 6
f 3
p
m 1 4 5
m 2 0 2
m 2 3 1
p
m 3 0 4
m 1 2 4
m 2 2 4
m 3 5 2
b 3
q 3
m 1 2 4
m 2 7 0
b 2
m 3 5 2
m 1 1 6
m 2 2 4
b 2
m 3 5 1
b 3
q 3
m 1 0 5
m 1 3 8
m 2 1 2
m 3 7 1
m 3 0 7
m 1 1 1
m 1 3 2
m 2 7 1
m 2 4 0
f 2
m 3 2 2

