B 5 9 2 36
m 1 6 1
m 2 5 2
m 1 6 3
m 2 1 4
m 1 8 3
m 2 1 7
m 2 4 8
m 1 0 1
b 1
f 1
q 1
q 2
m 1 0 3
m 2 4 7
m 1 5 4
b 1
q 1
m 2 3 5
b 2
m 1 8 0
m 1 0 1
m 2 0 1
m 1 1 5
b 1
m 2 3 1
m 1 3 1
m 1 4 4
m 2 5 0
m 1 6 4
m 1 3 0
q 1
m 2 2 5
m 2 1 3
m 1 2 7
f 1
m 2 4 7
p
m 1 4 0
m 1 3 3
b 1
m 2 2 3
m 1 1 2
m 2 8 2
m 2 4 4
b 2
m 1 2 2
m 2 4 2
m 1 2 4
b 1
p
m 2 0 1
m 1 8 2
m 2 6 4
m 1 3 8
q 1
m 2 0 4
b 2
m 1 4 5
m 2 0 0
m 1 3 4
m 2 1 6
m 2 1 0
b 2
m 1 1 1
m 1 2 4
b 1
m 2 6 4
m 2 3 6
m 1 1 6
m 1 2 0
m 2 1 6
q 1
m 2 6 2
m 1 2 3
m 1 2 1
m 2 1 4
m 1 4 3
m 2 7 0
m 2 2 5
g 2 1 0
m 1 7 3
m 1 3 5
m 2 1 4
q 2
m 1 5 0
b 1
m 2 7 3
m 2 0 1
b 2
m 1 6 0
m 1 4 4
m 2 3 1
g 2 1 0
m 1 4 0
m 1 1 7
m 2 8 0
m 2 0 2
g 2 8 3
m 1 3 6
m 2 6 2
m 2 1 7
b 2
m 1 3 0
f 1
p
m 2 8 2
m 2 3 6
f 2
p
m 1 8 2
m 1 4 0
m 2 8 2
m 1 6 0
m 2 8 2
m 2 3 8
f 2
q 2
m 1 0 5
m 2 8 2
m 1 6 2
m 1 4 8
m 2 6 0
m 1 2 4
m 1 1 8
m 2 7 0
m 1 3 5
m 2 8 0
f 2
m 1 0 1
f 1
m 2 8 0
m 1 2 3
m 1 2 1
m 2 6 2
m 1 6 0
m 2 8 0
m 2 1 3
b 2
m 1 3 7
m 2 6 0
m 1 4 5
b 1
m 2 7 0
m 1 3 2
m 1 0 8
f 1
q 1
m 2 1 5
b 2
m 1 7 0
m 2 3 1
f 2
m 1 6 2
p
m 1 4 0
m 2 6 2
q 2

