B 16 16 3 69
m 1 5 8
m 1 13 6
q 1
m 2 0 14
m 2 4 3
m 3 3 1
m 3 11 6
f 3
m 1 4 10
b 1
m 2 1 14
m 3 3 6
q 3
m 1 3 7
m 1 12 12
m 2 12 1
m 2 13 4
f 2
m 3 9 11
m 3 3 6
m 1 13 15
m 2 14 11
m 2 13 0
m 3 2 6
m 2 7 1
m 2 0 13
m 3 13 7
m 1 1 9
m 2 6 9
m 3 5 14
m 1 14 5
m 2 3 3
m 3 4 12
m 1 1 10
m 1 5 14
m 2 8 4
m 3 15 9
p
m 1 7 0
m 1 2 1
m 2 4 5
m 2 5 12
p
m 3 11 15
m 3 8 0
m 1 15 5
m 1 0 10
m 2 5 12
m 2 14 6
g 2 11 9
m 3 9 13
m 3 10 6
m 1 5 12
m 2 15 6
m 2 12 1
m 3 11 6
m 3 0 6
m 1 0 12
m 1 6 3
m 2 0 14
m 3 15 7
m 1 13 4
m 2 14 6
f 2
m 3 13 7
m 1 1 13
f 1
m 3 4 9
m 3 4 5
m 1 1 3
m 1 5 0
m 2 0 4
m 3 5 9
f 3
g 3 5 4
m 2 15 15
m 3 2 12
m 1 15 14
p
m 2 14 9
m 3 12 14
m 3 2 8
q 3
m 1 4 14
m 1 4 8
m 2 6 6
m 2 12 12
m 3 3 0
m 1 2 15
m 2 14 2
m 3 9 11
b 3
p
m 1 1 14
m 1 5 6
q 1
m 3 15 7
q 3
m 1 6 6
m 2 8 14
f 2
m 3 3 4
m 1 11 15
f 1
m 2 6 9
m 2 5 15
m 3 10 10
m 3 13 1
m 1 10 6
m 1 2 15
m 2 6 10
m 3 5 11
m 3 1 3
m 1 2 6
b 1
q 1
m 2 2 7
m 3 13 8
m 1 12 9
m 2 10 4
m 2 1 0
m 3 0 0
m 1 14 6
m 1 2 12
m 2 11 8
b 2
m 3 12 9
m 3 3 8
b 3
g 3 10 4
m 1 4 13
m 1 6 2
g 1 7 7
m 2 2 10
m 3 11 12
m 3 12 7
m 1 2 4
g 1 8 3
m 2 9 0
m 2 7 5
m 3 5 9
m 3 13 9
f 3
m 1 4 4
m 1 14 7
m 2 2 7
m 2 1 8
m 3 2 7
m 1 5 10
b 1
m 2 7 11
m 2 8 12
m 3 4 5
m 3 15 4
g 3 3 6
m 1 5 1
m 1 6 2
p
m 2 13 13
f 2
m 3 7 0
p
m 1 8 9
p
m 2 13 14
m 3 0 11
m 1 3 11
m 1 15 7
m 2 8 8
m 2 13 2
q 2
m 3 5 3
m 3 15 1
m 3 11 4
f 3
m 1 11 10
m 1 9 15
m 2 15 7
m 2 8 7
m 3 6 1
m 3 0 4
f 3
m 1 7 7
m 1 5 2
m 2 11 12
m 3 2 7
b 3
m 1 14 15
m 1 5 2
b 1
m 2 0 9
m 3 13 2
m 1 7 4
m 1 13 10
m 2 14 13
m 2 1 6
m 3 8 7
m 3 5 11
m 1 3 13
m 1 2 10
m 2 3 7
m 2 12 8
m 3 5 3
m 1 0 2
m 1 6 14
b 1
f 1
m 2 0 6
m 3 1 1
m 1 5 5
m 1 1 5
p
m 2 4 6
m 2 3 3
m 3 8 0
m 3 6 9
m 1 6 12
m 1 13 1
q 1
m 2 7 4
m 3 8 14
g 3 10 4
m 1 8 8
f 1
m 2 5 13
m 2 1 13
m 1 14 6
m 1 3 3
m 2 15 8
m 2 9 13
m 3 2 1
b 3
m 1 8 9
m 1 3 3
m 2 3 11
m 2 5 15
m 3 0 14
m 1 0 2
m 2 13 11
m 2 6 0
m 3 10 3
m 3 11 4
b 3
m 1 12 14
m 2 7 8
m 3 5 11
b 3
m 1 3 9
m 1 13 0
f 1
m 2 3 15
m 2 7 3
m 3 8 15
m 1 9 1
m 3 0 2
f 3
m 1 4 6
m 1 11 9
q 1
m 2 0 11
m 2 7 7
m 3 12 9
m 3 9 4
m 1 4 5
m 1 10 6
b 1
m 2 1 4
p
m 3 0 7
m 3 9 0
m 1 9 7
m 1 8 7
m 2 10 9
q 2
m 3 0 5
m 3 13 14
m 1 9 5
f 1
g 1 9 4
m 2 8 10
m 2 8 13
m 3 12 14
b 3
g 1 8 3
m 2 1 4
m 3 2 7
m 3 8 10
m 1 1 11
m 1 4 9
m 2 9 2
m 2 12 1
m 3 8 14
m 3 3 9
g 3 4 1
m 2 15 4
b 2
m 3 14 9
m 3 7 14
m 1 15 7
m 2 5 13
m 2 14 3
f 2
m 3 5 8
m 3 10 0
m 1 12 1
m 2 1 0
m 2 4 6
m 2 1 4
b 2
m 3 14 10
q 3
m 1 12 0
m 2 11 11
f 2
m 3 1 0
m 1 3 8
m 1 4 11
f 1
m 3 5 13
m 3 9 15
m 1 1 0
m 2 13 10
m 3 1 8
m 1 15 11
f 2
m 3 8 6
m 1 9 14
m 1 7 5
b 1
m 2 12 12
m 3 8 6
m 3 3 0
m 1 0 3
b 1
m 2 11 6
m 3 0 2
m 3 8 6
m 1 6 4
m 1 1 7
m 2 11 12
p
m 3 8 5
m 1 5 13
m 1 6 6
m 2 0 11
m 2 6 12
m 3 6 9
m 3 1 3
m 2 8 15
m 2 0 11
b 2
m 3 4 3
q 3
m 1 11 10
f 1
m 2 2 12
b 2
m 3 8 0
f 3
m 1 10 7
m 2 1 12
b 2
m 3 0 4
m 3 6 3
m 1 10 2
m 1 3 6
m 2 1 11
m 2 5 5
f 2
m 3 6 15
m 1 9 2
m 2 9 12
m 2 10 13
m 1 8 9
m 2 4 14
m 2 14 12
b 2
m 3 3 12
m 3 1 11
m 1 3 8
m 1 4 1
m 2 9 4
m 2 6 6
q 2
m 3 8 6
m 2 12 11
m 2 4 14
m 3 6 9
m 3 7 13
q 3
m 1 2 3
m 2 9 2
m 3 3 11
m 3 0 0
g 3 6 4
m 1 3 9
m 1 8 11
m 2 8 11
q 2
m 3 1 0
f 3
p
m 1 8 2
m 1 2 9
m 2 3 13
m 3 2 15
q 3
m 2 0 10
m 3 15 0
m 3 3 14
m 1 5 13
m 1 12 10
m 3 15 1
m 3 9 13
m 1 11 2
f 1
m 2 13 13
m 2 6 13
f 3
m 1 14 2
m 2 13 5
m 3 8 0
m 3 13 2
f 3
q 3
m 1 0 6
m 1 8 6
b 1
m 2 10 15
m 2 2 4
b 2
m 3 8 9
p
m 2 2 1
p
m 3 9 9
m 1 15 7
m 2 15 0
m 3 3 11
m 1 4 12
m 1 6 0
b 1
q 1
m 2 11 5
m 2 11 7
f 2
g 2 11 0
m 3 14 10
m 1 12 13
m 1 11 0
m 2 15 9
m 3 5 12
m 3 7 2
m 1 3 8
m 2 2 2
m 3 5 10
m 3 6 9
m 1 15 4
m 2 6 11
m 3 7 6
m 3 9 10
m 1 8 14
m 1 9 8
m 2 13 11
m 3 6 12
m 3 5 2
m 1 3 12
f 1
m 2 13 2
f 2
m 3 3 11
m 1 1 11
m 1 4 1
m 2 14 7
b 2
m 3 9 7
m 1 15 4
m 2 2 2
f 2
m 3 2 12
m 1 1 10
m 1 10 14
b 1
m 2 15 12
q 2
m 3 12 8
m 3 15 8
m 1 10 7
q 1
m 2 13 15
m 3 12 7
q 3
m 1 9 7
m 2 4 12
m 2 11 7
m 3 6 3
m 1 1 10
m 1 4 6
q 1
m 2 9 7
m 2 9 5
m 3 10 2
m 3 4 11
m 1 3 9
m 1 9 2
b 1
m 3 13 11
m 1 7 4
m 1 0 0
m 2 13 10
f 2
m 3 9 7
m 1 5 15
m 1 10 13
m 2 6 9
m 2 0 0
m 3 7 1
m 3 0 2
b 3
q 3
m 1 2 3
m 1 14 7
m 2 11 7
m 2 2 4
b 2
m 3 5 1
m 1 5 6
m 1 13 0
m 2 3 9
m 2 10 10
m 3 4 14
m 3 8 1
m 1 7 6
m 2 3 2
m 2 5 11
m 3 8 14
b 3
m 1 6 9
m 2 12 13
m 2 9 10
m 3 8 0
m 3 12 9
b 3
m 1 8 14
m 1 9 1
m 2 8 11
q 3
p
m 1 7 5
m 2 10 11
m 3 5 10
m 3 9 7
b 3
q 3
m 1 9 7
m 1 3 9
b 1
q 1
g 1 9 14
m 2 2 9
m 2 8 15
m 3 2 9
m 1 10 6
m 1 3 12
m 2 4 12
m 3 0 9
m 1 13 11
q 1
m 2 7 0
m 3 8 4
m 3 14 2
m 1 6 14
b 1
m 2 3 9
m 2 14 2
m 3 2 1
m 1 10 6
m 1 7 1
q 1
m 2 5 2
m 2 5 6
m 3 15 1
m 3 11 15
m 1 1 0
m 1 2 3
m 2 12 7
m 2 8 14
m 3 7 4
m 3 10 1
m 1 10 3
m 1 10 2
m 2 5 2
m 2 6 11
m 3 1 15
m 3 8 13
m 1 5 3
m 1 0 6
g 1 9 10
m 3 1 0
b 3
m 1 2 15
m 1 2 1
m 2 2 4
m 2 14 7
m 1 13 15
q 2
m 3 0 15
f 2
m 3 5 3
m 1 2 12
m 1 14 3
m 2 14 7
m 2 8 4
m 3 13 12
m 1 10 3
m 1 9 10
m 2 9 3
g 2 14 10
m 3 12 10
b 3
m 1 15 12
m 1 15 10
q 1
p
m 2 0 4
m 3 15 11
m 3 1 8
m 1 7 15
q 1
m 2 5 10
m 3 7 4
m 1 15 4
m 1 5 9
m 2 3 2
m 3 3 13
m 1 3 8
m 1 13 9
m 2 1 11
m 2 2 0
m 3 14 2
m 3 15 0
m 1 1 0
m 1 11 13
b 1
m 2 1 14
m 3 7 6
m 1 14 2
q 1
m 2 15 4
m 2 2 12
q 2
m 1 9 7
g 1 15 1
m 2 15 4
b 2
m 3 9 8
m 1 2 14
m 2 14 14
m 3 3 11
m 3 14 7
p
m 1 5 6
m 1 1 8
f 1
m 2 4 5
m 3 0 9
m 3 8 11
m 1 2 15
m 3 7 1
m 3 8 3
m 1 3 12
f 1
q 1
g 1 13 5
m 3 6 11
m 1 13 15
m 1 11 3
m 2 15 12
m 3 11 10
m 3 14 4
p
m 1 12 2
b 1
m 2 5 2
m 3 10 7
b 3
q 3
m 2 14 4
m 3 4 8
f 3
m 1 1 4
m 1 15 6
m 2 12 10
m 2 13 7
m 3 6 11
m 1 7 11
m 2 12 13
f 2
m 3 15 7
m 1 12 15
m 2 4 5
m 3 5 10
m 3 11 7
p
m 1 5 3
m 1 15 14
m 2 12 7
m 3 13 15
m 1 5 2
m 2 8 5
m 2 12 2
g 2 6 5
m 3 8 2
m 1 2 1
m 1 8 1
g 2 7 11
f 3
g 3 5 9
m 1 8 14
m 1 10 11
m 2 1 4
m 2 12 2
m 3 10 7
m 3 8 11
m 1 1 15
m 1 14 4
p
m 2 0 4
m 2 7 5
m 1 7 6
q 1
m 2 13 2
p
m 3 1 0
m 3 10 7
m 1 14 11
q 1
m 2 15 4
f 2
m 3 12 12
m 3 10 13
m 1 7 5
m 1 0 4
m 2 8 6
m 2 5 14
g 2 15 0
m 3 15 4
m 1 13 8
b 1
m 2 5 3
q 2
m 3 10 3
m 3 15 13
p
m 1 6 12
m 2 13 3
m 3 9 6
m 3 9 4
m 1 5 6
m 1 0 15
m 2 7 5
m 3 7 5
m 1 9 7
b 1
m 2 0 2
m 2 8 13
m 3 2 15
m 2 8 0
m 2 11 11
m 3 2 15
b 3
m 1 7 4
m 2 14 5
m 3 2 1
b 3
q 3
m 1 5 3
m 1 2 3
m 2 8 12
m 3 0 9
m 2 8 0
m 2 11 2
m 3 11 2
m 3 10 6
m 1 5 10
m 1 7 5
m 2 2 1
m 3 12 7
m 1 0 14
m 1 15 15
m 2 0 15
m 3 8 3
m 1 7 15
m 2 14 5
p
m 1 12 7
m 1 8 6
m 2 3 15
m 2 5 13
m 3 15 11
m 1 0 4
m 1 0 7
m 2 9 6
m 3 10 3
m 3 13 15
m 1 10 3
m 2 3 3
q 2
m 3 12 9
m 3 4 15
b 3
m 1 13 2
m 2 9 7
m 3 3 12
m 3 10 7
m 1 7 4
q 1
m 2 8 8
m 2 12 0
b 2
q 2
m 3 5 10
m 3 9 5
f 3
m 1 8 0
m 1 10 9
m 2 15 8
q 2
m 3 1 0
m 2 10 1
m 2 11 11
p
m 3 10 3
m 3 12 9
m 1 1 12
m 1 3 1
b 1
m 2 0 7
m 2 14 2
m 3 5 12
m 1 14 11
m 2 5 3
m 2 4 1
g 2 8 3
m 3 12 10
b 3
m 1 5 2
f 1
p
m 2 8 12
m 3 4 15
m 1 15 12
m 1 11 3
m 2 7 5
m 3 5 11
m 1 6 12
m 1 0 7
b 1
p
m 2 8 0
f 2
m 3 10 7
m 3 14 15
f 3
m 1 12 5
m 1 6 0
m 2 6 9
m 2 5 4
m 3 8 0
m 1 0 14
m 1 14 10
f 1
m 2 9 7
m 3 7 5
m 3 7 2
m 1 4 13
m 1 7 0
q 1
m 2 13 2
m 2 6 1
p
m 3 7 6
q 3
m 1 8 10
b 1
m 2 8 14

