B 6 9 3 14
m 1 2 7
m 2 3 0
m 2 0 6
m 3 1 5
b 3
m 1 1 1
m 2 3 5
m 2 2 6
f 3
m 1 4 2
m 1 4 6
m 2 5 2
m 2 5 2
m 3 5 1
m 3 6 5
m 3 1 1
m 1 3 8
m 2 7 4
m 2 5 0
f 2
m 3 3 1
m 1 8 2
m 3 6 5
m 3 3 4
f 3
m 1 8 2
f 1
m 2 4 1
m 3 1 0
m 3 5 8
m 1 8 4
m 1 3 6
m 2 1 2
m 3 2 2
m 3 2 5
b 3
q 3
m 1 7 4
m 2 2 0
f 2
m 3 0 0
m 3 4 3
m 1 8 0
b 1
m 2 5 5
m 2 4 3
m 3 3 1
m 3 4 3
b 3
m 1 7 0
m 1 1 4
p
m 2 4 5
m 3 3 2
m 1 8 1
m 1 4 3
m 2 0 5
b 2
m 3 0 4
m 1 3 2
m 2 6 5
m 3 0 7
m 3 1 7
p
m 1 8 1
m 2 8 1
m 2 5 8
m 1 3 0
m 1 2 2
p
m 2 8 2
m 2 5 4
m 3 8 4
m 3 4 6
f 3
m 1 8 0
m 2 4 4
m 2 3 3
m 2 2 3
b 3
m 2 7 3
p
m 3 0 4
p
m 2 4 2
m 2 5 1
m 3 8 2
m 1 7 4
m 1 5 0
m 2 3 0
m 2 2 3
m 3 1 2
f 3
m 1 2 2
m 1 0 3
f 1
m 2 0 4
m 3 1 0
m 1 2 0
m 2 1 2
p
m 3 0 4
m 3 2 1
p
m 1 8 1
m 1 4 1
m 2 8 1
m 2 2 7
m 3 8 1
m 1 8 1
b 1
m 2 8 1
m 3 8 0
m 3 5 5
m 1 1 7
m 2 0 2
m 2 1 0
b 2
f 2
m 3 1 0
m 3 5 4
g 3 8 3
m 1 3 2
m 2 7 3
m 2 2 8
m 1 7 4
b 1
m 2 1 3
m 2 0 1
q 2
m 3 2 2
q 3
b 1
m 2 0 6
b 2
m 3 7 4
m 1 1 1
m 2 4 2
m 3 4 2
f 3
m 1 4 1
f 1
m 2 7 5
m 1 4 3
m 1 0 0
g 1 0 0
m 2 7 4
m 2 4 8
m 3 0 4
q 3
f 1
m 2 3 8
m 2 0 8
m 3 5 5
m 1 1 7
m 2 3 5
m 2 0 8
f 2
g 2 5 2
m 3 1 7
m 3 0 4
m 1 0 8
m 2 2 0
m 3 3 6
m 3 5 1
f 3
m 1 6 1
m 2 7 4
b 2
m 3 0 4
f 3

