B 18 10 3 16
m 1 4 9
m 1 16 7
m 2 2 6
m 2 1 3
b 2
g 2 7 16
m 1 3 14
m 1 2 0
m 2 1 8
m 3 1 15
m 2 2 4
m 2 8 0
q 2
p
m 3 15 5
m 3 8 3
b 3
m 1 8 14
q 1
m 2 0 4
q 2
g 2 3 8
m 3 6 4
q 3
m 1 2 9
b 1
m 2 6 6
m 2 17 6
b 2
m 3 16 9
q 3
m 1 9 11
m 1 10 1
f 1
m 3 5 6
m 3 7 5
b 3
m 1 1 4
m 1 15 6
b 1
g 1 4 0
m 2 10 6
m 2 13 0
m 3 15 8
q 3
p
m 1 17 7
m 2 8 16
m 3 4 15
g 3 6 17
m 1 9 0
m 2 8 4
b 2
m 3 8 6
m 3 10 1
p
m 1 5 0
g 1 5 7
m 2 1 7
m 2 3 7
m 3 2 5
m 3 9 7
f 3
m 1 8 0
m 1 10 0
m 2 4 5
m 2 8 8
m 3 1 1
m 1 7 12
m 1 6 0
m 2 7 13
b 2
m 3 3 17
m 3 5 3
m 1 5 3
b 1
f 1
m 2 9 17
m 2 1 1
m 3 13 2
m 1 7 11
m 1 17 1
m 2 8 17
q 2
m 3 4 13
m 3 9 6
b 3
m 2 14 1
m 2 5 1
m 3 12 2
m 1 1 13
q 1
p
f 2
m 3 8 13
m 1 2 2
m 1 17 0
q 1
p
m 2 8 10
q 2
m 3 6 4
m 3 3 9
m 1 9 15
m 1 2 0
b 1
m 2 6 12
m 3 2 9
m 1 3 10
m 2 9 14
m 2 11 7
g 2 7 16
m 3 9 1
m 1 3 15
f 1
m 2 9 1
m 3 8 6
f 3
m 1 4 13
m 1 4 8
m 2 9 5
m 2 15 1
m 3 8 17
m 1 4 13
m 1 17 1
m 2 5 3
m 3 0 1
m 3 10 5
b 3
m 1 6 7
m 2 9 15
m 3 1 5
b 3
q 3
m 1 1 16
b 1
f 1
m 2 7 11
m 2 7 9
m 3 8 5
m 1 6 4
m 1 16 6
m 2 9 0
m 2 14 3
b 2
q 2
m 3 5 7
p
m 1 0 16
m 2 5 11
m 3 4 13
m 3 2 2
m 1 2 8
m 2 0 2
m 2 15 6
g 2 8 4
m 3 2 17
m 1 9 11
m 1 14 2
m 2 0 15
m 3 0 1
m 1 1 3
m 1 10 5
m 2 0 12
g 2 0 10
m 3 8 9
m 3 16 3
m 1 8 6
m 1 9 4
f 1
m 2 0 0
f 2
m 3 9 11
m 3 17 8
m 1 9 8
m 1 3 4
m 2 3 2
m 2 3 4
m 3 9 13
m 3 8 6
b 3
m 1 12 4
m 1 2 1
f 1
q 1
m 2 3 7
m 2 9 0
m 3 9 3
p
m 1 4 5
m 1 6 5
q 1
m 2 6 1
m 1 0 16
m 1 10 3
q 1
m 2 6 8
m 3 6 12
f 3
m 1 0 7
f 1
m 2 3 11
f 2
f 1
m 2 5 0
m 2 9 8
q 2
m 1 9 13
m 2 1 8
m 3 2 0
m 1 4 7
m 2 8 5
f 2
f 3
m 2 6 6
q 2
m 3 2 11
f 3
m 1 3 4
m 2 6 14
m 2 14 0
m 3 8 11
m 3 10 6
p
m 1 8 3
q 1
m 3 4 7
m 3 6 8
m 1 9 9
f 1
q 1
m 2 6 0
m 2 12 7
m 3 12 3
m 3 5 4
q 3
m 1 6 13
m 1 13 2
f 1
m 2 14 9
m 2 3 6
f 2
m 3 3 4
m 1 9 15
q 1
m 2 4 15
m 3 4 4
m 3 10 9
g 3 0 8
m 1 3 4
m 2 4 13
m 2 3 2
m 3 15 9
g 3 8 9
m 1 7 13
m 1 0 1
m 2 6 0
m 2 10 6
m 3 3 5
m 1 5 12
m 1 14 2
g 1 0 8
m 2 0 7
m 2 6 6
f 2
g 2 6 15
m 3 5 5
m 3 9 6
m 1 6 4
m 2 17 2
m 3 7 15
m 3 15 6
f 3
m 1 3 13
m 1 11 7
m 2 3 0
m 2 10 1
q 2
m 3 8 14
m 3 14 8
m 1 6 1
g 1 4 0
m 2 1 8
b 2
m 3 15 3
m 1 2 1
m 2 9 13
m 2 1 0
g 2 3 5
m 3 6 4
m 1 2 9
m 2 7 8
m 2 8 6
m 3 0 3
m 3 15 8
m 1 3 13
m 2 2 11
m 2 2 1
b 2
m 3 11 5
b 3
m 1 13 0
m 2 2 1
m 2 16 3
m 3 2 10
q 3
m 2 6 4
m 3 5 2
m 3 15 7
b 3
m 1 8 8
m 2 7 7
b 2
m 3 3 4
m 1 5 0
m 1 16 1
b 1
m 2 7 9
b 3
m 1 1 5
m 2 9 13
m 2 7 7
b 2
m 3 16 3
m 1 4 15
m 1 1 2
m 2 10 9
m 3 2 8
m 3 0 7
q 3
m 1 4 14
m 2 13 5
m 3 10 9
m 3 10 0
m 1 2 7
m 1 15 2
f 1
m 2 1 4
f 2
m 3 11 4
m 1 0 6
m 1 0 8
m 2 9 12
m 3 5 0
m 3 11 7
m 1 6 0
f 1
m 2 2 0
m 2 12 9
b 2
m 1 1 12
m 2 13 5
m 2 2 9
m 3 9 0
q 3
m 1 4 6
m 2 0 16
b 2
p
m 3 6 11
m 3 16 1
m 1 0 1
m 1 1 1
m 2 5 0
m 3 5 12
m 3 16 5
q 3
m 1 13 0
q 1
m 2 3 3
m 2 3 2
m 3 15 1
m 3 14 9
m 1 15 0
g 1 6 17
m 2 1 7
m 2 13 2
m 3 9 3
m 1 9 11
m 1 3 9
b 1
m 2 0 12
m 2 2 9
q 2
m 3 6 1
m 3 6 7
b 3
q 3
m 1 5 9
m 2 7 10
p
m 3 2 10
m 3 13 3
m 1 2 7
m 2 3 7
m 1 2 0
m 1 3 8
q 2
m 3 16 9
m 1 8 13
m 1 17 1
m 2 8 8
m 2 15 6
m 3 2 8
m 3 9 6
m 1 4 17
m 1 5 8
p
m 2 9 13
m 2 5 6
g 2 5 10
m 3 0 7
m 1 1 11
m 1 3 5
m 2 4 14
f 2
m 3 9 1
b 3
m 1 16 3
g 1 4 1
m 2 1 3
m 3 8 7
m 3 3 0
b 3
m 1 9 0
m 1 11 2
g 1 0 8
m 2 9 7
m 3 8 17
m 3 13 5
b 3
m 1 0 0
q 1
m 2 6 0
m 3 2 9
m 3 14 6
m 1 1 7
m 1 6 2
m 2 3 4
m 2 6 9
m 3 5 0
b 3
g 3 7 12
m 1 9 12
m 1 1 8
m 2 6 12
m 2 17 9
m 3 15 8
q 3
m 1 2 0
m 1 15 7
b 1
p
m 2 5 17
m 3 0 4
m 3 6 0
m 1 2 0
m 1 4 1
m 2 2 6
m 2 0 5
g 2 4 9
m 3 8 5
m 3 7 9
q 3
m 1 6 0
m 2 14 9
m 2 13 4
m 1 3 11
m 1 0 3
m 2 3 14
m 2 14 9
p
m 3 3 4
m 1 0 12
m 2 8 6
b 2
m 3 6 3
m 1 2 8
m 2 4 7
m 3 16 8
m 1 7 1
m 1 13 9
m 2 0 15
m 3 7 14
m 3 4 7
m 1 6 12
m 1 12 6
m 2 9 3
m 3 4 1
b 3
q 3
m 1 0 1
p
m 2 3 17
m 2 1 9
m 3 6 12
m 1 0 16
m 1 1 5
m 2 8 6
m 3 8 12
m 1 4 14
m 1 12 3
m 2 2 9
f 2
m 3 0 11
m 1 6 13
m 2 9 9
m 2 0 6
q 2
m 3 8 10
m 2 11 7
b 2
q 2
m 3 4 9
m 3 0 2
f 3
m 1 3 7
m 2 1 6
m 2 11 7
q 2
m 3 9 11
m 1 4 10
m 1 11 6
m 2 2 7
m 3 13 2
m 1 15 9
f 1
m 2 2 16
m 2 2 9
b 2
g 2 5 1
m 3 15 3
p
m 1 0 16
m 1 13 8
b 1
g 1 1 9
m 2 4 2
m 2 6 6
q 2
m 3 0 3
m 3 17 6
g 3 6 4
m 1 13 6
m 2 0 4
m 2 8 5
b 2
m 3 0 1
m 1 9 17
m 2 14 3
g 2 2 0
m 3 3 2
p
m 1 2 10
m 1 7 5
f 1
m 2 0 0
m 3 9 4
m 1 0 7
p
m 2 10 5
m 2 14 6
b 2
q 2
m 3 2 16
m 3 2 7
m 1 16 7
m 2 3 4
m 3 2 9
q 3
m 1 1 12
m 1 4 9
m 2 0 4
m 3 4 17
m 3 5 4
m 1 2 2
m 2 3 7
m 2 14 8
p
m 3 3 7
m 3 10 7
m 1 4 0
m 2 6 7
m 3 7 6
m 1 8 13
m 2 3 4
g 2 9 2
m 3 8 13
m 1 12 4
m 1 9 3
m 2 9 17
m 2 15 7
m 3 6 11
f 3
m 1 2 16
m 1 14 5
q 1
g 1 3 8
m 2 4 17
m 2 17 5
q 2
m 3 8 17
m 1 4 14
m 2 8 9
m 2 0 7
m 3 0 1
m 1 3 7
m 1 10 4
m 2 2 10
m 3 8 0
m 1 1 2
m 2 8 17
m 2 13 3
b 2
m 3 15 2
m 1 9 12
m 1 10 1
b 1
m 2 5 12
m 1 3 11
m 1 1 6
q 1
m 2 3 4
m 3 8 2
m 3 15 3
f 3
m 1 8 10
m 1 4 6
m 2 2 7
m 1 0 12
m 1 14 7
m 2 8 6
m 3 1 4
b 3
m 1 9 3
b 1
m 2 0 5
m 2 2 7
m 3 4 7
m 3 2 2
m 1 7 13
m 1 3 4
m 2 10 4
b 2
m 3 6 1
m 3 13 9
m 1 13 4
m 2 0 16
m 2 4 0
m 3 8 0
g 3 3 1
m 1 2 16
m 1 3 8
f 1
m 2 2 10
m 2 14 7
q 2
g 2 1 10
m 3 4 1
m 1 9 12
f 1
m 2 5 14
m 2 6 0
f 3

