B 10 10 3 44
m 1 5 0
m 2 3 7
m 2 7 5
m 1 3 0
m 1 1 8
b 1
m 2 0 6
f 2
q 2
g 2 0 3
m 3 6 1
m 1 4 6
q 1
g 1 1 6
m 2 2 9
m 2 0 4
m 3 9 9
f 3
m 1 5 9
p
m 2 9 0
m 2 3 2
m 3 8 7
m 3 5 3
b 3
m 1 2 2
b 1
g 2 7 8
m 3 1 5
m 1 3 8
m 1 0 4
m 2 1 9
m 2 2 5
m 1 9 1
f 1
q 1
m 2 7 8
m 2 2 7
m 3 4 7
m 1 3 9
m 2 0 3
m 2 3 8
m 3 7 1
m 1 9 0
m 1 7 0
f 1
q 1
m 2 7 5
m 2 7 4
b 2
m 3 4 1
m 3 9 6
m 1 7 6
m 1 3 2
m 2 5 8
m 2 2 1
m 3 4 8
m 1 5 9
q 1
m 2 9 4
m 2 7 9
m 3 5 6
m 3 7 9
m 1 9 6
m 1 8 2
b 1
m 2 6 2
m 2 4 2
m 1 4 3
m 1 3 7
f 1
m 2 1 3
g 2 9 5
m 3 2 1
m 1 4 0
m 2 1 3
m 2 5 8
m 3 0 0
m 3 9 8
m 1 6 2
m 1 6 7
m 2 8 4
m 3 2 7
m 3 7 5
b 3
m 1 1 0
m 2 0 8
m 2 9 2
m 3 4 4
m 1 2 1
m 1 9 6
m 2 4 6
m 3 6 8
m 3 1 7
m 1 5 8
m 1 0 3
m 2 5 6
m 2 8 2
f 1
m 2 7 5
m 2 3 6
m 3 1 3
m 3 3 4
m 1 0 2
m 2 5 6
m 2 5 3
m 3 2 1
m 3 0 9
m 1 3 4
m 1 1 9
m 3 5 6
b 3
m 1 7 1
b 1
m 2 4 6
m 2 9 9
m 3 2 0
m 1 2 5
g 1 2 3
m 2 1 7
m 3 1 8
m 1 1 1
m 1 4 4
m 2 4 5
f 2
m 3 8 8
m 3 3 6
m 1 4 6
f 1
m 2 2 3
m 2 7 7
g 2 1 9
m 3 0 8
m 1 3 6
m 2 4 1
q 2
m 3 0 6
m 3 7 8
q 3
m 1 3 6
m 1 0 7
f 1
m 2 3 8
m 2 3 4
f 2
m 3 1 2
m 1 1 0
f 1
m 2 9 7
m 3 9 8
g 3 6 7
m 1 9 6
m 1 6 7
m 2 8 0
m 3 9 6
b 3
m 1 5 8
m 1 2 1
m 2 5 3
m 2 5 0
b 2
q 2
m 3 6 6
m 3 6 4
q 3
m 1 5 6
m 1 7 3
f 1
m 2 9 4
m 2 6 5
m 3 4 5
m 3 5 5
m 2 3 7
m 2 5 5
q 2
m 1 6 1
m 2 4 2
m 2 0 0
b 2
m 3 2 4
p
g 1 4 0
m 2 9 4
m 2 4 3
b 2
f 2
m 3 8 2
m 3 6 8
m 1 0 6
m 1 8 1
p
m 2 4 8
m 2 5 3
b 2
m 3 5 3
b 3
f 3
m 1 3 4
m 1 4 1
f 1
m 2 8 2
m 2 1 5
m 3 0 6
b 3
f 3
g 3 1 2
m 1 2 8
m 1 4 9
m 2 5 9
q 2
m 3 9 6
m 3 6 6
p
m 1 5 8
m 2 9 3
b 2
m 3 5 9
m 1 4 1
m 1 2 0
b 1
m 2 1 3
m 3 4 5
m 3 8 8
m 1 5 8
q 1
m 2 3 6
m 2 3 1
f 2
f 3
m 1 2 5
m 1 0 8
m 2 6 1
m 2 5 3
m 3 2 8
m 1 9 8
m 2 7 0
m 2 8 5
m 3 6 2
m 3 9 7
p
m 1 3 6
m 2 1 5
m 2 1 7
m 1 9 8
m 1 1 7
m 2 4 5
b 2
m 3 8 5
m 3 0 6
b 3
m 1 5 9
m 1 2 1
m 2 8 8
m 3 3 3
m 3 0 4
m 1 4 5
m 2 6 8
m 3 3 8
m 1 2 6
m 2 1 5
m 2 5 3
m 3 4 5
m 3 0 4
m 1 0 6
m 1 0 2
m 2 4 5
q 2
p
m 3 0 8
m 1 4 1
m 1 9 4
m 2 5 9
b 2
m 3 6 5
b 3
m 1 5 7
m 2 9 8
p
m 3 7 6
m 1 3 3
m 1 6 6
m 2 5 9
m 3 6 6
b 3
m 1 6 1
m 1 0 4
m 2 4 1
m 2 8 4
m 3 4 7
m 1 4 5
m 1 0 4
f 1
m 2 3 8
m 2 0 3
m 3 4 5
m 1 4 1
m 1 4 2
m 2 1 5
m 2 5 7
m 3 4 5
m 1 0 5
m 2 0 6
m 2 1 7
m 3 5 9
m 3 6 0
m 1 7 6
m 2 1 0
m 2 1 6
m 3 4 1
q 3
m 1 7 3
m 2 9 6
m 3 1 0
m 3 2 9
q 3
m 1 0 5
m 2 2 7
m 2 3 2
m 3 1 0
m 3 6 0
f 3
m 1 3 6
m 2 2 5
m 3 7 9
m 1 1 9
m 2 9 8
f 2
q 2
m 3 1 0
b 3
q 3
m 1 1 5
m 1 7 9
g 2 8 1
m 3 3 8
m 3 9 1
m 1 0 0
m 1 2 6
g 3 2 2
p
m 1 6 8
m 1 9 2
m 2 1 0
m 1 5 9
m 1 2 0
m 2 5 4
m 2 8 0
m 3 6 8
b 3
m 1 1 5
m 1 1 0
f 1
m 2 2 7
b 2
m 3 1 0
m 1 2 7
m 1 7 3
q 1
m 2 3 8
m 2 4 7
m 3 1 8
m 3 0 6
m 1 2 5
m 2 7 8
p

