B 7 9 3 11
f 1
m 2 1 6
m 2 6 2
m 3 2 5
m 3 3 1
m 1 2 3
m 2 6 5
m 3 1 7
m 3 3 0
b 1
m 2 5 3
b 3
m 1 1 5
m 2 3 6
m 2 4 2
m 3 6 6
m 3 1 5
m 1 8 0
m 2 1 5
m 2 5 2
m 3 4 3
m 3 6 6
m 1 2 0
m 2 4 4
m 2 4 5
m 3 0 4
m 3 0 1
m 1 0 5
m 2 8 1
m 2 3 1
m 3 0 4
m 1 1 0
m 1 0 7
m 2 4 3
m 2 1 7
m 3 3 6
m 1 1 6
m 2 1 5
m 2 0 2
b 2
m 3 0 0
m 1 1 2
m 1 6 6
m 2 3 3
m 3 8 1
m 1 4 2
m 1 4 5
q 2
m 3 1 2
m 3 5 4
m 1 8 6
m 1 3 7
q 2
m 3 6 4
p
m 1 4 1
m 1 0 1
m 2 4 2
m 3 4 3
m 1 7 2
m 1 1 4
m 2 4 3
q 2
m 3 2 2
m 3 4 6
m 1 1 1
m 2 0 6
m 3 7 5
m 3 6 7
f 3
m 1 5 5
m 1 3 4
g 1 3 4
m 2 7 4
q 2
m 3 2 4
f 3
q 3
p
m 2 0 2
m 2 0 7
m 3 0 4
m 1 5 5
m 2 8 4
m 2 2 5
m 3 7 2
m 3 4 0
b 3
m 1 2 3
q 1
m 2 3 1
m 3 8 6
m 3 1 8
m 1 0 5
m 2 7 4
m 3 5 0
f 3
m 1 0 6
p
m 2 8 6
m 3 3 0
m 3 2 4
q 3
m 1 6 2
f 1
g 1 2 5
m 2 5 3
m 2 6 7
b 2
m 3 1 5
m 3 2 8
m 1 3 0
p
m 2 2 3
m 3 1 5
m 3 6 4
m 1 0 1
m 1 3 8
m 2 5 3
m 2 4 6
f 2
q 2
m 3 2 6
b 3
f 3
m 1 2 3
m 2 7 5
b 2
f 2
g 2 1 1
m 3 8 5
m 3 0 2
m 1 7 5
m 1 2 8
b 1
m 2 1 7
m 3 1 5
m 3 6 5
m 1 3 6
m 1 1 5
p
m 2 5 3
m 3 3 6
m 3 4 0
b 3
m 1 8 5
m 2 8 5
m 2 3 5
m 3 3 6
m 1 2 3
q 2
m 3 7 4
m 3 4 7
m 1 2 5
m 2 1 5
p
m 3 2 3
f 3
m 1 4 3
m 2 8 5
m 2 6 0
m 3 6 0
m 3 6 7
m 1 7 2
m 1 2 2
m 2 2 5
m 3 2 3
m 1 5 0
m 1 6 0
q 1
m 2 1 2
m 2 4 0
m 3 6 5
m 1 0 3
f 1
m 2 6 1
f 2
m 3 1 2
m 1 1 2
m 1 1 2
f 1
m 2 3 4
m 3 7 5
m 3 0 4
q 3
m 1 7 5
m 1 1 3
b 1
m 2 2 3
m 2 6 5
m 3 7 2
m 1 8 6
m 1 0 7
m 2 6 5
f 2
m 3 1 2
m 3 6 7
m 1 2 3
m 2 8 0
m 2 6 0
m 3 1 5
m 3 6 6
m 1 1 2
m 2 7 2
m 2 5 0
m 3 0 3
m 1 8 0
m 2 8 4
m 3 1 1
m 3 3 3
m 1 1 2
m 1 6 3
m 2 4 5
m 2 3 4
m 3 8 4
m 1 8 0
m 2 5 3
m 3 2 3
m 3 2 1

