B 7 5 6 6
m 1 4 0
b 1
m 2 2 0
m 2 0 3
m 3 4 6
p
m 4 5 2
m 6 1 4
m 1 4 2
m 1 1 4
m 3 2 6
m 3 2 3
f 3
m 5 1 5
m 5 6 3
q 5
m 6 0 3
m 6 3 4
m 1 0 6
m 2 1 1
m 2 1 3
m 3 6 2
m 4 4 0
m 4 6 0
m 5 1 0
m 6 1 4
m 6 4 2
m 1 3 4
m 2 0 5
f 2
m 3 0 0
m 3 4 2
m 4 4 0
m 4 5 3
m 5 3 4
m 5 5 3
m 6 0 1
b 6
m 1 4 0
m 2 5 0
m 2 2 0
g 2 0 4
m 3 3 0
m 4 6 0
m 5 4 5
m 6 3 0
m 2 2 0
m 3 2 1
m 3 2 3
m 4 0 1
m 4 0 0
m 5 3 3
m 5 4 3
m 6 4 2
f 6
q 6
m 1 4 0
m 2 2 3
p
m 3 1 6
m 4 0 0
m 4 0 2
m 5 6 3
m 5 4 3
m 6 2 1
m 1 4 0
b 1
m 3 1 3
b 4
m 5 3 1
m 5 4 1
m 6 2 1
m 6 3 2
m 1 4 5
m 2 4 6
m 2 0 1
f 2
m 5 2 1
m 6 1 6
m 1 4 0
m 3 1 0
m 3 0 1
m 4 4 5
m 4 1 1
q 4
m 5 0 4
m 6 1 6
q 6
m 1 3 4
p
m 2 4 6
m 3 2 0
m 3 1 0
f 3
q 3
m 4 4 4
m 5 1 6
m 6 4 5
m 6 2 2
m 2 0 3
q 2
m 4 1 6
m 4 1 1
b 4

