B 4 9 2 18
m 1 2 5
b 1
m 2 0 5
m 2 2 3
b 1
m 1 2 3
m 2 3 7
m 1 8 0
m 2 2 2
m 2 3 5
m 1 6 2
m 1 0 4
m 2 3 0
m 2 2 6
b 2
m 1 0 0
m 1 0 0
m 2 6 3
m 2 3 7
m 1 3 4
m 2 7 0
m 2 1 1
m 2 3 3
m 1 3 6
m 1 3 4
m 2 3 1
m 2 2 1
b 2
m 1 6 0
m 1 2 7
m 2 3 1
g 2 4 3
m 1 8 3
b 1
f 1
q 1
m 2 2 3
m 2 0 0
m 1 2 8
m 1 3 8
f 1
m 2 4 2
m 2 0 4
q 2
m 1 7 0
m 1 2 8
m 2 7 1
m 2 2 0
m 1 2 0
m 1 2 2
g 1 5 3
m 2 4 1
m 1 4 1
m 1 2 7
m 2 3 5
m 1 1 8
m 1 1 3
m 2 6 1
f 2
m 1 5 1
m 1 2 5
b 1
m 2 2 3
m 1 8 0
m 2 3 6
m 1 3 0
m 2 1 3
m 2 0 2
m 1 0 8
m 2 7 0
m 2 0 8
q 2
m 1 2 3
g 1 3 3
m 2 7 1
m 2 2 6
m 1 5 1
m 1 0 5
b 1
m 2 6 0
m 2 0 3
m 1 0 4
m 2 2 3
m 1 0 7
m 1 0 5
m 2 3 2
m 2 1 6
b 2
m 1 6 0
m 2 1 0
m 2 0 5
m 1 2 6
q 1
m 2 2 1
m 2 0 6
m 1 2 1
q 1
m 2 5 1
m 1 7 1
m 1 3 1
f 1
q 1
m 2 4 2
q 2
g 2 0 0
m 1 7 1
f 1
m 2 1 0
m 2 0 4
m 1 3 6
m 2 4 1
b 2
f 2
m 1 1 0
m 1 3 1
g 1 1 1
m 2 0 8
m 1 2 1
m 1 2 0
q 1
m 2 7 1
m 2 1 6
m 1 2 1
m 1 5 1
m 1 3 8
b 1
m 2 2 0
f 2
m 1 5 1
m 1 0 4
b 1
q 1
m 2 2 1
m 1 7 1
m 1 2 2

