B 5 8 3 18
m 1 2 3
m 2 3 6
m 2 4 5
m 3 4 0
m 1 7 1
m 2 2 2
m 3 5 2
m 3 4 1
m 1 7 2
m 2 2 5
q 2
m 3 6 0
m 3 3 0
m 1 0 0
m 1 1 6
q 1
m 2 4 4
m 2 0 5
m 3 2 0
m 3 4 2
b 3
m 1 2 0
m 1 0 6
m 2 7 3
m 3 3 5
m 2 0 4
f 2
m 3 2 6
m 1 4 2
m 1 4 1
m 2 7 2
m 3 1 5
f 3
m 2 0 7
m 3 1 0
m 3 4 6
q 3
f 1
m 2 3 4
m 3 1 0
m 1 1 2
m 1 0 4
m 2 1 2
m 2 4 6
m 3 7 3
m 1 1 2
m 1 2 4
m 2 2 7
m 2 4 5
f 2
m 3 1 3
m 1 3 1
m 1 2 6
f 1
m 2 3 6
m 3 3 3
m 3 1 0
m 1 3 4
m 2 7 1
m 2 0 7
m 3 1 0
b 3
b 1
m 2 1 1
b 2
g 2 1 3
m 3 7 4
g 3 6 1
m 1 1 3
m 2 0 7
m 3 7 4
m 3 1 1
q 2
m 3 7 3
f 3
m 1 3 0
q 1
m 2 3 4
m 2 2 2
f 2
m 3 3 0
m 3 1 3
m 1 2 5
m 1 3 4
m 2 0 6
q 2
m 3 7 4
m 3 2 1
m 1 3 0
m 1 4 2
m 2 0 6
m 3 4 1
m 3 4 0
m 1 2 0
m 3 3 1
m 3 0 4
m 1 2 3
m 2 7 1
m 2 0 0
p
m 3 2 0
m 3 3 0
m 2 7 3
m 3 1 0
m 3 2 4
m 1 2 0
m 1 3 0
m 2 2 0
m 3 2 3
m 1 3 4
m 3 3 0
m 1 3 7
m 2 4 1
f 2
m 3 7 1
f 3
m 1 3 4
m 1 0 6
g 1 0 4
m 2 1 0
b 2
m 3 0 1
m 1 2 7
q 1
m 2 3 6
m 2 3 5

