B 7 7 5 4
m 1 0 6
f 1
m 3 1 6
m 4 5 0
m 4 0 6
p
m 5 0 4
m 5 1 2
g 5 6 0
m 1 2 0
b 1
m 2 2 3
m 2 3 4
m 3 2 6
m 4 3 6
m 5 1 3
m 2 5 4
m 3 5 4
m 3 0 4
m 4 4 2
f 4
m 5 1 1
m 5 5 5
m 1 1 6
m 2 3 5
m 2 2 3
q 2
m 3 3 2
m 4 2 4
m 4 2 5
b 4
m 5 1 2
m 1 3 3
m 1 5 0
m 2 6 6
m 2 5 0
m 3 6 1
m 4 5 5
m 4 4 2
f 4
g 4 3 3
m 5 1 5
p
m 2 2 5
q 2
m 3 5 6
f 3
g 3 2 1
m 4 6 4
m 4 0 4
q 4
m 5 5 1
m 5 5 3
f 5
m 1 4 6
m 1 4 0
m 3 5 5
m 4 3 6
m 5 3 0
m 5 6 0
b 5
m 2 2 2
p
m 3 4 6
m 3 2 6
m 4 0 3
m 5 4 1
m 5 0 0
m 1 1 2
m 2 0 6
m 3 4 1
m 4 0 5
b 4
m 5 3 0
m 5 0 0
f 5
m 1 3 4
m 2 4 1
m 2 1 0
m 3 3 5
m 4 4 2
m 4 5 5
m 5 2 5
q 5
m 1 1 4
m 1 3 4
m 2 5 6
m 2 6 2
m 3 2 5
m 4 0 6
m 5 3 0
m 1 3 4
m 2 6 1
m 2 2 4
m 3 2 6
m 4 0 1
m 5 3 5
m 5 4 4
m 1 2 6
m 1 1 3
b 1
m 2 0 0
m 2 5 0
m 3 0 5
b 3
m 4 2 6
p
m 5 5 0
b 5
m 1 6 5
m 2 0 0
m 2 1 5
b 2
m 4 2 3
m 4 5 2
q 4
m 1 4 6
m 1 4 6
m 2 4 1
m 3 4 5
b 3
m 4 5 0
m 4 3 5
m 5 1 3
m 5 4 1
m 1 5 0
m 2 3 4
q 2
m 3 4 1
m 3 0 6
m 4 1 0
m 4 3 6
m 5 1 5
m 5 4 5
m 2 2 6
m 2 2 0
m 3 4 6
m 3 3 3
m 4 0 1
m 4 1 1
m 5 0 1
m 1 4 1
m 1 2 5
f 2
m 3 1 4
m 3 5 6
f 3
m 4 0 1
m 4 3 4
m 5 0 3
b 5
m 1 4 1
m 1 0 1
m 2 4 4
m 2 5 4
m 3 5 0
f 3
m 4 0 6
m 5 5 0
m 5 5 1
m 1 0 1
m 2 0 0
m 2 5 5
m 3 0 1
m 3 2 6
q 3

