B 14 9 7 11
m 1 3 10
m 1 1 4
f 1
m 2 4 5
m 2 6 7
g 2 4 1
m 3 2 2
m 3 5 0
m 4 10 8
m 5 10 2
m 5 13 6
m 6 5 13
m 7 2 6
m 7 7 8
m 1 11 1
f 1
m 2 7 3
m 2 9 8
m 3 6 9
m 4 11 7
m 4 0 3
b 4
m 5 0 7
m 6 11 2
f 6
m 7 1 12
m 7 2 5
m 1 8 3
m 2 7 12
m 2 10 6
m 3 7 4
m 3 3 4
m 5 5 11
m 5 5 7
m 6 1 5
m 6 12 1
m 7 4 6
m 7 2 2
m 1 5 7
m 1 0 5
b 1
m 2 3 12
b 2
m 3 9 6
f 3
m 4 2 7
m 4 6 1
m 5 4 4
m 6 2 5
m 6 12 7
m 1 2 5
f 1
m 2 6 11
m 3 4 11
m 4 8 0
m 4 0 4
m 5 8 7
f 5
m 6 5 3
m 7 8 1
m 7 0 2
m 1 4 5
m 1 9 6
f 1
m 2 6 12
m 2 1 0
m 3 0 11
m 3 12 8
m 4 3 11
f 4
q 4
m 5 5 8
m 5 2 3
p
m 6 2 8
m 6 10 7
m 7 7 0
m 7 10 8
m 1 7 8
m 1 4 3
m 2 4 1
f 2
m 3 11 3
b 3
m 4 1 3
m 4 3 1
m 6 1 5
m 6 8 4
f 6
m 7 2 6
q 7
m 1 13 6
b 1
m 2 5 7
m 3 0 7
m 4 0 10
m 4 2 4
m 5 4 8
m 6 1 2
m 6 6 1
q 6
m 7 8 4
m 1 6 1
m 2 4 11
m 3 1 13
m 3 2 0
g 3 1 6
m 4 5 12
m 4 4 7
m 5 8 4
m 6 8 3
m 6 10 0
m 7 4 5
m 7 0 6
m 1 12 1
m 1 2 1
m 4 0 6
m 4 8 3
b 4
m 5 13 6
b 5
m 6 2 13
m 7 4 7
m 1 0 12
m 1 11 7
m 3 0 13
m 4 9 7
m 4 13 3
m 5 6 1
m 6 10 0
g 6 4 7
m 7 8 1
f 7
m 1 3 10
m 1 12 0
b 1
f 1
m 2 5 11
m 3 13 8
m 3 6 5
m 4 13 8
m 6 5 5
b 6
g 6 1 8
m 7 1 3
m 2 8 6
m 2 8 2
b 2
g 2 8 12
m 3 12 2
m 4 10 5
m 5 11 4
b 5
m 6 5 11
m 7 0 0
m 1 9 0
b 1
m 2 8 5
p
m 3 0 3
m 3 2 2
m 4 4 12
m 4 5 6
g 4 8 13
m 5 8 11
q 5
m 6 4 6
m 7 13 7
f 7
m 1 12 3
m 2 1 10
b 2
m 3 2 9
m 3 0 7
b 3
m 4 5 13
m 4 8 0
f 4
m 5 0 3
m 5 10 6
m 6 12 6
m 7 3 10
m 1 12 4
f 1
m 2 1 0
m 2 5 3
f 2
b 3
m 4 6 6
m 4 0 4
m 5 6 6
m 5 8 5
m 7 5 3
b 7
m 1 2 4
m 1 9 7
m 3 8 1
m 4 7 1
m 4 7 0
q 4
m 5 8 6
m 5 11 3
m 6 1 5
m 7 7 7
m 1 2 6
m 1 4 0
m 2 7 1
m 2 12 5
q 2
m 3 8 1
m 4 1 0
m 4 2 7
f 4
m 5 1 0
m 5 6 3
m 6 0 2
m 6 1 6
b 6
m 7 1 0
m 7 3 7
m 1 1 5
m 2 1 4
b 2
m 3 4 10
m 3 2 1
b 3
f 3
b 5
m 6 6 11
m 6 1 6
f 6
m 7 5 7
m 1 9 1
m 1 2 6
m 2 0 13
m 3 1 13
m 3 7 4
m 4 6 5
m 5 2 6
f 5
m 7 1 10
m 1 5 11
m 1 12 0
b 1
m 2 2 7
m 2 11 4
b 4
m 5 8 6
m 5 3 7
m 6 1 0
f 6
m 7 6 5
m 1 4 13
g 1 2 12
m 2 0 11
g 3 7 2
m 4 0 0
m 4 1 3
m 5 1 4
m 5 10 5
m 7 2 13
m 7 3 2
b 7
m 1 4 7
m 2 10 7
m 2 3 5
m 3 8 3
m 3 3 1
q 3
m 4 2 13
m 5 1 1
m 6 2 1
m 6 6 3
b 6
f 6
f 7
p
m 1 4 8
f 1
m 2 6 11
m 2 12 1
f 2
m 3 4 5
m 4 6 5
m 4 8 5
m 5 13 5
m 5 7 1
m 6 6 5
m 7 2 5
m 7 3 0
b 7
p
m 1 2 5
m 2 6 11
m 3 13 8
m 4 1 10
m 5 5 0
m 6 0 11
m 6 13 5
m 7 2 4
m 2 2 6
m 2 2 5
m 3 4 13
q 3
m 4 4 10
m 4 4 7
m 5 2 13
m 5 10 6
m 6 8 0
f 6
p
m 7 5 1
m 1 2 6
q 1
m 2 8 0
m 2 3 5
m 3 10 8
m 3 12 8
m 5 8 1
m 6 4 10
m 7 1 10
m 7 0 3
m 1 6 2
m 1 12 1
m 2 8 8
m 3 3 10
m 3 4 3
m 4 4 2
m 4 1 4
m 5 13 3
b 5
f 5
m 6 8 1
m 7 4 9
m 7 5 0
m 1 8 11
m 1 4 4
m 2 4 6
m 2 5 5
g 2 1 9
m 3 9 0
m 3 3 5
m 4 8 5
f 4
m 5 8 3
m 5 9 8
b 5
m 6 1 6
m 6 8 2
m 7 12 7
p
m 1 5 7
f 1
q 1
m 2 5 7
m 3 6 5
g 3 7 3
m 4 11 7
m 5 6 7
m 6 5 5
m 7 1 13
m 7 2 3
f 7
g 7 0 9
m 1 6 11
m 1 8 2
m 2 3 3
m 2 2 6
m 3 0 6
m 3 11 2
m 4 8 1
m 4 4 7
b 4
f 4
m 6 10 8
m 6 1 3
b 6
m 7 4 5
m 7 4 7
m 1 7 0
m 1 2 3
m 3 6 5
m 3 11 2
m 4 3 5
m 4 5 8
q 4
m 5 11 6
m 5 7 4
q 5
m 6 6 4
m 6 7 6
m 7 0 6
m 7 7 2
m 1 12 6
m 1 4 5
m 2 0 4
m 2 12 6
p
m 3 8 3
m 3 11 5
m 4 1 8
m 5 5 5
m 5 7 2
g 5 2 12
m 6 6 3
m 6 12 0
m 7 8 0
m 7 4 6
b 7
m 1 8 6
m 1 11 4
m 2 0 6
m 2 5 7
f 2
m 3 6 3
m 4 8 3
m 5 2 4
p
m 6 4 4
m 6 7 0
m 7 4 10
m 7 4 1
f 7
g 7 7 5
m 1 8 11
m 1 9 4
m 2 8 6
m 3 4 3
m 4 2 9
m 4 9 4
q 4
m 5 0 4
m 7 0 11
m 7 4 6
m 1 6 5
m 1 8 5
m 2 1 10
m 3 8 11
m 5 0 3
m 5 5 1
m 6 6 3
m 6 9 7
m 7 3 1

