B 6 6 5 8
m 1 0 5
m 1 5 3
f 1
m 2 3 4
m 2 1 3
m 3 1 5
m 3 5 0
m 4 4 2
b 4
m 5 3 3
q 5
m 1 1 2
f 1
m 2 2 3
m 3 3 0
f 3
p
m 4 4 4
m 5 0 4
m 5 1 4
f 5
q 5
g 5 5 1
m 1 0 2
m 2 5 4
m 2 1 3
f 2
m 3 2 3
m 4 0 4
b 4
m 5 3 0
m 1 2 2
m 1 5 5
b 1
q 1
m 2 4 3
m 3 1 3
m 3 0 2
m 5 1 1
m 1 4 1
b 1
m 2 0 4
m 3 2 5
m 3 3 1
m 4 0 0
f 4
m 5 0 1
m 5 3 2
m 1 5 4
g 1 0 3
m 2 4 0
m 2 5 2
m 4 1 2
q 4
m 5 0 1
m 5 1 3
q 5
m 1 5 0
m 1 3 2
m 2 0 0
m 3 4 2
q 3
m 4 1 2
q 4
m 5 4 2
m 5 2 2
m 1 3 0
m 2 5 4
m 2 2 1
f 2
m 3 3 0
m 3 0 1
q 3
m 4 1 0
f 4
m 5 0 2
q 5
m 1 5 1
m 1 1 2
f 1
p
m 2 5 3
m 2 3 5
b 2
p
m 3 3 0
m 4 4 2
m 4 1 2
b 5
m 1 1 2
m 2 5 4
m 3 4 2
m 4 3 0
m 5 5 4
m 5 2 2
m 1 0 5
m 1 5 5
m 2 5 3
m 2 1 4
b 2
m 3 3 0
m 3 3 4
q 3
m 4 4 0
m 4 3 3
q 4
m 5 0 2
m 5 5 0
g 5 2 0
m 1 5 4
m 1 2 0
f 1
m 3 5 4
m 3 2 0
g 3 2 4
m 4 5 2
m 5 3 0
m 1 3 5
f 1
m 2 4 2
m 3 5 4
m 3 0 4
g 3 3 3
m 4 5 4
m 5 4 2
m 5 2 3
m 1 3 0
f 1
m 2 2 3
m 2 5 4
g 2 1 0
m 3 4 2
q 3
m 4 5 4
m 4 4 3
b 4
m 5 5 4
m 1 3 0

