B 4 5 2 18
m 1 2 1
m 1 3 2
g 1 4 1
m 2 4 2
m 2 2 4
m 1 3 0
m 1 2 4
m 2 4 3
m 2 1 0
m 1 3 2
m 1 0 3
q 1
m 2 2 0
m 2 0 0
m 1 4 0
m 1 0 3
m 2 1 3
m 1 2 2
m 2 3 3
f 2
m 1 2 1
m 2 4 1
m 2 1 3
q 2
m 1 1 0
m 1 1 0
q 2
q 1
m 2 2 1
m 1 4 3
m 2 2 0
m 1 4 1
m 1 0 1
b 1
m 2 1 1
m 2 0 2
m 1 3 2
m 1 3 1
q 1
m 1 4 1
m 1 1 3
m 2 2 1
q 2
m 1 4 3
b 1
m 2 1 1
m 2 2 1
g 2 1 1
m 1 3 3
p
m 2 2 1
m 1 4 1
f 1
m 2 2 1
m 2 3 0
m 1 4 1
m 2 2 2
g 2 1 0
m 1 4 3
m 2 3 2
m 1 4 1
m 1 1 0
m 2 3 2
m 1 4 3
m 2 4 1
m 2 2 2
g 2 2 2

