B 5 10 5 4
m 1 4 6
m 1 2 2
m 3 9 0
m 4 1 1
m 4 4 4
m 5 3 0
m 1 2 6
f 1
m 2 9 1
m 2 2 5
m 3 8 3
m 4 2 3
p
m 5 2 0
m 2 3 7
m 3 3 1
m 4 4 1
b 4
m 5 8 3
m 1 1 2
m 1 3 3
m 2 0 0
m 2 1 5
f 2
m 3 9 1
m 3 4 7
b 3
m 4 3 1
f 4
m 5 3 4
m 1 8 0
m 2 1 2
m 3 8 2
p
m 4 8 1
m 5 2 4
m 5 1 1
m 1 6 1
f 1
p
m 2 3 1
m 3 1 3
m 4 8 0
m 4 2 3
q 4
m 5 9 1
m 1 4 9
m 1 4 3
f 1
m 2 5 4
f 2
m 3 8 3
m 4 9 0
m 5 1 4
m 2 1 6
m 2 0 5
m 3 9 1
m 4 9 2
m 5 1 6
m 5 4 3
m 1 1 2
m 2 5 4
m 2 4 5
g 2 3 1
m 3 1 0
m 4 2 4
m 4 4 6
m 5 0 7
m 1 7 2
m 2 8 4
m 2 0 2
b 2
m 3 3 9
b 3
m 5 8 3
m 5 0 7
f 5
m 1 2 5
m 2 9 2
q 2
m 3 0 9
g 3 7 3
m 4 9 2
m 4 3 2
m 5 8 1
m 5 0 8
m 1 1 9
b 1
m 2 9 2
m 2 2 7
b 2
q 2
m 3 1 0
m 3 0 8
m 4 2 2
m 1 3 2
m 1 3 7
m 2 5 3
m 3 8 3
f 4
m 5 4 0
m 5 4 5
m 1 8 4
m 1 3 9
m 2 4 4
m 2 3 5
m 3 8 2
m 3 4 2
m 4 4 4
p
m 5 6 0
m 5 3 4
m 1 3 0
m 2 0 4
p
m 3 8 1
m 4 8 1
g 4 3 1
m 5 3 0
m 5 4 6
m 1 1 0
m 2 3 0
m 2 4 0
m 3 9 0
m 3 1 7
m 4 6 3
m 4 4 8
b 4
m 5 8 3
m 5 0 2
m 1 4 1
m 2 2 3
m 2 1 8
m 3 0 8
m 4 0 5
m 5 0 9
m 1 2 6
m 1 3 8
m 2 1 2
m 3 1 2
b 3
m 4 1 0
f 4
m 5 3 4
m 5 1 6
m 1 6 3
m 1 4 6
b 1
f 1
m 2 3 0
q 2
m 4 8 2
m 5 6 0
m 5 2 9
q 5
m 1 3 4
m 2 1 0
m 3 4 0
m 3 4 1
q 3
m 4 6 3
m 5 4 4
g 5 0 1

