B 9 4 4 9
m 1 1 0
m 2 1 1
m 2 3 2
m 3 3 0
q 3
p
m 4 0 7
m 4 6 3
g 4 2 3
m 1 2 1
m 2 2 6
m 3 3 0
m 3 7 3
f 3
m 4 2 0
f 4
m 1 3 2
m 1 6 2
p
m 3 4 0
m 4 1 0
m 4 0 1
b 4
f 4
m 2 2 0
b 2
m 3 1 5
m 3 7 1
m 4 3 0
m 1 5 3
m 1 2 0
m 2 3 1
m 3 2 7
m 4 1 4
m 1 3 3
m 2 2 5
m 2 1 3
m 3 2 1
f 3
m 4 0 8
m 4 2 3
m 1 0 0
m 1 4 1
p
m 2 0 8
m 2 3 1
f 2
m 3 1 5
m 4 1 5
m 4 3 0
g 4 2 6
m 1 3 8
m 2 2 2
m 2 3 0
f 2
m 3 6 2
m 3 0 3
q 3
m 4 2 5
m 1 1 5
m 1 6 3
m 2 0 6
m 2 0 3
m 3 2 5
m 4 0 0
g 4 2 6
m 1 8 2
m 1 0 2
m 2 2 1
m 3 6 0
m 3 4 0
m 4 8 3
m 1 2 1
m 1 7 1
b 1
m 3 5 2
m 3 5 1
g 3 3 3
m 4 3 4
m 4 3 0
g 4 2 8
m 1 0 7
m 1 8 0
f 1
m 2 4 3
m 2 3 0
m 3 1 8
m 3 3 3
m 4 1 0
m 1 2 1
m 1 1 0
m 2 1 6
f 2
q 2
m 3 8 2
m 4 1 8
m 4 5 1
m 1 0 7
m 1 0 0
m 2 0 5
m 2 5 3
m 3 2 1
m 4 8 0
m 1 1 8
m 1 1 2
m 2 1 8
m 3 2 1
m 4 1 1
m 4 2 2
m 2 1 6
m 3 3 3
m 3 6 1
b 3
m 4 8 1
b 4
m 1 3 0
m 1 2 2
m 2 0 7
m 2 2 3
b 2
m 3 8 3
m 1 2 4
m 1 0 3
q 1
m 2 5 1
m 2 0 2
m 3 2 7
m 3 1 3
m 4 2 4
b 4
q 4

