B 4 8 6 6
m 1 0 0
m 1 1 1
m 2 5 1
p
m 3 4 1
b 3
b 4
f 4
m 5 3 1
m 5 2 6
f 5
g 5 1 1
m 6 6 1
m 1 7 1
m 1 2 4
q 1
m 2 5 0
m 2 2 5
m 3 1 4
m 4 1 5
m 4 0 2
m 5 2 7
m 6 1 3
m 1 2 3
m 2 3 3
m 2 3 2
b 2
m 3 2 4
m 4 1 7
q 4
m 5 4 3
m 5 3 6
m 6 2 4
m 1 0 7
m 1 2 3
m 2 2 5
q 2
m 3 2 2
m 3 2 0
m 4 4 0
m 5 6 1
m 6 1 6
m 1 2 6
q 1
m 2 2 1
q 2
m 3 4 0
b 3
m 4 3 2
m 4 1 2
m 5 0 5
m 5 3 2
m 6 0 3
q 6
m 1 1 7
m 1 3 1
m 3 1 7
q 3
m 4 4 0
m 4 2 7
f 5
m 6 0 3
m 6 2 0
f 6
m 1 6 0
g 1 2 3
m 2 3 7
m 3 0 3
m 4 3 6
m 4 3 3
m 5 0 1
m 5 3 5
f 5
m 6 0 3
m 6 0 5
m 1 6 0
m 2 0 3
b 2
m 3 4 0
f 3
m 4 4 0
m 4 0 4
m 5 0 3
m 5 2 1
m 6 6 0
m 6 3 7
m 1 6 0
m 1 0 4
m 2 2 7
m 3 6 0
m 5 6 0
m 5 3 3
m 6 2 0
m 1 0 1
m 2 2 7
m 2 1 7
m 3 0 1
f 3
m 4 1 5
m 5 0 0
m 5 0 7
f 5
b 6
g 6 5 2
m 1 4 3
m 2 6 0
m 2 3 0
m 3 2 6
m 3 1 7
m 4 0 1
m 4 3 7

