B 8 6 3 9
m 1 0 5
b 1
m 2 2 1
m 3 2 1
m 3 1 0
m 1 1 1
m 2 5 2
m 2 4 3
q 2
m 3 5 4
m 1 3 7
m 1 7 5
q 1
g 1 4 5
m 2 2 4
m 2 4 2
m 3 0 5
m 3 5 0
m 1 5 4
m 1 0 0
q 1
m 2 2 1
f 2
q 2
m 3 1 7
m 3 7 0
m 1 0 2
q 1
m 2 2 2
m 2 6 2
m 3 2 1
m 3 1 3
b 3
f 3
m 1 1 3
m 1 4 1
m 2 4 2
m 2 2 5
m 3 2 5
m 3 7 2
b 3
m 1 4 6
p
m 2 5 1
m 2 2 3
q 2
m 3 7 4
m 1 6 4
m 1 7 4
m 2 1 6
m 2 2 5
m 3 5 0
m 1 7 1
m 2 0 5
m 3 5 1
m 1 0 2
m 1 0 3
m 2 1 4
m 2 4 0
m 3 3 5
m 3 0 2
m 1 5 4
f 1
m 2 1 6
m 3 2 3
m 1 1 0
m 2 2 1
m 2 3 3
b 2
m 3 5 1
p
m 1 4 0
m 1 4 1
m 2 4 0
m 2 5 2
p
m 3 0 2
m 1 4 5
m 2 6 1
f 2
m 3 5 1
m 3 4 4
q 3
m 1 1 1
m 1 2 3
m 2 5 6
m 2 6 2
m 3 0 0
m 1 5 5
f 1
q 1
m 2 4 0
m 1 7 5
m 2 5 6
m 2 1 1
b 2
m 3 5 0
m 1 7 3
m 1 4 4
m 2 0 3
m 3 0 4
m 3 6 0
m 1 0 2
m 2 2 3
m 3 1 3
b 3
m 1 3 6
m 2 5 6
m 2 6 4
m 3 4 4
m 3 0 0
m 2 3 7
m 3 0 3
m 2 2 3
m 3 4 5
m 3 1 4
m 1 5 6
m 1 7 2
m 2 3 7
q 2
m 3 4 3
f 3
m 1 5 0
m 1 2 3
m 3 1 3
m 3 4 4
m 1 3 7
m 2 2 3
m 2 6 3
m 3 4 3
m 3 5 0
m 1 1 3
m 2 4 3
m 2 1 2
g 2 4 4
m 3 0 3
m 3 6 2
m 1 3 7
g 1 2 7
m 3 0 2
m 1 5 6
m 1 5 1
m 2 2 3
q 2
g 2 5 7
m 3 2 3
m 3 0 3
m 1 5 1
m 1 5 2
m 2 5 3
m 3 0 2
m 3 0 4
m 1 5 1
m 2 5 5
m 2 5 3
m 3 1 3
m 1 4 0
m 1 3 0
f 1
m 2 4 3
m 3 2 0
m 3 3 5
g 3 1 2
m 1 3 3
m 2 5 2
b 2
m 3 5 6

