B 10 9 6 9
m 1 1 7
m 2 0 8
m 2 2 7
m 3 3 6
m 3 9 1
m 4 5 9
m 4 9 8
m 5 8 6
m 6 5 5
m 6 1 8
m 1 1 6
q 1
m 2 4 1
f 2
m 3 4 6
m 3 3 8
q 3
m 4 1 8
m 6 3 3
m 6 7 0
q 6
m 1 3 8
b 1
m 2 7 9
m 3 3 2
m 4 3 7
m 4 3 5
q 4
m 5 1 0
m 1 9 7
m 1 1 2
p
m 2 1 3
m 3 5 2
b 3
f 3
m 4 2 6
m 4 9 7
m 5 3 8
m 5 0 0
m 6 8 5
m 6 4 0
q 6
m 1 6 1
b 1
m 3 1 3
m 4 8 4
m 4 4 8
m 5 2 7
b 5
f 5
m 6 5 7
m 6 9 2
m 1 6 7
m 1 8 5
m 2 2 6
m 3 6 0
m 3 9 6
m 4 6 3
m 5 7 7
m 6 8 6
m 6 0 5
m 1 1 6
m 2 1 8
m 2 4 8
m 3 1 8
f 3
m 4 3 2
m 4 5 2
q 4
m 5 3 6
m 6 7 0
f 6
m 1 7 4
m 2 7 4
m 2 2 0
m 3 1 3
m 3 9 3
p
m 4 8 7
m 4 9 5
m 5 5 5
m 6 0 9
m 6 3 7
p
m 1 2 7
m 1 8 0
q 1
m 2 8 7
m 3 3 3
m 3 5 8
m 4 1 7
m 5 7 4
m 6 1 7
m 6 1 5
m 1 1 1
m 1 8 0
m 2 2 8
m 2 9 6
m 3 3 7
b 3
m 4 0 9
m 4 2 4
m 5 4 0
m 5 1 1
f 5
m 6 3 0
m 6 9 2
b 6
m 1 3 2
m 2 3 4
m 3 2 7
f 3
m 4 5 2
m 4 2 5
m 5 1 5
m 5 0 6
m 6 4 5
m 6 5 8
b 6
m 1 1 8
m 1 1 8
q 1
m 2 0 0
m 3 4 0
m 3 8 5
f 4
m 5 1 7
g 5 5 0
m 6 5 4
q 6
m 1 0 3
m 1 2 6
p
m 2 4 9
m 2 8 1
m 3 8 6
q 4
m 5 6 7
m 5 7 1
m 6 2 8
m 1 4 5
m 1 9 1
f 1
m 2 4 6
m 3 1 3
m 4 4 3
m 5 2 4
m 5 8 0
m 6 4 4
m 1 6 4
m 2 7 8
m 2 8 2
f 2
m 3 3 2
f 3
m 5 0 5
m 6 4 0
m 1 3 8
m 2 6 0
m 3 8 8
m 4 9 2
m 5 8 8
m 5 0 7
m 6 3 7
p
m 1 6 6
m 1 0 6
m 2 5 6
m 3 2 7
m 3 4 8
m 4 1 2
m 4 4 7
m 5 6 5
m 5 6 8
m 6 0 5
m 6 3 7
m 1 3 2
m 1 5 8
m 2 5 6
m 2 6 1
b 2
p
m 3 1 3
m 3 9 8
m 4 7 2
f 4
m 5 4 1
m 6 0 5
m 6 0 2
m 1 7 7
m 1 3 2
m 2 5 2
m 3 5 2
f 4
m 5 0 9
f 5
m 6 1 3
m 1 5 0
m 1 8 3
m 2 3 0
m 3 3 2
m 3 3 3
p
m 4 4 9
m 4 7 3
m 5 3 8
m 5 3 7
m 6 2 4
m 6 8 6
m 1 2 2
m 1 6 7
m 2 8 6
m 3 6 4
m 4 1 3
m 4 6 2
p
m 5 0 5
f 5
m 6 3 8
m 1 4 0
m 2 4 2
m 4 4 9
m 5 2 0
m 6 2 0
m 6 5 7
q 6
m 1 4 9
m 1 0 3
m 2 3 2
m 2 0 6
m 4 3 2
b 4
m 5 6 7
m 5 0 7
m 6 4 0
m 1 3 8
m 1 8 0
m 2 6 3
m 3 8 5
b 3
m 6 5 7
m 1 3 1
m 1 7 2
b 1
m 2 0 9
m 3 7 0
m 3 0 4
m 4 7 2
m 4 9 4
b 4
m 5 0 9
m 5 6 7
p
m 6 6 0
m 1 1 3
m 1 5 5
m 2 8 3
m 3 3 0
m 4 3 0
f 4
m 6 6 4
m 1 4 1
f 1
m 3 1 5
m 3 5 1
m 4 5 7
m 5 4 0
b 5
m 6 1 2
m 6 7 1
m 1 1 0
q 1
m 2 8 4
g 2 4 4
m 3 2 0
m 4 2 0
m 4 1 3
m 5 1 8
m 5 6 3
m 6 1 2
m 6 3 1
q 6
m 1 4 1
m 1 3 2
q 1
m 2 1 8
m 3 7 5
m 3 2 3
f 4
m 5 4 0
m 6 1 2
m 6 5 8
m 1 4 1
q 1
b 3
f 3
m 4 2 0
m 4 6 7
b 4
m 5 0 4
q 5
m 6 0 9
m 6 5 1
b 6

