B 7 8 3 11
m 1 5 2
m 1 1 3
m 2 1 0
m 2 2 3
m 3 1 0
m 1 3 5
m 2 1 2
m 2 3 5
m 3 5 7
m 1 2 3
m 1 4 7
m 2 6 3
m 2 3 5
m 3 7 6
m 3 4 5
q 3
m 1 3 3
m 1 5 3
g 1 7 5
m 2 2 4
m 2 0 2
m 3 7 2
m 1 5 7
q 1
m 2 3 7
b 2
m 3 1 5
m 2 3 0
m 3 6 2
m 1 6 5
m 1 1 5
m 2 3 4
p
m 3 3 6
m 3 0 5
m 1 6 2
m 2 6 0
m 2 4 0
m 3 6 7
m 1 0 2
b 1
m 2 2 2
m 3 0 0
m 3 0 5
f 3
m 1 6 0
m 1 2 0
m 2 1 0
m 2 1 2
m 3 7 0
m 3 3 7
b 3
m 1 2 4
m 1 1 6
m 2 1 3
m 2 5 6
q 2
m 3 6 7
m 3 2 1
q 3
m 1 4 5
m 1 6 0
f 1
p
m 2 2 4
m 2 0 5
p
m 3 6 1
b 3
m 1 2 3
m 2 1 3
q 2
m 3 6 0
m 1 2 5
m 1 1 3
m 2 4 6
m 2 1 1
m 1 5 7
m 1 6 3
b 1
f 1
m 2 4 4
m 2 1 5
m 3 4 6
m 3 0 2
m 1 6 4
m 1 5 3
b 1
m 2 1 3
m 3 1 3
m 3 3 5
m 1 2 4
f 1
m 2 6 6
m 2 1 1
b 2
m 3 2 2
m 3 0 5
g 3 3 5
b 1
m 2 5 1
m 3 3 0
m 3 0 5
m 1 6 3
m 2 4 0
m 3 4 0
f 1
g 1 2 2
m 2 0 0
m 2 0 0
m 3 0 5
m 3 2 2
m 1 3 1
m 1 0 6
m 2 7 1
m 3 7 0
f 3
m 1 3 4
m 2 7 0
b 2
p
m 3 3 4
m 3 0 5
m 1 1 0
m 2 4 0
m 3 0 1
m 1 6 6
b 2
b 3
m 1 5 5
m 2 2 3
m 3 7 0
m 1 4 0
m 2 4 5
m 2 3 7
m 3 2 4
m 1 5 6
m 2 0 5
m 1 2 3
m 1 4 7
m 2 4 1
m 1 2 4
m 2 7 0
m 2 2 6
m 3 1 6
m 3 3 4
b 3
m 1 0 5
m 2 1 5
m 3 7 1
m 1 2 4
m 2 6 5
m 2 4 5
g 2 2 6
m 3 7 1
m 3 2 6
m 1 4 5
m 2 2 3
m 2 3 5
f 2
m 3 0 5
m 3 1 5
p
m 1 5 2
m 2 3 4
m 3 4 0
m 1 3 4
m 2 4 1
m 2 1 7
b 2
f 2
q 2
m 3 7 2
q 3
m 1 0 3
f 1
m 2 1 6
f 2
m 3 5 7
m 3 0 1
m 1 2 4
m 1 3 2
m 2 2 4
m 2 4 1
m 3 2 4
m 1 0 5
m 1 0 6
b 1
p
m 2 3 2
m 2 6 0
p
m 3 4 1
m 3 6 1
f 3
m 1 4 0
m 1 0 3

