B 10 6 7 7
g 1 2 1
m 2 5 0
m 2 6 5
m 3 4 2
m 3 1 1
m 4 2 0
f 4
m 5 2 5
m 6 0 0
m 6 2 0
m 7 9 2
f 7
m 1 3 4
m 2 5 1
m 3 9 0
m 4 2 1
q 4
m 6 9 3
m 6 7 3
q 6
m 7 1 5
m 7 3 5
m 1 2 2
m 2 0 1
m 3 8 0
m 4 6 2
m 4 2 2
m 5 7 3
m 5 8 4
f 5
m 6 6 4
m 6 2 2
m 7 1 3
m 1 0 7
m 1 2 3
m 2 2 5
m 3 3 4
m 3 8 5
b 3
q 4
g 4 0 2
m 5 2 2
m 5 8 4
m 6 2 8
m 6 5 3
b 6
b 7
f 7
q 7
m 1 0 4
m 1 5 3
m 2 1 3
m 3 1 9
m 4 3 4
m 5 3 0
m 5 9 5
m 6 0 1
f 6
m 7 1 8
m 1 3 4
m 1 5 0
m 2 3 0
q 2
m 3 3 3
m 3 1 0
m 4 4 5
m 4 9 3
m 5 2 0
m 5 4 3
g 5 3 2
m 6 1 8
f 6
m 7 3 6
p
m 1 0 7
m 1 7 5
m 2 0 7
m 3 2 7
b 3
m 4 3 8
m 5 1 9
m 5 9 1
b 5
m 6 4 1
p
m 7 0 6
m 1 4 4
m 1 1 5
m 2 3 0
m 2 1 1
m 4 2 3
m 5 1 8
m 5 5 5
m 6 0 7
m 6 4 5
m 7 2 7
m 7 8 1
m 1 4 9
m 2 2 2
g 2 1 8
m 3 1 7
m 3 1 1
m 4 0 7
m 4 7 2
f 4
m 5 2 0
p
m 6 0 5
m 1 2 1
m 2 3 2
m 3 4 2
m 3 5 5
m 4 4 7
m 4 5 2
m 5 0 1
f 5
g 5 0 9
m 6 2 1
m 6 6 0
m 7 4 2
m 1 0 0
m 1 9 5
m 2 4 2
m 2 2 2
b 2
g 2 1 1
m 3 2 0
m 4 6 0
m 5 1 3
m 5 9 1
m 6 1 7
m 6 0 0
b 6
q 6
m 7 7 0
m 7 6 4
m 1 5 0
m 2 0 1
m 3 2 5
m 3 6 3
m 4 4 5
m 4 7 3
m 5 2 8
m 5 9 4
m 6 4 3
g 6 3 4
m 7 4 5
b 7
m 1 4 2
q 1
m 2 2 8
m 2 2 5
m 3 4 1
m 3 3 2
f 4
m 5 2 2
m 6 3 0
m 7 0 2
m 7 9 1
q 7
m 1 3 0
m 2 2 1
m 3 1 0
m 3 3 3
f 3
m 4 1 3
g 4 3 7
m 5 3 8
f 5
m 6 3 8
m 7 3 8
f 7
m 2 1 6
b 2
m 3 0 1
m 4 7 2
m 5 9 4
m 6 7 0
m 7 2 8
f 7
m 1 0 4
g 1 0 1
m 2 8 4
m 2 6 1
b 2
q 2
m 3 1 3
m 3 5 1
m 4 4 1
m 5 8 1
m 6 1 7
m 6 5 5
m 7 3 0
m 7 0 4
m 1 4 7
m 1 7 3
m 2 1 7
m 3 1 3
m 3 3 2
m 4 1 3
m 5 2 8
m 5 8 0
b 5
m 6 3 8
m 7 4 7
m 7 9 5
m 1 0 0
m 1 6 5

