B 6 8 4 14
q 1
m 2 4 5
m 2 3 7
b 2
m 3 1 4
m 4 4 4
m 1 1 4
m 2 6 0
m 3 0 3
m 3 4 1
m 4 4 6
m 1 1 2
m 2 3 4
m 2 1 4
b 2
f 2
m 3 7 1
m 4 5 5
m 4 3 1
f 4
m 1 5 0
m 2 1 1
f 2
m 4 7 4
m 4 2 1
b 4
g 4 7 3
m 1 0 4
b 1
g 1 5 4
m 2 3 4
m 3 2 2
m 4 5 0
b 1
m 2 0 3
m 2 5 4
m 3 0 4
m 3 2 4
b 3
q 3
m 4 2 5
m 4 3 1
q 4
m 1 0 0
m 2 5 6
m 2 4 5
m 3 3 4
g 3 5 5
m 4 7 5
m 1 7 5
m 1 2 7
m 2 2 0
m 4 3 2
q 4
m 1 6 3
m 1 4 6
m 2 3 5
m 3 1 5
m 4 0 1
m 4 0 5
m 1 2 4
m 1 0 3
m 2 2 5
m 2 1 3
m 3 3 3
m 3 5 5
p
m 4 3 4
m 1 2 0
m 2 5 0
m 3 3 5
m 4 7 5
m 4 2 4
m 1 0 4
f 1
g 1 1 4
m 3 3 4
m 3 2 6
b 3
q 3
m 4 7 1
f 4
q 4
m 1 6 0
m 1 3 7
b 1
m 2 5 7
m 3 0 3
m 4 3 2
m 1 3 3
m 2 7 4
m 2 0 6
p
m 3 2 5
m 3 3 1
f 3
m 4 5 2
m 1 7 1
m 3 0 1
m 4 0 1
m 1 0 3
m 1 4 5
b 1
m 2 1 2
m 2 1 5
m 3 7 4
m 4 0 1
q 4
m 1 1 7
m 1 4 2
m 2 3 4
m 2 1 1
m 3 0 6
m 4 0 1
m 4 4 3
q 4
m 1 0 3
m 2 0 6
m 2 3 5
m 3 6 1
m 4 6 1
m 4 1 5
m 1 2 0
q 1
m 2 5 7
m 3 6 1
m 3 1 3
b 3
m 4 3 2
m 4 0 6
m 1 3 2
m 1 1 7
m 2 3 5
m 3 1 5
m 3 5 7
b 3
m 4 7 0
p
m 1 7 0
m 2 7 0
m 3 0 1
m 4 7 0
m 4 2 1
m 1 3 2
m 2 2 3
b 2
g 2 4 2
m 3 7 0
m 3 0 0
m 4 3 5
m 4 1 3
f 4
g 4 4 0
p
m 1 3 5
q 1
m 2 6 1
m 2 5 2
q 2
m 3 3 6
m 3 1 0
b 3
m 4 1 1
m 4 0 6
m 1 4 4
m 2 7 0
m 3 5 5
m 4 1 0
m 4 0 0

