B 16 10 3 40
m 1 9 12
m 1 1 8
m 2 2 1
m 2 5 1
m 3 5 10
m 1 8 4
m 1 6 8
m 2 4 5
m 3 0 1
m 2 3 6
m 2 12 6
p
m 3 2 2
m 1 1 9
m 1 5 2
b 1
q 1
m 2 3 9
m 2 1 3
m 3 0 13
m 3 9 8
b 3
q 3
g 3 1 5
m 1 10 3
p
m 2 1 0
m 3 3 5
p
m 1 6 0
m 2 1 6
m 2 14 7
m 3 11 2
m 3 9 1
q 3
m 1 3 1
m 1 7 1
m 2 6 6
m 2 11 6
m 3 6 15
m 1 6 4
m 1 5 8
m 2 8 10
m 3 1 15
b 3
m 1 9 1
m 1 8 6
g 1 3 1
m 2 5 5
p
m 3 8 0
m 1 3 12
m 2 2 7
p
m 3 8 3
m 1 2 3
b 1
m 2 4 10
m 2 7 0
q 2
m 3 4 2
m 3 10 5
m 1 4 11
m 1 10 6
m 2 6 9
m 2 6 6
m 3 13 3
m 1 6 5
m 2 0 11
m 2 0 4
f 2
q 2
m 3 2 9
m 1 7 8
q 1
m 2 6 7
f 2
q 2
m 3 4 3
m 3 0 9
m 1 14 0
m 1 14 6
b 2
m 3 0 15
m 1 1 1
m 2 2 7
m 2 10 5
b 2
p
m 3 1 12
m 1 4 15
m 1 15 2
m 2 4 3
m 3 4 7
m 1 7 7
m 1 5 7
f 1
m 2 7 4
m 1 9 8
m 1 10 2
m 2 10 0
m 3 3 11
m 3 5 0
b 3
m 1 8 11
m 1 0 1
m 2 10 0
m 2 13 6
m 3 3 9
m 3 2 2
m 1 8 4
m 1 11 6
f 1
m 2 6 6
b 2
m 3 9 8
m 1 3 14
m 1 3 0
f 1
m 2 9 12
m 3 11 4
m 3 7 2
m 1 7 10
m 1 7 0
g 1 2 2
q 2
m 3 13 8
m 3 3 3
f 3
m 1 13 9
q 1
m 2 6 5
m 3 1 2
m 1 9 3
m 1 4 3
p
m 2 7 1
m 2 7 3
m 3 8 14
m 3 11 9
g 3 1 2
m 1 8 0
m 1 11 7
m 2 1 12
m 1 4 5
m 2 2 2
m 2 13 5
f 2
m 3 6 2
f 3
f 1
q 1
m 2 6 2
m 2 11 6
q 2
p
m 3 3 15
m 3 12 2
b 3
g 3 3 10
m 1 8 11
f 1
m 2 5 15
m 3 4 15
m 3 4 9
m 1 7 0
m 1 9 7
m 2 5 2
g 2 7 5
m 3 8 4
m 3 4 7
m 1 4 1
m 1 8 9
m 2 4 3
f 2
m 3 0 2
m 3 9 4
m 1 1 8
m 1 1 4
f 1
m 2 1 4
m 2 13 4
q 2
m 3 5 12
m 3 1 0
m 1 1 8
m 1 6 2
b 1
m 2 3 6
m 2 6 9
m 3 6 0
m 1 9 10
m 1 3 4
m 2 5 14
m 3 7 0
m 3 6 1
m 1 2 0
m 1 8 2
m 2 7 0
m 2 5 5
m 1 11 0
m 1 12 0
q 1
g 1 1 5
m 2 3 8
m 2 1 4
m 3 9 5
m 3 7 6
f 3
q 3
m 1 4 5
b 1
m 2 9 7
m 2 14 1
m 3 6 5
m 2 9 7
b 2
f 2
g 2 2 0
m 3 6 0
m 2 7 0
f 2
m 3 12 0
p
m 1 1 4
m 1 1 4
q 1
m 2 3 8
m 2 9 2
m 3 1 8
q 3
m 1 4 2
m 1 15 1
m 2 9 7
m 3 11 1
m 1 7 15
b 1
f 1
m 2 14 4
m 3 5 2
m 3 15 3
m 1 5 14
m 1 10 0
m 2 5 8
m 2 4 8
m 3 4 1
m 3 9 3
f 3
m 1 6 6
m 2 7 4
m 2 9 4
m 3 8 10
f 3
m 1 7 7
m 1 4 6
m 2 11 8
m 2 11 6
g 2 4 3
m 3 10 5
m 3 15 2
m 1 5 7
m 2 5 12
m 2 14 6
g 2 8 9
m 3 7 0
m 3 3 4
m 1 9 14
q 1
p
m 2 4 12
m 2 2 4
m 3 4 3
m 3 14 9
m 1 0 0
m 1 5 2
m 2 1 8
q 2
m 3 3 5
m 3 8 4
g 1 1 9
m 2 4 15
m 2 5 4
m 3 2 9
m 1 3 5
m 2 4 12
m 2 12 7
b 2
p
m 3 7 3
m 1 5 11
m 2 12 5
m 3 5 0
b 3
m 2 4 9
m 2 10 6
q 2
m 3 3 12
m 1 7 0
m 1 14 5
m 2 9 9
m 2 0 3
q 2
m 3 3 5
m 3 11 1
b 3
m 1 7 3
g 1 5 5
m 2 6 0
b 2
m 3 5 1
m 1 6 9
m 2 14 2
m 3 8 12
m 3 10 3
m 1 8 0
f 1
q 1
m 2 12 8
m 3 8 7
p
m 1 7 3
m 1 7 8
p
m 2 0 4
b 2
m 1 9 10
p
m 2 9 12
m 3 5 8
m 1 8 0
m 1 13 4
m 2 13 4
m 3 8 14
m 1 7 5
m 1 2 1
q 1
m 2 8 2
m 2 10 4
m 3 7 15
m 3 1 1
m 1 3 14
m 1 2 7
m 2 9 15
f 2
g 2 1 6
m 3 1 12
g 3 0 2
m 1 7 3
m 2 2 13
m 2 12 5
m 1 7 3
m 2 9 7
m 3 8 10
m 3 4 8
m 1 7 3
m 1 9 9
q 1
m 2 3 12
m 2 4 4
q 2
m 3 12 9
m 3 14 5
m 1 3 14
m 1 0 6
q 1
g 1 8 3
m 2 1 13
m 2 2 2
f 2
g 2 2 5
m 3 7 1
m 3 2 6
q 3
m 1 3 12
m 1 14 1
p
m 2 9 5
m 3 1 5
b 3
m 1 15 3
m 1 1 8
m 2 8 7
m 3 15 9
m 3 6 7
q 3
m 1 11 8
m 1 10 6
m 2 4 9
m 3 5 11
m 3 8 0
m 1 6 15
m 1 5 1
f 1
m 2 9 10
m 2 15 5
m 3 7 10
m 3 8 9
m 1 4 15
m 1 15 3
m 2 0 7
m 2 3 8
b 2
f 2
q 2
p
m 3 1 13
m 1 0 4
m 1 5 1
m 2 0 15
m 3 11 7
m 1 4 12
m 1 10 9
m 2 8 8
m 3 1 8
m 1 2 3
m 1 6 5
m 2 0 9
m 3 1 8
m 3 4 7
b 3
m 1 2 13
b 2
f 2
m 3 6 9
f 3
m 1 14 0
m 1 0 0
f 1
m 2 0 4
m 2 14 1
m 3 1 2
m 1 8 2
q 1
q 2
m 3 3 9
b 3
m 1 1 12
m 1 8 7
m 2 10 2
m 3 10 3
m 1 4 15
m 2 3 12
m 3 1 6
m 1 9 5
m 1 7 2
m 2 14 3
b 2
m 3 7 1
m 3 1 5
m 1 1 5
q 1
m 3 1 8
b 3
m 1 8 14
m 1 1 4
p
m 2 5 0
b 2
f 2
m 1 7 9
m 1 14 1
m 2 3 12
f 2
g 2 9 8
m 3 4 6
m 3 11 7
m 1 9 5
m 1 4 3
f 1
m 2 14 9
f 2
m 3 8 0
m 3 3 1
q 3
m 1 0 4
m 1 10 8
m 3 4 12
q 3
m 1 10 9
f 1
q 3
m 1 4 9
f 1
m 2 2 13
m 2 14 4
m 3 0 3
m 1 2 13
m 2 14 5
m 2 7 7
m 3 11 8
m 1 7 3
b 1
m 2 1 10
m 2 14 1
m 3 7 3
m 1 14 1
m 2 2 5
m 3 10 9
m 1 7 3
m 1 2 3
m 3 4 15
q 3
m 1 12 9
b 1
m 2 0 1
p
m 3 4 12
m 3 10 3
p
m 1 6 9
m 2 4 2
m 2 7 9
m 3 5 0
f 3
q 3
m 1 6 9
m 2 5 3
m 3 7 3
m 3 14 5
q 3
m 1 3 6
m 1 6 4
p
m 3 6 9
m 3 3 6
m 1 0 4
m 1 14 6
m 2 5 11
m 2 7 6
m 3 5 8
m 3 15 6
m 1 3 11
m 2 12 9
m 2 1 5
m 3 6 7
m 1 10 1
m 1 6 2
g 1 6 15
m 2 4 5
p
m 3 8 14
m 3 1 9
q 3
p
m 1 0 4
m 1 4 5
m 2 1 12
m 2 14 7
m 3 8 2
m 1 0 13
m 1 0 8
b 1
m 2 15 5
m 3 7 1
m 1 0 9
m 1 7 9
b 1
m 2 0 9
m 3 1 8
m 1 3 12
f 1
m 2 8 7
m 3 9 5
m 3 8 4
f 3
m 1 0 13
m 1 0 9
b 1
m 2 5 11
m 2 3 4
f 2
m 2 4 15
m 2 9 8
f 2
m 3 11 0
m 3 7 6
m 1 8 3
m 1 5 5
b 1
m 2 7 10
m 2 4 9
q 2
m 3 4 15
f 3
m 1 8 2
m 2 0 9
m 3 11 0
q 3
m 1 8 14
m 1 0 6
b 1
m 2 7 1
m 2 9 0
m 3 3 6
m 3 6 6
m 1 4 12
m 2 10 6
m 2 0 7

