B 7 8 6 8
m 1 2 4
m 1 5 0
m 2 2 1
m 2 0 6
q 2
m 3 4 2
m 3 2 1
m 4 5 6
m 5 3 3
m 6 4 0
m 6 0 6
f 6
m 1 1 4
g 1 2 4
m 2 6 7
m 2 5 4
m 3 6 6
m 3 6 5
m 4 1 6
m 4 0 1
q 4
m 5 2 6
m 6 6 3
m 6 1 7
m 1 0 3
m 2 2 6
m 3 6 0
b 3
m 4 4 0
m 4 6 7
g 4 0 5
m 5 4 4
m 5 0 0
m 6 5 0
f 6
m 1 5 1
m 1 2 3
m 2 4 7
m 3 4 7
m 4 3 4
m 5 4 0
m 5 2 1
q 5
m 6 5 2
m 1 1 4
f 1
m 2 3 6
m 2 3 5
p
m 3 3 3
m 4 5 5
b 4
f 4
q 4
m 5 2 7
m 1 0 7
m 1 3 1
q 1
m 2 1 4
m 3 6 5
m 3 1 5
m 4 0 2
p
m 5 4 6
m 6 2 1
m 6 0 5
m 1 4 0
m 2 0 7
m 2 1 7
m 3 0 1
m 4 2 1
m 5 6 2
m 6 2 1
m 6 6 2
b 6
m 1 5 2
m 1 4 1
m 2 2 2
m 2 6 6
m 3 3 4
f 3
m 4 1 6
m 5 5 2
m 6 7 3
m 6 6 3
m 1 3 0
m 1 4 3
m 2 4 6
g 2 6 1
m 3 1 5
m 3 4 0
m 4 2 5
m 4 3 6
m 5 0 1
m 6 6 2
m 6 5 2
m 1 0 2
m 2 0 2
m 2 4 3
m 3 2 1
m 3 2 4
m 4 7 3
m 4 0 6
f 4
m 5 7 5
b 5
m 6 6 1
m 6 5 1
m 1 4 6
m 2 7 5
m 2 2 5
m 3 0 1
m 3 0 2
m 4 2 3
m 5 5 1
m 5 1 0
m 6 3 5
m 6 5 2
m 1 3 1
m 1 0 5
g 1 6 5
m 2 4 3
m 2 5 1
m 3 5 5
m 4 6 6
q 4
m 5 4 0
m 5 0 1
m 6 5 4
f 6
q 6
m 1 7 5
m 1 3 6
m 2 1 3
m 3 7 5
m 3 6 5
m 5 2 7
m 5 3 1
m 6 4 6
m 6 0 2
b 6
m 1 4 6
m 1 6 4
m 2 4 3
m 3 5 4
f 3
m 4 2 1
m 4 0 6
m 5 2 3
m 5 0 5
m 6 0 2
m 6 4 3
m 1 5 4
m 2 0 2
m 2 5 3
q 2
q 3
m 4 3 0
f 4
m 5 4 0
m 6 0 2
f 6
m 1 1 1
m 2 5 4
m 2 5 4
m 3 5 4
m 3 5 5
m 4 7 3
p
m 5 6 3
q 5
g 5 5 3
m 6 4 0
m 6 0 2
m 1 7 5
g 1 0 4
m 2 7 5
m 2 2 2
m 3 2 3
m 3 2 1
m 4 5 3
m 4 0 0
m 5 5 4
m 6 2 1
m 1 4 0
p
m 2 7 3
q 2
m 3 0 2
q 3
m 4 7 5
m 4 4 7
m 5 7 3
m 5 3 6
g 5 5 1
m 6 0 1
m 1 4 0
b 1
q 2
m 3 2 4
b 3
m 4 2 3

