B 7 7 5 12
m 1 0 6
m 2 3 3
m 2 2 1
m 3 5 0
m 4 4 6
m 4 2 1
m 5 2 6
m 5 2 1
m 1 5 1
m 1 3 5
g 1 0 5
m 2 3 5
m 2 3 4
m 3 1 0
m 3 4 0
m 4 5 3
m 4 2 6
m 5 2 0
m 5 5 3
f 5
m 1 1 1
m 1 3 1
m 2 3 0
p
m 4 2 6
m 4 4 5
p
m 5 0 0
m 5 2 5
m 1 4 0
m 1 6 6
m 2 2 6
m 4 0 6
q 4
m 5 1 0
g 5 0 4
m 1 1 4
m 1 3 6
m 2 3 5
m 2 2 0
f 2
m 3 1 2
m 3 5 0
m 4 1 0
m 5 1 0
m 5 2 1
b 5
m 1 4 1
m 2 5 6
m 2 0 4
m 3 3 1
m 3 1 4
q 3
m 4 4 5
f 4
m 5 4 4
m 1 4 2
m 1 2 2
g 1 0 0
m 2 0 6
m 3 1 0
m 3 5 2
q 3
m 4 5 1
m 4 6 2
m 5 4 4
m 1 4 5
m 2 1 0
m 2 0 1
b 2
f 2
q 2
m 3 5 1
m 3 2 4
m 4 0 6
m 5 2 2
m 1 5 5
m 2 5 6
m 3 3 4
m 3 6 3
g 3 3 5
p
m 4 2 0
b 4
m 5 5 1
m 5 6 2
m 1 5 0
m 1 0 1
b 1
f 1
m 2 3 1
f 2
m 3 0 6
b 3
f 3
m 4 5 0
m 5 1 6
m 2 3 2
m 2 2 4
b 2
m 3 3 1
m 3 2 0
m 4 5 6
m 5 5 6
m 1 3 0
m 2 4 6
m 2 5 6
m 3 5 1
m 4 5 6
m 4 2 3
m 5 3 0
m 5 1 6
m 1 4 1
m 1 0 1
m 2 5 0
m 2 6 1
f 2
m 3 5 1
g 3 1 2
m 4 4 5
m 5 4 6
m 5 6 3
m 1 5 1
m 1 5 2
f 2
m 3 0 6
f 3
m 4 2 4
p
m 1 3 1
q 1
m 3 6 0
b 3
m 4 3 0
m 4 1 3
b 4
m 5 0 4
m 1 0 1
m 2 5 1
m 3 4 6
m 3 6 4
g 3 5 4
m 4 2 1
m 4 3 4
m 5 5 0
m 1 3 4
m 2 4 5
m 2 1 0
m 3 5 6
m 3 5 2
m 4 6 6
g 4 6 0
m 5 0 1
m 5 2 0
m 1 4 4
m 2 5 0
m 2 6 3
m 3 4 5
m 4 2 0
m 4 5 1
b 4
m 5 5 1
m 5 3 1
m 1 3 0
m 1 4 2
m 2 1 1
m 3 3 0
m 4 5 0
m 4 4 2
f 4
m 5 0 2
m 1 5 6
m 1 2 2
m 2 5 6
m 3 5 1

