B 9 4 4 10
m 1 8 1
m 2 5 1
q 3
m 4 4 0
f 4
q 4
m 1 3 5
m 1 5 2
f 1
m 2 1 4
m 2 1 0
m 1 1 0
m 2 0 7
p
m 3 1 1
m 4 3 0
m 4 6 3
m 1 7 0
m 2 4 2
f 2
m 3 3 8
q 3
m 4 5 3
m 1 3 3
m 1 6 2
m 2 0 6
m 3 5 3
m 3 5 1
m 4 0 0
f 4
m 2 1 0
m 2 3 2
m 3 2 3
m 4 2 0
m 1 1 6
m 1 0 3
m 2 1 0
m 2 0 3
m 3 1 6
m 4 5 1
m 1 1 3
m 2 1 3
m 2 1 3
m 3 3 8
m 3 5 0
m 4 7 0
m 1 4 2
m 2 5 0
m 3 1 3
b 3
f 3
m 4 7 2
f 4
m 1 2 1
m 2 1 7
m 2 4 3
g 2 0 5
m 3 3 0
q 3
m 4 2 1
m 1 7 0
b 1
m 2 0 6
m 3 0 8
q 3
m 4 2 1
m 1 0 8
m 1 5 0
m 2 5 0
m 2 2 1
m 3 1 4
m 3 6 1
q 3
m 4 2 1
m 4 7 2
m 1 4 3
m 1 2 3
m 2 1 7
m 2 3 0
m 3 0 6
m 4 5 3
m 1 2 8
m 1 1 0
q 1
m 2 1 0
m 3 2 0
m 3 8 0
m 4 7 0
m 1 0 6
b 1
f 2
m 3 2 1
m 3 6 2
q 4
p
m 1 2 1
m 1 8 3
m 2 0 6
m 3 2 8
m 3 8 1
m 4 6 0
m 4 0 3
m 1 3 7
f 1
m 2 2 1
p
m 3 2 8
p
m 4 0 0
m 4 5 3
m 1 2 0
m 1 5 2
m 2 6 1
q 2
m 3 1 4
f 3
m 4 3 2
m 4 6 1

