B 10 5 5 11
m 1 2 1
q 1
m 2 4 5
m 2 7 0
m 3 2 3
m 4 8 1
m 5 3 3
m 5 1 2
m 1 4 4
b 1
m 2 2 8
m 2 2 2
m 3 2 6
m 3 1 3
m 4 1 9
m 4 3 4
b 4
m 5 3 5
m 1 4 4
m 2 0 9
m 2 5 2
m 3 0 4
m 4 0 1
b 5
m 1 3 4
m 2 3 5
m 2 2 3
m 3 2 6
m 4 4 1
m 4 2 3
m 5 9 3
m 1 0 9
m 1 0 1
m 2 1 3
m 3 4 3
m 4 0 6
m 4 0 2
p
m 5 2 4
m 5 4 1
m 1 2 4
m 1 8 3
b 1
m 2 3 7
m 2 0 3
b 2
m 3 4 6
b 3
m 4 2 6
m 4 5 4
m 5 3 0
m 1 0 2
m 1 7 2
m 2 1 3
m 3 0 5
m 3 4 4
m 4 0 1
b 4
p
m 2 4 9
m 2 8 3
g 2 2 5
m 3 3 6
m 4 0 0
f 4
m 5 8 2
m 1 4 8
m 1 3 4
m 2 3 0
m 2 9 0
b 2
m 3 8 4
m 3 2 0
m 4 4 2
q 4
m 5 8 4
m 5 8 0
m 1 4 7
m 1 3 4
m 2 2 6
m 2 6 2
m 3 5 4
b 3
q 3
m 4 8 1
m 5 7 3
m 1 1 7
m 2 2 9
m 4 1 3
m 4 4 3
m 5 6 2
m 1 4 2
m 2 0 1
m 3 1 3
m 4 0 6
m 4 3 1
m 5 0 5
m 5 7 1
m 1 9 1
m 1 0 3
m 2 7 3
m 3 3 3
q 3
m 4 1 1
m 5 7 1
p
m 1 4 1
q 1
m 2 1 5
b 2
m 3 1 5
m 3 0 3
p
m 4 7 2
m 1 6 4
m 1 4 1
q 1
m 2 3 5
m 3 4 9
m 4 0 5
m 4 2 4
m 5 4 7
q 5
m 1 3 5
m 1 0 1
m 2 6 3
m 3 3 5
m 3 9 2
m 4 5 2
m 4 5 2
b 4
m 5 0 4
m 1 4 7
m 1 6 4
f 1
q 1
m 3 4 1
m 4 4 1
m 5 4 7
m 5 2 3
g 5 3 0
m 1 4 9
m 1 8 2
q 1
m 2 8 2
m 2 3 2
m 3 4 7
q 3
m 4 4 1
f 4
m 5 0 0
m 5 7 0
m 1 8 0
m 1 1 3
b 1
m 3 0 0
m 4 0 5
m 5 4 7
g 5 2 5
m 1 9 4
m 1 0 3
g 1 0 3
m 2 6 1
m 3 0 6
m 3 2 2
m 4 9 0
m 4 2 1
q 4
m 5 0 6

