B 4 5 6 2
m 1 1 0
m 3 1 2
m 3 3 3
m 4 0 2
m 5 4 0
m 5 1 2
m 6 1 0
m 1 2 2
m 1 0 4
q 1
g 1 3 3
g 2 2 0
m 3 4 1
m 3 0 1
b 3
m 4 1 2
m 4 1 1
m 5 4 3
m 6 4 1
m 6 0 1
m 1 0 3
m 1 3 2
b 1
q 1
m 2 0 2
m 3 3 1
m 3 3 3
b 3
m 4 4 0
m 4 3 2
m 5 0 3
m 6 4 1
m 6 0 3
m 1 1 0
p
m 3 0 3
b 3
m 4 1 3
m 5 4 3
m 5 0 1
g 5 0 0
f 6
m 1 1 2
m 1 3 4
b 1
m 2 0 0
q 2
p
m 3 4 0
m 3 3 1
m 4 4 2
m 4 3 3
g 4 2 1
p
m 5 3 3
m 5 0 1
m 6 4 0
m 6 0 4
m 1 1 2
m 2 3 2
m 2 2 1
m 3 0 3
m 3 2 2
m 4 0 3
m 5 3 2
m 5 1 4
f 5
m 6 3 1
m 6 3 2
m 1 3 1
q 1
b 2
m 3 0 3
m 3 1 3
f 3
m 4 2 1
q 4

