B 6 8 6 6
m 1 2 4
f 1
m 2 1 2
f 2
m 3 2 5
m 3 1 7
m 4 1 2
f 4
m 5 0 2
m 5 4 5
m 6 7 5
m 1 4 4
m 2 3 2
m 3 2 4
m 4 7 5
m 4 5 7
m 5 2 5
m 6 1 3
m 6 1 4
b 6
m 1 0 5
m 1 2 7
m 2 0 0
m 3 6 0
q 3
m 4 1 1
f 4
q 4
m 5 1 0
m 6 1 2
m 6 2 7
f 6
m 1 2 6
b 1
q 1
m 2 6 3
m 3 2 5
m 3 1 2
m 4 6 3
m 4 1 4
m 5 3 4
m 6 3 2
m 1 0 2
m 2 3 4
m 2 2 6
g 2 7 5
m 3 1 5
m 4 0 4
m 4 4 5
q 4
m 5 1 3
m 5 0 1
m 6 1 2
m 1 1 2
m 2 2 0
m 3 5 5
m 3 1 6
m 4 1 1
m 4 5 2
m 5 2 3
m 5 3 7
m 6 2 2
m 6 2 5
m 1 6 0
m 2 3 6
m 3 4 5
q 3
m 4 0 7
b 4
q 4
m 5 7 4
q 6
m 1 2 1
m 2 6 4
m 2 2 5
m 3 5 3
m 3 1 5
m 4 6 4
g 4 3 1
m 5 1 4
m 6 1 4
m 6 3 1
b 6
m 1 6 4
m 1 0 5
f 1
p
m 2 1 4
m 3 0 3
m 3 2 6
b 3
m 4 1 5
m 5 3 7
m 6 5 5
m 6 4 4
m 1 4 5
m 2 2 4
m 2 4 3
m 3 7 4
m 4 3 0
m 4 4 7
m 5 6 4
m 6 1 4
f 6
m 1 6 5
q 1
m 2 6 0
m 3 6 4
m 3 2 7
m 4 5 3
b 4
m 5 3 2
m 6 6 0
m 1 3 3
m 2 5 2
m 3 6 5
q 3
m 4 0 0
m 4 3 5
m 5 6 4
m 6 2 4
m 6 0 4
b 6
m 1 1 5
m 1 5 1
m 2 1 5
m 2 4 1
m 3 1 4
m 4 2 7
f 4
m 5 6 4
m 5 4 1
g 5 7 0
m 6 1 3
m 6 4 4
m 1 0 3
m 2 2 4
m 3 0 5
m 4 1 7
m 4 3 3
m 5 6 5
m 5 2 0
f 5
m 6 0 5
q 6
g 6 6 1
m 1 6 4
m 2 0 5
m 2 2 2
m 3 6 5
b 3
m 4 1 4
m 5 5 1
m 5 0 7
m 6 0 4
m 6 3 5
m 1 0 5
m 2 4 5
m 2 2 4
m 3 0 5
q 3
m 4 2 7
m 4 3 4
m 5 6 4
m 5 4 7
m 6 0 1

