B 9 7 3 13
m 2 6 6
m 3 0 0
g 3 6 6
m 1 0 2
m 2 1 2
m 2 7 1
m 1 5 3
m 1 4 3
m 2 3 7
f 2
m 3 4 3
m 3 7 4
m 1 5 6
f 1
m 2 6 6
f 2
g 2 3 5
m 3 3 8
m 3 3 5
m 1 3 3
q 2
m 3 1 1
b 3
m 1 3 4
m 2 1 5
m 3 0 8
p
m 1 6 1
m 1 6 2
m 2 3 2
p
m 1 0 1
m 2 4 4
b 2
m 3 2 4
m 1 5 5
m 1 5 5
m 2 4 2
m 2 8 5
m 3 5 6
f 3
m 1 8 0
g 1 5 3
m 2 0 3
m 2 6 6
m 3 2 5
m 1 7 5
m 2 2 5
m 2 2 0
m 3 5 0
m 1 6 7
m 2 4 5
p
m 3 6 3
m 1 4 5
m 1 6 4
m 2 3 1
m 2 8 5
m 3 6 4
m 3 5 4
f 3
p
m 1 2 2
m 2 6 1
m 2 6 0
q 2
m 3 6 0
m 3 8 5
b 3
m 1 4 0
m 2 1 2
m 3 2 5
m 3 0 1
m 1 8 0
m 1 1 6
m 2 1 4
m 3 1 5
m 1 1 1
m 1 8 4
m 2 2 5
g 3 2 3
m 1 1 2
m 1 7 1
m 2 3 0
m 3 6 3
m 1 1 8
m 2 3 3
f 2
m 3 2 2
m 1 1 4
m 2 1 4
m 2 4 1
m 3 2 2
m 3 5 4
m 2 4 0
q 2
m 3 2 8
m 1 8 1
q 1
m 2 7 0
m 2 7 2
m 3 3 1
m 3 4 0
m 1 6 8
m 1 8 2
m 2 2 5
m 2 0 1
m 3 4 0
m 1 6 7
m 1 2 3
f 1
m 2 5 6
m 3 8 2
m 1 0 1
m 1 5 3
m 2 8 6
m 3 6 3
m 1 7 5
p
m 2 3 1
m 2 0 2
m 3 6 0
f 3
m 1 6 4
g 1 1 3
m 3 6 2
m 3 7 2
p
m 1 6 4
f 1
m 2 6 7
p
m 3 0 6
m 1 6 7
m 1 1 0
m 2 6 2
m 3 6 4
m 3 2 0
q 3
m 1 2 5
m 1 2 0
m 2 3 5
m 2 2 6
m 3 5 6
m 1 6 3
m 2 6 7
m 3 3 8
m 3 2 2
f 3
m 1 4 0
q 1
m 2 2 5
m 2 5 4
m 3 6 3
m 3 4 2
m 2 5 0
m 3 6 4
f 3
m 1 2 1
m 2 2 5
m 3 1 0
m 3 7 4
m 1 1 3
m 1 8 2
q 1
p
m 2 0 4
m 2 5 5
f 2
m 3 2 2
f 3
m 1 6 4
m 2 6 7
p
m 3 6 2
q 3
m 1 3 7
m 1 4 3
m 2 5 1
m 2 1 1
m 3 6 3
m 3 1 6
q 3
m 1 5 1
m 1 2 2
f 1
g 1 0 2
m 2 3 8
m 3 3 8
m 3 1 3
m 1 6 3
m 1 0 6
p
m 2 7 4
m 3 5 4
m 3 1 2
m 2 6 4
m 3 5 6
g 3 1 7
m 1 6 7
m 2 6 7
m 3 5 0
m 3 4 3
b 3
m 1 5 0
b 1
q 1
m 2 3 8
m 2 8 5
f 2

