B 5 9 5 5
b 1
q 1
m 2 0 2
m 3 1 6
f 3
m 4 0 3
m 4 2 7
b 5
m 1 1 7
p
m 2 3 3
m 3 0 0
m 4 2 2
m 5 5 4
m 5 1 0
f 5
m 2 1 3
m 2 1 2
f 2
q 2
m 3 7 4
m 4 4 4
m 4 0 4
b 4
m 5 0 7
m 5 4 4
m 1 1 8
m 1 2 8
m 3 1 0
m 4 1 2
m 4 1 4
q 4
m 5 0 2
m 5 0 4
m 1 1 0
m 2 3 2
m 3 3 2
m 3 2 6
m 4 0 3
p
m 5 5 2
m 5 1 2
m 1 2 5
m 1 1 7
f 1
m 3 3 2
m 3 4 1
m 4 0 3
m 5 5 0
f 5
g 5 4 0
m 1 4 8
q 1
m 2 0 2
m 2 1 8
f 2
m 3 6 0
m 4 2 5
q 4
m 5 5 1
m 5 4 6
m 1 8 0
m 1 4 1
m 2 1 3
m 2 3 7
m 3 2 4
m 3 3 5
m 4 5 1
m 4 2 3
q 4
g 4 0 1
m 5 8 3
m 5 1 1
m 1 1 2
m 1 2 6
m 2 3 4
m 2 4 1
m 3 3 2
m 3 2 0
b 3
m 4 0 3
m 4 1 8
m 5 3 5
m 1 1 3
m 1 1 3
m 2 3 8
b 2
m 3 0 2
m 3 3 2
m 4 6 3
m 5 0 2
m 5 0 5
m 1 0 3
q 1
p
m 2 6 0
m 2 0 5
m 3 2 1
m 4 6 0
m 4 3 8
f 5
g 5 6 2
m 1 0 3
p
m 2 0 4
m 3 3 4
q 3
m 4 0 5
m 5 2 4
m 5 2 3
q 5
m 1 5 4
f 1
m 2 2 4
m 3 2 6
b 3
m 4 0 2
m 4 4 5
b 4
m 5 7 4
b 1
m 2 0 4
m 2 2 7
b 2
m 3 6 0
m 4 3 2
m 5 3 7
m 5 0 5
q 5
m 1 1 3
m 1 4 5
m 2 0 2
m 2 4 2
m 3 6 0
m 3 3 1
b 3
g 3 8 1
m 4 2 4
m 5 4 1
m 5 3 6
m 1 7 4
f 1
g 1 4 0
m 2 4 8
m 3 1 2
m 3 1 7
m 4 6 0
m 4 4 6
b 4
g 4 8 3
m 5 3 4
m 5 0 7
m 1 3 5
f 1
q 1
m 2 4 1
m 3 6 0
m 3 3 3
f 4
m 5 4 5
m 5 0 8
m 1 5 1
m 1 3 8
f 1
m 2 0 4
m 2 3 3
m 3 5 1
m 3 3 0
m 4 4 6
m 5 3 4
b 5
f 5
q 5
p

