B 4 7 4 3
m 1 6 2
m 2 2 3
m 2 3 1
m 3 5 3
m 4 3 0
m 1 1 0
m 1 0 5
m 2 2 2
m 2 0 5
p
m 3 5 2
m 3 1 3
m 4 0 0
m 4 3 3
m 1 5 2
m 1 1 5
b 1
m 2 1 5
g 2 0 3
m 3 1 1
m 4 2 1
m 1 1 0
m 1 3 6
m 2 6 1
m 2 1 1
m 3 5 2
m 3 3 4
b 3
m 4 2 0
m 4 1 5
m 1 4 0
f 1
m 2 1 2
m 2 0 1
m 3 0 6
m 4 6 0
m 4 3 4
m 1 1 2
m 2 2 0
m 4 1 3
f 4
q 4
m 1 5 2
m 1 0 3
m 2 4 2
m 2 3 4
m 3 2 2
m 3 0 6
b 3
m 4 1 2
m 4 1 3
m 1 2 6
m 2 3 4
m 3 1 3
m 3 0 2
m 4 5 3
m 4 0 2
q 1
m 2 5 2
m 2 3 4
m 3 4 1
f 3
p
m 4 2 4
m 1 6 1
m 1 3 4
m 2 1 4
m 3 5 2
m 3 2 0
m 4 2 5
b 4
q 4
m 1 1 2
m 2 2 2
m 3 3 0
m 3 0 2
q 3
m 4 0 5
m 4 2 3
m 1 1 2
m 1 1 4
m 2 0 2
m 2 2 3
m 4 2 3
m 4 0 1
m 1 4 2
m 2 0 6
m 2 3 5
g 2 1 1
m 3 5 3
m 4 5 2
m 1 4 0
m 1 0 6
m 2 6 1
b 2
p
m 3 2 3
b 3
m 4 4 2
m 4 2 2
q 4

