B 4 10 6 6
m 1 0 1
m 2 3 9
m 2 2 8
m 3 3 6
m 4 1 2
m 4 0 9
m 5 0 0
m 5 1 0
m 6 8 1
m 6 3 5
m 1 5 1
m 1 3 1
m 2 8 3
m 2 1 7
m 3 4 3
m 4 4 3
m 5 2 6
q 5
p
m 6 3 1
m 6 1 0
m 1 0 1
m 1 1 5
m 2 0 7
b 2
m 3 3 0
m 3 1 0
m 4 2 9
f 4
m 5 8 3
m 5 0 1
m 6 0 7
m 6 0 3
p
m 1 4 0
m 1 1 1
p
m 2 2 6
b 2
m 3 8 0
m 3 1 6
m 4 0 2
m 4 3 7
m 5 2 3
q 5
g 5 7 0
m 6 1 0
m 6 1 2
b 6
m 1 5 2
m 1 3 0
m 2 4 3
m 3 6 0
m 3 1 1
m 4 3 7
m 4 1 9
m 5 4 0
m 5 1 5
m 6 2 2
m 6 1 7
q 6
m 1 8 3
m 2 2 3
m 2 2 4
m 4 3 4
m 4 1 6
m 5 3 2
f 6
q 1
m 2 8 1
m 3 7 2
m 3 2 4
m 4 3 3
m 4 0 9
m 5 1 2
m 5 1 2
f 5
m 6 7 2
m 1 3 3
m 1 3 0
m 2 4 1
q 2
m 3 2 9
m 4 5 0
b 4
f 4
m 5 1 5
m 6 4 1
m 1 5 0
p
m 2 8 1
m 2 0 4
m 3 5 2
m 3 0 5
b 3
m 4 0 7
m 5 7 2
m 5 2 0
p
m 6 2 5
f 6
m 1 1 2
g 1 7 3
m 2 1 0
m 2 0 8
m 3 0 0
b 3
m 4 6 0
m 4 1 5
f 4
m 5 4 1
f 5
p
m 6 7 2
m 6 0 8
p
m 1 0 1
m 2 1 8
m 2 0 4
m 3 2 8
m 4 4 1
m 4 0 0
m 5 2 7
m 5 0 5
q 5
m 6 6 0
m 1 6 0
m 2 4 1
m 3 6 0
m 4 1 3
m 4 0 6
m 5 3 6
m 5 3 3
m 6 4 1
m 6 1 1
q 6
m 2 4 1
m 3 1 2
m 4 8 3
f 4
m 5 1 2
m 5 2 8
q 5
g 5 8 1
m 6 8 3
m 1 4 1
m 2 4 1

