B 18 14 4 62
m 1 8 3
m 2 10 13
g 2 3 8
p
m 3 0 1
m 3 1 2
m 4 6 4
m 4 14 13
m 1 6 16
g 1 1 0
m 2 9 3
m 2 14 11
m 3 7 0
m 3 0 3
g 3 1 0
m 4 9 7
g 1 11 14
m 2 3 2
b 2
m 3 10 6
m 1 12 12
m 2 0 14
b 2
m 3 0 0
m 3 6 8
m 4 15 10
m 4 12 5
g 4 2 3
m 1 8 11
m 1 14 12
m 2 6 6
q 2
m 3 5 17
m 3 9 8
m 4 2 4
m 4 5 13
m 1 5 2
f 1
q 1
m 2 16 11
m 2 3 5
m 3 10 13
m 4 0 6
p
m 1 2 15
m 1 2 2
b 1
m 2 8 8
m 2 15 3
m 3 11 4
m 3 11 2
m 4 9 9
g 4 0 7
m 1 12 6
m 1 16 11
m 2 5 2
m 3 13 11
m 1 8 6
m 1 5 13
f 1
m 2 9 4
m 3 2 4
m 3 9 10
f 3
m 4 10 11
m 4 4 8
m 1 15 4
m 1 13 5
m 2 7 3
m 3 1 13
m 4 5 4
m 4 12 13
m 1 10 9
b 1
m 2 4 17
m 2 14 11
q 2
m 3 6 3
m 3 9 11
f 3
g 3 6 6
m 4 0 13
b 4
m 1 13 12
m 2 11 7
m 3 13 6
m 4 7 13
m 4 16 4
m 1 11 17
q 2
m 3 3 2
m 4 2 16
m 4 9 9
m 1 13 16
m 2 13 6
m 3 12 10
m 4 3 2
m 4 8 7
m 1 0 9
m 1 7 1
m 3 12 10
m 3 5 1
g 3 4 15
m 4 0 2
f 4
q 4
m 1 7 15
m 2 10 8
m 2 16 6
m 3 11 0
q 3
m 4 7 16
g 4 2 5
m 1 7 17
m 1 16 4
b 1
f 1
m 2 9 8
m 3 10 4
m 3 15 0
m 4 11 1
m 1 3 11
b 1
m 2 13 0
m 2 17 8
m 3 14 11
m 4 11 4
m 4 14 12
b 4
m 1 1 8
m 2 8 12
m 2 12 8
m 3 7 2
q 4
m 1 9 6
m 2 11 0
m 2 14 13
m 3 7 6
m 4 2 14
m 1 6 8
m 1 14 4
b 1
m 2 8 3
f 2
m 3 10 11
m 4 11 11
f 4
m 1 1 2
p
m 2 8 7
m 3 14 0
m 4 7 10
m 1 2 9
m 2 3 10
m 3 0 2
m 4 2 12
m 1 1 2
m 1 12 3
m 2 1 17
m 2 7 10
m 3 11 1
b 3
m 4 16 5
m 1 13 7
m 2 11 12
m 3 14 2
m 3 1 10
p
m 4 2 9
m 1 12 3
m 2 6 4
m 3 7 12
p
m 4 10 6
m 1 11 0
m 1 1 13
f 1
m 2 2 15
m 3 11 4
q 3
m 4 16 5
m 1 6 5
p
m 2 4 3
m 3 7 15
m 3 13 4
q 4
m 1 2 6
m 3 12 2
m 4 7 12
m 4 13 4
f 4
m 1 8 6
m 1 7 1
m 2 17 3
m 3 5 0
m 3 14 8
m 4 9 14
f 4
m 1 13 6
q 1
m 2 2 0
b 2
m 3 5 12
m 4 4 3
m 1 10 16
b 1
m 2 3 5
m 3 9 7
f 3
m 4 8 2
m 4 4 11
p
m 1 10 1
g 1 12 8
m 2 2 6
m 2 9 2
m 4 12 10
m 1 9 6
m 1 6 4
q 1
m 2 12 17
m 2 1 1
q 2
m 3 12 10
m 4 3 14
m 4 13 6
b 4
m 1 12 8
m 2 13 2
b 2
m 3 1 6
m 3 9 1
m 4 7 0
f 4
m 1 14 1
m 2 13 4
m 3 4 17
m 3 10 7
b 3
m 4 4 4
f 4
m 1 2 17
m 1 12 12
g 1 11 4
p
m 4 9 11
m 1 11 15
m 1 16 11
b 1
m 2 12 1
m 2 1 12
m 3 15 8
m 1 11 7
m 2 4 5
m 3 13 11
m 3 0 3
m 4 2 10
q 4
m 1 13 6
m 1 2 7
m 2 4 7
m 3 13 16
b 3
q 3
m 4 0 3
m 4 12 1
q 4
m 1 8 5
q 1
p
m 2 10 17
m 2 2 4
m 3 12 4
m 3 15 9
m 4 12 6
m 4 16 3
m 1 8 3
m 1 11 5
b 1
m 2 4 0
m 3 1 16
m 4 0 10
g 4 3 7
m 1 0 3
m 1 7 8
f 1
m 2 12 4
m 3 15 7
b 3
f 3
m 1 6 3
m 2 5 0
p
m 3 17 12
m 3 6 9
m 4 13 11
m 4 15 0
m 1 0 8
m 2 15 8
f 2
m 3 8 3
m 4 4 7
m 4 9 2
b 1
m 2 12 0
m 2 8 3
m 3 7 6
m 4 3 1
m 1 13 2
m 2 10 16
m 2 15 8
p
m 3 10 3
m 3 15 11
m 4 10 7
m 4 9 12
b 4
q 4
m 1 0 8
b 1
g 1 9 15
p
m 2 7 16
m 3 3 12
m 3 4 5
q 3
m 4 12 4
m 1 13 3
f 1
m 2 7 6
m 2 11 2
m 3 10 10
m 4 9 5
f 4
m 1 8 16
m 1 17 9
m 2 1 16
m 2 0 2
p
m 3 5 5
m 3 2 2
m 4 13 11
m 4 10 7
b 4
m 1 4 3
f 1
q 1
m 2 1 15
m 2 11 8
m 3 7 0
m 3 15 6
q 3
m 4 10 0
m 1 10 14
b 1
m 2 1 17
m 2 11 4
m 3 9 3
m 4 5 15
m 1 2 5
p
m 2 3 14
m 2 13 8
m 3 3 5
m 4 13 17
m 4 12 11
p
m 1 8 12
m 2 12 8
m 2 17 13
f 2
m 4 9 14
m 1 12 12
b 1
b 2
g 2 0 5
m 3 9 4
m 3 8 11
q 3
g 3 2 8
m 4 17 12
m 4 3 0
m 1 5 15
f 1
m 2 11 8
m 3 9 8
q 3
m 4 12 4
m 4 13 6
b 4
m 2 9 1
m 2 4 2
b 2
m 3 10 4
m 3 5 5
m 4 5 1
m 4 11 5
m 1 14 11
m 2 3 3
m 2 11 2
m 3 7 17
q 3
m 4 12 16
m 1 7 10
m 1 12 6
m 2 10 17
m 3 10 8
m 4 1 4
m 1 2 10
m 2 7 3
m 3 10 11
q 3
p
f 4
g 4 0 4
m 1 4 2
m 2 1 13
m 2 15 2
m 3 13 4
m 3 14 2
m 4 16 3
b 4
m 1 5 4
m 2 6 3
m 2 16 13
m 3 10 14
m 4 13 9
m 1 1 12
m 2 5 7
m 2 5 9
q 2
m 3 7 7
m 3 6 8
f 3
q 3
m 4 2 13
b 4
m 1 4 17
m 1 13 9
m 2 4 3
q 2
m 3 13 6
m 4 15 12
b 4
m 1 3 2
q 1
m 2 10 6
m 3 5 15
m 3 10 1
m 4 1 1
m 1 5 10
m 2 10 13
m 3 0 9
m 3 10 0
m 4 13 6
m 1 7 12
f 1
m 2 11 2
m 2 7 6
m 3 11 3
m 4 6 10
m 1 17 7
m 1 11 2
m 2 9 16
m 3 13 8
m 3 10 9
q 3
m 4 1 16
m 1 11 5
m 1 9 7
m 2 1 17
m 2 9 2
f 2
m 3 15 0
f 3
m 4 5 1
m 1 1 9
f 1
m 2 0 9
m 2 6 3
m 3 0 6
m 3 6 8
m 4 7 12
m 4 12 5
b 4
m 1 10 4
m 2 7 16
m 2 1 2
f 2
m 3 17 5
m 3 5 13
m 4 9 14
m 1 13 12
m 1 9 10
m 2 0 8
m 2 0 11
q 2
m 3 0 2
m 3 2 11
f 3
g 3 11 4
m 4 4 1
b 4
m 1 3 10
m 1 6 4
m 2 11 5
q 2
m 3 6 2
b 3
g 3 9 10
p
m 1 10 4
m 1 13 7
m 2 10 11
m 2 17 11
m 3 2 6
m 3 12 1
m 4 0 1
m 1 0 17
m 1 9 10
q 1
m 2 5 5
m 2 11 11
m 3 11 5
m 3 6 13
b 3
f 3
m 1 15 1
m 2 10 8
g 2 8 1
m 3 8 3
m 3 3 3
g 3 10 5
m 4 13 9
m 1 4 8
m 1 5 3
m 2 13 11
m 2 12 6
m 3 15 1
m 4 2 7
m 1 9 16
m 2 4 0
m 2 14 11
m 3 0 5
q 3
m 4 1 6
m 1 13 4
m 1 16 9
m 2 14 4
m 3 10 8
f 3
g 3 4 2
m 4 5 11
m 4 12 6
m 1 16 12
m 1 15 3
m 2 10 17
m 3 7 12
m 3 15 0
b 3
m 4 2 16
m 4 14 1
m 1 16 11
m 2 4 17
m 2 12 12
b 2
m 3 17 2
m 3 8 10
m 4 3 14
m 2 11 7
m 2 9 5
m 3 7 14
m 4 0 9
m 1 7 6
q 1
m 2 7 16
m 3 12 4
m 3 9 3
m 4 1 8
p
m 1 4 12
m 1 13 13
m 2 15 1
m 3 10 13
m 3 6 12
m 4 5 12
m 1 8 16
m 2 13 7
m 2 11 3
m 3 8 5
b 3
m 4 10 6
m 1 14 7
m 1 3 10
m 3 1 8
f 4
m 1 16 3
m 2 8 5
f 2
p
m 3 1 8
m 3 14 8
m 4 7 16
m 4 8 2
p
m 1 0 4
m 1 5 7
m 2 11 6
m 3 11 10
m 3 17 7
f 3
m 4 4 8
m 4 3 12
m 1 3 14
m 1 6 6
q 1
m 2 4 17
m 3 14 2
f 3
m 4 5 10
m 4 3 7
q 4
m 2 4 1
m 2 13 12
m 3 5 10
b 3
q 3
m 4 6 14
m 4 10 11
m 1 16 5
m 2 8 16
m 2 12 2
f 2
m 3 7 6
m 3 12 9
m 4 6 3
m 4 5 4
b 4
m 1 13 15
m 2 13 9
m 2 15 0
p
m 3 7 13
g 3 5 16
m 4 8 2
m 1 8 3
f 1
m 2 9 8
m 2 5 0
m 3 3 14
m 1 16 8
m 1 11 8
m 2 1 8
m 3 10 0
m 4 10 16
m 4 8 11
f 4
m 1 13 11
m 1 4 1
m 2 7 1
m 2 9 2
p
m 3 2 16
m 4 12 10
m 4 16 5
m 1 1 2
m 2 10 17
m 3 5 13
m 3 6 0
q 3
p
m 4 6 10
m 4 7 5
b 4
m 1 5 14
m 1 4 5
q 1
m 2 9 8
m 3 10 14
m 3 14 6
f 3
p
m 4 1 16
m 4 15 3
m 1 0 9
q 1
m 2 17 1
m 2 9 10
m 3 10 4
m 4 5 5
p
m 2 3 0
m 3 17 8
b 3
f 3
m 1 1 16
m 1 9 13
m 2 11 12
m 2 11 12
m 3 3 2
m 4 1 4
b 4
p
m 1 1 12
m 2 13 15
m 3 2 9
q 3
m 4 13 6
b 4
m 2 10 16
m 2 11 10
m 3 11 1
m 4 4 7
m 1 3 9
m 1 9 12
m 2 12 0
m 2 3 1
f 2
m 3 13 1
q 3
p
m 4 16 1
m 4 9 10
m 1 12 0
m 1 2 0
m 2 11 7
m 3 7 5
m 4 6 3
m 1 8 3
m 1 4 4
m 2 4 17
m 2 14 3
g 2 0 5
m 3 10 13
m 3 2 5
m 4 7 6
m 4 14 4
m 1 6 8
b 1
m 2 10 13
m 3 6 4
m 4 3 1
m 1 12 13
m 1 17 5
m 2 7 0
m 2 6 1
f 2
m 3 10 9
m 3 9 5
m 4 3 2
m 4 11 5
m 1 13 1
m 2 13 11
m 2 10 6
m 4 12 4
m 4 3 4
m 1 5 7
m 2 8 7
p
m 3 9 11
f 3
m 4 9 8
m 1 0 9
m 1 10 13
m 2 13 1
m 2 10 2
m 3 15 2
m 4 6 17
q 4
m 1 3 1
m 1 5 5
q 1
m 2 7 13
m 2 16 12
m 3 0 16
m 3 8 12
m 4 5 14
m 4 10 0
m 1 10 17
m 1 10 3
b 1
m 2 9 11
m 2 17 2
m 3 4 6
b 3
m 4 5 14
q 4
m 1 13 8
m 1 12 7
m 2 10 17
m 2 2 13
m 3 16 13
f 3
p
m 4 13 11
q 4
m 1 14 0
m 2 8 1
m 3 13 4
g 3 10 2
m 4 14 3
m 4 16 6
f 4
q 4
m 1 4 7
m 1 16 1
m 2 15 5
m 3 12 0
q 3
m 4 17 10
b 4
m 2 12 13
q 2
m 3 13 15
m 4 17 9
m 1 13 11
m 2 2 7
m 2 16 11
b 2
f 2
q 2
m 3 13 4
m 3 11 13
m 4 10 16
m 4 10 13
m 1 10 9
m 1 17 13
q 1
m 2 8 2
m 3 7 1
m 4 14 13
m 1 4 17
m 1 8 13
q 1
m 2 10 13
m 2 12 6
m 4 5 1
m 4 10 7
g 4 10 8
m 2 7 3
m 2 15 5
m 3 9 14
m 4 16 0
m 4 16 13
m 1 6 5
m 1 7 0
f 1
m 2 10 4
q 2
m 3 11 7
m 3 14 13
m 4 14 1
m 4 15 4
b 4
m 1 5 10
m 1 4 6
m 2 5 1
m 2 7 2
p
m 3 2 3
m 3 11 5
b 3
m 4 9 4
m 4 12 10
q 4
m 1 8 6
m 1 13 0
q 1
m 2 15 1
m 3 9 8
m 3 9 1
m 4 6 5
m 1 3 11
m 2 0 10
m 2 3 10
m 3 11 2
m 3 15 1
m 4 7 6
q 4
m 1 5 1
m 1 5 8
f 1
m 2 5 10
m 2 6 1
f 2
m 3 8 7
p
m 1 12 2
m 2 3 1
m 2 8 11

