B 6 6 4 3
m 1 0 4
m 3 0 2
m 4 4 5
g 4 2 0
m 1 5 3
m 1 3 2
m 2 3 1
p
m 3 5 3
m 4 2 4
q 4
m 1 1 1
m 1 5 4
m 2 4 3
m 2 3 4
m 3 5 2
m 3 1 3
p
m 4 5 5
m 4 0 1
m 1 5 0
m 2 4 3
m 3 5 2
m 3 5 4
q 3
g 3 2 3
m 4 1 1
m 1 0 1
m 2 3 2
m 4 0 1
m 1 3 2
f 1
q 1
m 2 5 5
m 3 3 5
m 3 2 0
b 3
m 4 1 5
m 4 4 2
b 4
q 4
m 1 2 2
m 1 2 3
b 1
f 1
m 2 4 4
m 3 5 0
m 4 0 0
m 4 2 0
b 4
m 1 3 3
m 2 5 3
m 3 3 5
m 4 0 5
m 4 1 5
m 1 4 1
q 1
m 2 0 3
m 3 5 3
m 3 5 0
m 4 1 5
m 1 3 3
m 1 1 5
m 2 4 3
m 3 0 3
m 4 1 2
m 1 3 4
m 1 0 5
m 2 5 3
m 3 5 3
q 3
m 1 2 4
m 3 5 3
m 3 5 5
m 4 0 3
m 4 2 5
m 1 0 4
m 1 1 2
m 2 3 1
m 3 0 3
m 4 5 5
m 1 0 5
q 1
m 2 0 1
g 2 3 1
m 3 0 2
m 3 0 2
m 4 1 2
m 4 4 4
m 1 1 5
m 3 1 2
m 4 0 1
m 1 3 2
m 1 5 1
m 2 3 3
m 2 2 5
q 2
m 3 1 4
f 3
m 4 3 3
m 4 2 2
m 1 3 1
m 2 4 0
f 2
m 3 1 5
m 3 1 4
m 4 0 5
m 4 3 2
m 1 0 1
m 2 0 2
m 2 1 2
m 3 1 5
m 4 3 5
m 4 3 1

