B 15 9 7 18
m 1 5 7
m 1 12 1
m 2 5 12
m 2 10 1
p
m 3 6 5
m 3 8 6
f 3
m 4 0 5
m 6 2 8
m 6 6 4
m 7 8 14
m 7 9 4
m 1 11 2
m 1 6 3
m 2 3 6
m 2 10 4
q 2
m 3 3 2
m 4 7 8
m 4 0 6
f 4
m 5 7 4
m 6 1 13
p
m 7 11 3
m 7 13 2
f 7
m 1 0 9
m 1 4 1
p
m 2 8 5
b 2
g 2 8 2
m 3 7 8
m 3 2 6
m 4 9 3
m 4 11 0
m 5 7 10
m 5 4 7
f 5
m 6 10 4
m 7 6 9
m 7 14 8
m 1 4 2
m 2 4 5
b 2
f 3
g 3 8 14
m 4 7 9
m 5 6 6
m 5 10 2
m 6 12 3
b 6
m 7 1 1
q 7
m 1 12 7
m 1 4 8
m 2 5 3
m 2 14 4
m 3 6 5
m 3 5 8
f 3
m 4 8 13
m 4 9 8
m 5 5 7
m 5 0 7
q 5
g 5 3 11
m 6 0 1
f 6
m 7 14 5
b 7
f 7
m 1 6 9
m 1 9 1
b 1
g 1 4 7
m 2 5 1
m 2 6 6
f 2
m 3 2 8
b 4
m 5 10 0
m 6 2 7
m 6 7 0
m 7 4 13
m 7 5 8
m 1 1 7
b 1
m 2 6 12
m 3 7 6
m 4 5 7
m 5 5 11
m 6 0 12
m 6 4 3
m 7 7 10
m 7 12 1
q 7
m 1 14 1
m 2 3 7
m 2 13 7
f 2
m 3 8 0
m 4 7 3
m 5 2 8
m 6 6 11
m 7 0 6
b 7
m 1 1 7
m 1 1 3
p
m 2 10 0
m 2 8 0
m 3 4 1
b 3
m 4 11 2
m 4 6 4
b 4
m 5 4 0
m 6 13 5
m 1 11 8
b 1
m 3 5 2
m 4 4 11
m 5 0 6
m 6 6 0
m 7 5 2
m 7 11 2
m 1 8 8
m 1 4 6
b 1
q 1
m 2 2 0
m 2 4 4
m 3 2 14
m 3 6 6
f 3
m 4 5 2
m 5 4 2
m 5 13 2
f 5
m 6 1 0
m 6 7 7
m 7 3 6
m 7 2 4
f 7
m 1 8 3
m 1 4 3
m 2 5 11
m 3 3 0
m 4 8 6
m 4 7 0
m 5 0 9
q 5
m 6 5 11
f 6
m 7 0 5
m 7 3 6
m 1 7 10
m 2 6 1
m 2 7 2
b 2
m 3 8 3
m 3 8 5
b 3
f 3
m 4 7 9
m 4 8 0
m 5 8 7
m 5 2 6
m 6 12 2
m 7 2 5
p
m 1 1 11
m 1 4 5
m 2 6 13
m 2 12 3
m 3 3 0
m 3 9 8
m 4 1 13
m 5 8 13
q 5
m 6 2 2
m 7 6 0
m 1 3 1
m 1 5 4
b 1
q 1
m 2 5 3
m 2 7 3
m 3 3 0
m 4 8 3
m 4 10 8
m 5 1 2
q 5
m 6 3 13
m 6 7 8
m 7 10 6
m 7 10 3
g 7 0 11
m 1 12 2
m 2 2 0
m 2 1 4
q 2
m 3 6 5
m 3 11 4
g 3 7 0
m 4 4 0
m 4 12 7
q 4
m 5 0 13
m 5 2 4
q 6
m 7 0 14
m 7 6 4
m 1 4 0
m 2 7 5
m 3 10 0
m 4 6 5
m 4 13 4
m 5 4 5
m 5 2 2
q 5
m 6 2 2
m 7 5 11
m 1 0 5
m 1 11 2
m 2 9 5
f 2
m 3 6 11
m 3 7 2
m 4 2 6
m 4 8 3
f 4
m 5 1 8
m 5 13 4
q 5
m 6 7 3
m 7 14 0
b 7
m 1 4 12
m 1 4 5
m 2 1 7
m 2 6 1
b 2
m 3 13 3
m 4 3 6
m 5 2 14
m 5 6 2
m 6 1 13
m 7 5 5
m 7 10 5
m 1 9 1
m 1 10 4
b 1
m 2 12 8
m 3 7 14
b 3
p
m 4 4 3
m 4 2 3
m 5 6 13
m 5 7 8
f 5
m 6 2 5
m 6 2 7
m 7 7 14
m 7 13 3
b 7
m 1 5 3
m 2 4 1
m 3 6 13
m 3 3 3
q 3
m 4 6 12
b 4
m 5 3 7
m 5 2 6
f 5
q 5
m 6 7 10
m 6 11 5
g 6 3 3
m 7 2 8
m 7 10 7
m 1 3 0
m 3 6 9
p
m 5 14 8
b 5
m 6 1 7
m 6 3 5
g 6 5 0
m 7 5 1
b 7
m 1 5 7
m 1 13 6
m 2 6 8
m 2 3 0
b 2
m 4 7 9
m 4 2 6
m 5 2 14
m 6 1 4
m 7 1 8
m 1 2 14
m 2 8 13
m 2 10 1
m 3 8 13
m 3 4 0
b 3
m 4 7 14
m 4 6 5
m 5 8 0
m 5 2 3
m 6 5 12
m 7 1 13
q 7
m 1 2 8
m 1 11 3
m 2 1 2
m 3 3 0
b 3
m 4 6 11
q 4
m 5 4 12
m 6 0 12
m 6 5 8
m 7 2 0
m 1 6 11
q 1
m 2 9 5
m 3 4 1
m 3 10 7
q 3
m 4 7 7
m 4 13 4
m 5 2 9
m 5 6 2
b 5
m 6 2 0
m 7 10 3
m 7 8 1
m 1 2 14
b 1
m 2 7 6
p
m 3 7 2
m 3 11 5
b 4
f 4
m 5 7 9
b 5
f 5
m 6 1 13
m 7 5 1
b 7
m 1 6 12
q 1
m 2 14 0
m 2 11 8
m 3 2 8
m 4 6 1
m 5 6 12
g 5 2 4
m 6 2 8
m 7 6 11
m 1 1 11
m 1 3 2
m 2 6 9
m 2 13 0
m 3 4 12
b 3
m 4 5 1
m 5 0 0
m 5 11 7
m 6 2 14
q 6
m 7 6 5
m 1 4 0
m 1 11 1
g 1 0 6
m 2 7 9
m 3 7 6
m 5 6 1
m 5 12 3
m 6 0 12
m 7 7 6
m 7 8 7
m 2 14 0
m 2 5 5
b 2
g 2 2 3
m 3 8 13
m 3 11 5
m 4 1 13
m 5 2 9
m 5 2 6
m 6 2 9
m 6 6 8
f 6
m 7 5 1
m 7 13 2
b 7
m 1 1 7
m 1 5 8
m 2 4 12
m 2 10 5
f 2
m 3 6 1
f 3
m 4 5 4
m 4 5 4
m 5 1 7
m 6 3 1
m 6 12 3
b 6
m 7 5 1
m 1 1 7
m 1 14 1
g 1 8 5
m 2 8 6
m 3 0 5
m 3 12 0
q 3
m 4 6 12
m 5 4 8
b 5
f 5
m 6 6 8
m 7 0 5
m 7 7 4
m 1 3 14
m 1 13 7
b 1
m 2 0 5
m 3 6 9
m 3 1 7
m 4 1 2
m 4 12 5
m 5 1 13
f 5
m 6 8 0
m 6 5 7
m 7 3 1
m 1 6 1
m 1 8 2
g 1 3 13
m 2 7 2
m 3 3 4
b 3
m 4 6 12
m 4 14 6
b 4
m 5 7 9
m 6 0 9
q 6
m 7 9 8
m 1 4 0
g 1 4 7
p
m 2 4 8
m 2 12 6
q 2
m 3 8 0
m 3 0 6
m 4 1 1
m 4 13 8
m 6 2 9
m 7 6 9
m 7 5 2
g 7 4 7
p
m 1 9 3
m 3 3 14
p
m 4 1 0
m 5 8 0
m 6 6 1
m 6 3 5
m 7 13 6
m 7 2 3
m 1 7 6
m 2 0 9
f 3
m 4 14 2
f 4
m 5 7 6
g 5 5 0
m 6 11 7
q 7
m 1 7 14
g 1 6 7
m 2 7 6
m 3 8 3
m 4 7 6

