B 10 5 6 4
m 1 4 8
m 1 2 3
m 2 4 2
m 3 6 2
m 4 3 2
b 4
m 5 0 3
m 5 6 4
m 6 2 0
m 1 2 1
f 1
m 2 0 8
m 2 2 3
m 3 4 1
m 3 7 4
p
m 5 2 3
m 5 1 2
m 6 3 1
m 6 5 4
b 6
m 1 5 3
m 2 1 0
m 2 5 3
f 2
m 3 1 3
f 4
m 5 0 0
m 6 4 1
m 1 8 4
m 1 9 1
m 2 3 9
m 2 7 4
b 2
f 2
m 3 3 4
f 3
q 3
m 4 4 3
m 4 8 4
q 4
m 5 1 5
m 5 7 3
g 5 4 7
m 6 2 9
m 6 9 4
q 6
m 1 5 4
m 2 8 2
m 2 3 3
m 3 2 0
m 3 1 0
m 4 1 8
m 4 9 2
m 5 7 0
p
m 6 4 0
m 6 7 0
m 1 1 1
m 2 9 4
m 2 0 1
m 3 2 0
p
m 4 1 9
m 4 1 0
b 4
m 5 2 0
m 5 2 0
f 5
m 6 0 3
m 1 4 4
b 1
m 2 2 7
b 2
q 2
m 3 2 0
m 3 5 3
m 4 4 2
m 5 2 2
m 5 8 1
q 5
g 5 0 1
m 1 3 8
m 1 4 2
m 2 1 0
m 2 9 4
m 3 3 8
m 3 2 0
m 4 1 9
f 4
m 5 1 2
m 5 0 3
b 5
m 6 1 5
m 6 2 0
m 1 1 8
m 2 0 6
m 2 6 3
g 2 3 0
m 3 1 7
m 4 2 5
m 4 2 3
m 5 2 0
m 6 0 2
m 6 4 0
f 6
m 1 1 5
m 2 3 8
m 2 8 4
m 3 0 1
m 4 5 3
m 5 1 8
m 5 5 1
b 5
m 6 3 3
m 1 3 9
m 2 6 2
g 2 2 2
p
m 3 3 8
m 3 6 1
m 4 4 2
m 4 3 0
m 5 9 4
m 6 6 1
b 6
m 1 4 0
b 1
m 2 0 6
m 2 2 1
m 3 8 4
m 3 6 3
m 4 2 3
g 4 0 2
m 5 1 9
q 5
m 6 3 1
m 1 3 2
m 2 7 0
m 3 3 7
m 4 4 4
m 4 9 0
m 5 1 5
m 5 7 4
m 6 6 2
m 6 2 0
f 6
m 1 0 4
m 1 3 4
m 3 1 9
g 3 4 8
m 4 1 7
m 4 4 0
b 4
m 6 1 9
m 1 4 2
m 1 7 4
m 2 5 1
m 3 4 3
m 3 7 4
f 3
m 4 3 9
m 4 9 4
q 4
m 5 3 3
m 6 0 6
m 6 1 2
m 1 0 1
m 2 1 9
m 2 7 1
f 2
m 4 1 0
m 5 0 7
m 5 9 0
b 5
q 5
m 6 0 6
m 6 5 0
f 6
q 6
m 1 7 2
m 2 4 0
m 2 5 1
m 3 6 0
b 3
m 4 1 8
m 4 6 3
b 4

