B 7 8 4 18
m 1 6 0
m 1 6 0
q 1
m 2 1 6
m 3 1 0
q 3
m 4 1 2
m 1 7 0
m 2 3 7
m 3 4 3
m 4 1 3
m 4 0 5
b 4
m 1 0 2
m 1 2 7
m 2 1 3
m 3 0 0
f 3
q 3
m 4 5 3
m 4 6 1
m 1 2 0
f 1
m 2 4 4
m 2 2 0
m 3 3 6
b 3
m 4 6 0
m 4 6 4
m 2 0 5
m 3 2 0
m 4 5 4
b 4
m 1 1 5
m 2 1 5
m 3 5 2
m 3 6 7
m 4 7 1
b 4
p
m 2 7 1
m 3 7 5
m 3 2 3
b 3
m 4 2 3
m 4 1 1
f 4
q 4
m 1 3 3
m 1 2 7
m 2 6 5
b 3
m 4 6 5
m 2 0 3
m 3 5 2
f 3
m 4 6 5
m 1 1 4
p
m 2 4 4
m 3 1 2
f 3
m 4 6 3
m 1 0 2
f 1
g 1 5 6
m 2 5 4
m 3 7 1
m 3 1 1
f 3
q 3
m 4 4 2
m 4 0 3
m 1 4 0
m 2 2 6
b 2
m 3 5 2
m 3 5 3
p
m 1 1 5
m 1 0 6
q 1
g 1 0 1
m 3 1 3
m 3 0 4
m 4 5 5
m 1 0 3
q 2
m 3 4 2
m 3 2 3
m 4 7 1
m 1 7 0
b 1
m 2 2 2
m 2 2 3
m 3 6 5
m 4 1 2
m 4 0 2
m 1 2 3
m 2 2 6
b 2
m 3 0 2
m 3 4 2
m 4 1 0
f 4
m 1 1 4
m 1 0 1
m 2 0 5
m 3 6 0
m 4 2 1
m 4 2 0
m 1 6 5
m 2 5 1
m 3 7 4
q 3
p
m 4 1 4
m 4 2 1
m 1 5 2
f 1
m 2 1 3
p
m 4 6 6
m 4 1 2
b 4
m 2 6 5
m 2 4 7
m 3 4 2
m 3 4 7
m 4 7 5
m 4 3 5
m 1 2 3
p
m 2 5 2
b 2
m 4 4 3
q 4
m 1 2 4
f 1
m 2 3 4
m 2 5 3
f 2
p
m 3 2 3
m 4 1 3
m 4 6 2
m 1 4 5
m 3 7 5
b 3
m 4 4 3
m 4 0 2
g 4 6 0
m 1 7 5
m 2 0 7
m 2 0 7
m 3 1 3
m 4 5 2
m 1 5 2
b 1
m 2 1 3
m 2 6 0
b 2
m 3 5 3
m 4 1 3
m 4 6 0
m 1 5 2
m 2 0 5
m 3 0 3
m 3 5 1
m 4 7 5
m 1 1 3
m 1 6 6
m 2 3 0
q 2
m 3 2 3
m 4 2 3
m 4 1 7
m 2 4 4
f 2
m 3 5 2
m 3 4 3
m 4 6 4
m 4 2 2

