B 6 16 4 31
m 1 14 1
m 2 14 1
m 2 0 4
m 3 13 4
m 4 9 4
m 4 3 8
m 1 6 1
f 1
m 2 4 9
q 2
m 3 0 15
m 4 3 2
q 4
g 4 9 4
m 1 14 2
b 1
g 1 8 3
m 2 7 2
m 2 2 14
m 3 6 5
m 4 11 5
b 4
m 1 7 2
m 2 5 13
q 2
g 2 15 0
m 3 6 4
m 3 4 13
m 4 5 8
m 4 3 10
m 1 1 1
m 2 0 14
m 2 2 7
p
m 4 15 5
m 4 0 6
m 1 8 4
m 1 4 6
m 2 0 2
m 3 4 14
m 3 5 5
b 3
m 4 15 4
m 2 0 5
m 2 2 5
q 2
m 3 4 4
m 4 2 6
m 1 12 0
m 1 3 15
m 2 1 9
p
m 3 3 2
m 4 7 3
g 4 14 2
m 1 12 2
q 2
g 2 1 1
m 3 4 1
q 3
m 4 3 3
f 4
q 4
m 1 11 4
m 2 12 4
m 2 5 7
m 3 0 1
m 3 3 8
q 3
m 4 6 5
m 4 4 3
q 4
q 1
m 2 1 6
m 2 3 13
f 2
q 2
m 3 1 14
m 3 1 13
m 4 5 9
m 4 2 10
m 1 4 10
m 1 4 5
m 2 11 0
g 2 13 4
m 3 9 0
q 3
g 3 15 3
m 4 3 0
m 4 4 8
q 4
m 1 10 0
m 1 0 1
m 2 0 8
m 3 10 5
m 3 3 9
m 4 3 13
m 4 1 12
m 1 11 1
m 1 0 9
m 2 15 4
m 2 4 5
m 3 15 4
m 3 5 12
q 3
m 4 14 5
m 4 0 6
m 1 14 5
m 1 0 15
b 1
f 1
m 2 2 12
f 2
m 3 0 6
b 3
m 4 4 2
m 4 5 5
m 1 3 2
m 1 4 13
m 2 2 2
m 3 5 1
m 3 2 0
m 4 11 3
f 4
q 4
m 1 0 1
m 1 5 4
m 2 2 3
m 2 3 0
q 2
m 3 7 1
m 4 1 7
m 4 5 3
f 4
m 1 4 3
m 1 1 2
m 2 1 2
m 4 7 3
m 4 3 11
m 2 15 2
m 2 5 6
b 2
m 3 15 1
q 3
m 4 0 10
b 4
f 1
m 2 5 4
m 3 13 0
m 3 0 15
m 4 10 1
m 1 7 3
m 1 1 2
q 2
m 3 7 0
m 3 2 6
m 4 1 12
m 4 4 5
m 1 5 4
m 1 4 7
m 3 1 2
m 3 1 14
f 3
m 4 1 4
f 4
m 1 15 2
m 1 3 2
f 1
m 2 5 13
m 3 4 2
m 3 1 12
m 4 4 11
m 1 15 2
m 1 5 6
m 2 1 2
m 3 4 4
m 4 3 6
m 4 5 10
p
m 1 9 2
m 1 3 15
q 1
m 2 5 1
m 2 5 11
m 3 15 4
m 3 3 12
f 3
m 4 0 5
m 4 0 6
m 1 0 4
m 2 3 1
m 3 9 2
m 4 1 9
m 4 2 12
m 1 4 4
m 1 0 8
m 2 3 0
m 2 4 8
q 2
m 3 4 3
m 3 4 6
b 3
m 4 3 8
m 4 5 1
m 1 2 11
m 1 0 6
b 1
m 2 0 5
m 2 2 12
g 2 4 5
m 3 5 15
m 4 5 12
m 1 3 0
m 1 1 8
m 3 10 1
m 3 4 11
g 3 10 4
m 4 14 3
m 4 3 2
m 1 8 2
m 2 0 1
g 2 13 4
p
m 3 15 4
m 3 0 10
m 4 15 1
g 4 3 2
m 1 1 11
m 2 4 2
m 3 5 3
f 3
m 4 2 7
m 1 0 5
m 2 15 2
m 3 12 0
f 3
q 3
m 4 0 0
m 4 2 13
f 4
m 1 4 6
m 1 5 12
g 1 0 2
m 3 14 5
m 3 5 15
b 3
q 3
m 4 12 0
m 1 13 0
m 1 4 10
m 2 14 5
m 2 4 7
m 3 0 5
q 3
m 4 0 10
m 1 15 1
m 1 3 11
f 1
m 2 1 14
m 2 0 12
m 3 5 15
m 3 4 6
m 4 1 2
m 4 3 0
m 1 11 0
m 2 1 13
f 2
m 3 3 3
f 3
m 4 3 0
g 2 0 2
m 3 11 0
m 3 4 6
m 4 10 1
m 1 9 2
m 1 4 14
b 1
m 2 15 2
m 2 4 13
m 3 3 1
m 3 4 11
m 4 5 3
m 1 2 6
m 1 2 11
q 1
m 2 14 5
q 2
m 4 5 9
f 4
g 4 11 1
m 1 2 2
m 1 2 14
q 1
m 2 5 9
m 4 2 12
m 4 0 8
m 1 10 1
m 2 13 0
p
m 3 0 5
m 4 3 14
m 1 0 1
f 1
m 2 0 1
m 2 5 15
b 2
m 3 8 2
m 3 5 8
m 4 3 11
m 1 11 0
m 2 0 9
m 2 1 15
m 3 1 11
m 4 15 2
m 4 3 13
m 1 2 14
q 1
m 2 4 3
m 3 8 2
g 3 7 4
m 4 7 3
q 4
m 1 2 12
m 2 2 5
m 2 0 15
p
m 3 4 3
m 4 2 10
m 4 4 6
m 1 4 3
m 1 3 11
m 2 0 12
m 3 1 2
q 4
m 1 3 1
m 2 5 3
m 2 2 10
m 3 9 2
m 3 5 1
m 4 3 1
m 1 5 8
m 1 1 7
m 3 5 10
m 4 5 3
m 4 0 7

