B 5 8 4 12
m 1 7 2
m 2 3 3
m 3 4 0
m 4 0 0
m 4 2 1
f 4
p
m 1 4 2
b 1
m 2 4 7
m 3 5 0
m 4 6 0
p
m 2 1 3
m 2 1 4
m 3 4 2
m 4 7 0
m 4 2 4
m 1 7 1
m 1 3 6
m 2 4 3
m 2 0 2
q 2
m 3 5 1
m 3 0 1
m 4 3 6
m 4 1 7
m 1 5 4
m 2 0 4
m 2 2 3
b 2
q 2
m 3 4 4
p
m 4 2 3
m 1 1 4
m 2 5 3
m 3 1 4
q 3
m 4 2 1
m 4 4 0
b 4
m 1 7 2
f 1
m 2 5 3
m 3 5 3
m 4 6 2
m 1 0 7
m 1 4 3
m 2 3 6
m 3 0 1
m 3 3 0
m 4 1 3
m 4 2 2
m 1 0 2
m 2 1 4
m 2 2 7
m 3 5 0
m 4 1 3
m 4 1 6
m 1 4 2
m 2 0 2
q 2
m 3 4 3
m 3 0 4
g 3 1 2
m 4 6 2
m 4 2 5
m 1 2 3
m 1 2 3
m 2 0 7
m 2 2 7
p
m 3 4 3
m 4 6 0
m 1 0 6
m 2 4 5
m 3 1 2
m 4 0 2
b 4
q 4
m 1 5 0
q 1
m 2 4 3
b 2
m 3 4 5
m 4 1 1
m 4 4 0
m 1 3 5
m 1 3 5
g 1 0 3
m 2 1 3
m 3 0 7
b 3
m 4 7 3
m 4 1 5
q 4
m 1 2 3
m 2 3 0
m 3 7 3
m 3 0 4
m 4 6 4
m 1 0 0
m 2 2 1
m 3 4 3
m 4 1 3
m 1 4 7
m 1 2 0
m 2 6 2
m 2 0 0
m 3 1 4
m 3 0 2
m 4 7 3
m 4 0 1
m 1 1 4
m 1 0 6
g 1 5 2
m 2 4 3
m 2 4 2
m 3 5 0
m 3 1 0
b 3
f 3
m 4 4 3
m 1 4 3
m 1 2 6
m 2 7 3
g 2 7 0
m 1 1 3
m 1 0 5
m 2 3 1
m 2 1 0
m 3 0 4
m 4 7 3
m 4 1 1
b 4
q 4

