B 13 14 5 44
m 1 0 0
m 2 11 7
m 2 9 5
m 3 5 7
m 3 5 1
m 4 2 11
m 4 10 7
m 5 6 8
m 5 10 13
m 1 9 3
m 2 11 3
p
m 3 8 0
m 4 10 5
m 5 8 8
q 5
m 1 8 0
q 1
m 2 6 8
m 2 11 13
b 2
m 3 5 5
m 4 5 12
m 5 1 4
m 1 7 1
m 1 7 7
m 2 4 6
m 2 12 8
g 2 1 5
m 3 2 6
m 3 5 11
q 3
m 4 12 3
p
m 5 9 4
m 5 8 6
b 5
f 5
m 1 2 10
p
m 2 8 2
m 3 11 4
m 3 7 3
m 4 2 6
m 5 9 5
m 1 5 11
p
m 2 6 6
m 2 3 13
m 3 5 11
m 3 4 13
m 4 1 4
m 4 8 3
m 5 3 12
m 5 9 0
m 1 4 2
g 1 8 6
m 2 4 2
m 2 11 4
m 3 5 2
m 4 0 9
m 5 3 5
m 1 1 3
q 1
g 1 2 8
m 2 11 6
m 2 7 9
m 3 11 9
m 4 4 0
m 5 12 3
m 5 5 1
m 1 12 8
m 1 4 7
m 2 5 12
m 2 6 1
g 2 11 2
m 3 13 2
f 3
m 4 11 3
m 4 5 7
m 5 4 3
m 1 8 2
m 2 9 13
m 2 1 6
g 2 3 12
p
m 3 3 8
m 3 1 5
q 3
g 3 10 2
m 4 6 6
m 5 12 6
m 5 9 10
f 5
m 1 7 12
m 1 7 11
m 2 10 7
b 2
m 3 9 8
b 3
m 4 10 6
m 5 8 5
p
m 1 2 2
m 1 12 7
m 2 4 2
m 2 6 0
b 2
m 3 8 12
b 3
m 4 8 1
m 4 1 7
f 4
m 5 3 1
m 1 12 4
m 1 3 5
b 1
m 2 11 8
m 2 2 12
q 2
m 3 10 3
m 4 3 3
m 4 11 2
q 4
m 5 1 10
m 1 1 8
q 1
m 2 5 11
m 2 11 9
b 2
g 2 11 2
m 3 8 0
m 3 2 7
b 3
g 3 6 6
m 4 10 7
m 5 5 12
m 1 7 3
m 2 13 12
m 3 0 1
m 3 0 10
f 3
m 4 1 1
m 4 12 8
m 5 10 8
m 5 12 3
m 1 0 3
m 2 5 6
m 3 6 7
f 3
m 4 2 10
m 5 3 11
m 5 9 4
f 5
m 1 4 2
m 1 12 13
m 2 1 9
m 3 10 9
m 3 8 4
m 4 12 4
f 4
m 5 5 2
p
m 1 2 8
b 1
m 2 9 12
f 2
g 2 8 3
p
m 3 1 11
m 3 5 13
q 3
m 4 5 3
m 5 2 7
m 5 3 5
m 1 5 1
m 1 9 6
g 1 10 9
m 2 0 11
m 2 0 2
b 2
m 3 11 4
m 3 11 10
g 3 3 4
m 4 4 5
m 5 5 11
f 5
m 1 9 13
m 2 0 12
m 2 10 3
m 3 0 7
m 3 10 11
m 4 6 11
b 4
m 5 9 4
b 5
m 2 12 6
f 2
m 3 9 2
m 4 9 3
m 5 7 12
p
q 1
m 2 9 6
m 2 4 6
m 3 11 9
m 5 1 12
m 1 1 12
m 1 3 3
m 2 10 11
m 3 5 12
m 3 9 1
b 3
f 3
m 4 5 7
q 4
g 4 8 2
m 5 3 6
m 1 11 11
m 2 5 3
m 2 9 5
m 3 0 7
m 3 4 3
m 4 13 6
m 4 4 5
m 5 10 12
b 5
m 1 2 7
p
m 2 10 3
m 3 4 10
m 3 8 4
f 3
m 4 10 0
m 4 2 6
m 5 4 12
m 5 12 3
b 5
m 1 7 9
q 1
m 2 2 3
m 2 2 6
m 3 13 8
g 3 8 1
m 4 10 1
m 5 2 3
m 5 6 12
m 1 9 3
g 1 4 8
m 2 6 0
m 2 1 0
b 2
p
m 3 4 7
m 3 4 6
m 4 5 7
b 4
q 4
m 5 3 13
q 5
m 1 12 2
b 1
m 2 9 9
m 3 5 2
m 3 9 8
b 3
m 4 10 3
m 4 12 2
q 4
p
m 5 8 1
m 5 12 10
g 5 11 0
m 1 11 11
q 1
m 2 13 1
m 2 2 3
f 2
m 4 6 7
m 5 12 11
m 5 0 4
m 1 6 10
m 2 3 13
m 3 1 7
m 3 5 8
m 4 8 10
m 4 5 11
f 4
m 5 9 11
b 5
m 1 9 6
m 1 12 10
m 2 10 11
m 2 5 5
m 3 0 12
m 3 11 11
m 4 5 7
m 4 1 4
m 5 9 5
m 1 13 8
m 1 9 0
f 1
m 2 4 5
m 2 4 2
m 3 8 7
m 3 5 11
m 4 5 12
m 5 9 8
m 5 2 3
m 1 1 11
m 2 5 3
p
m 3 4 2
b 3
m 4 2 1
m 1 9 8
q 2
m 3 9 12
m 3 0 8
q 3
m 4 13 2
m 4 4 6
q 4
m 5 0 7
m 5 8 13
m 1 3 9
m 2 5 11
m 2 0 9
m 3 11 4
b 4
m 5 10 10
m 1 10 5
f 1
p
m 4 0 12
m 5 2 1
m 5 12 1
m 1 13 1
m 1 6 4
m 2 2 3
m 2 2 12
m 3 0 11
m 3 10 5
f 3
m 4 1 11
p
m 5 8 0
m 1 8 7
m 2 9 2
m 3 13 7
m 4 12 1
f 4
m 5 1 9
m 5 5 12
g 5 2 8
m 1 9 2
m 2 2 13
m 3 13 7
m 3 7 11
q 3
m 4 6 0
m 4 6 7
m 1 9 8
m 1 11 13
g 1 0 8
m 2 5 0
m 3 5 12
m 4 3 6
b 4
m 5 5 0
m 1 0 12
m 2 5 11
m 2 0 3
m 3 5 12
m 3 12 2
b 3
m 4 8 4
m 4 1 11
m 5 0 3
m 5 12 4
p
m 1 9 5
f 1
m 3 0 12
m 3 8 11
m 4 1 4
b 4
m 5 9 3
m 5 10 3
m 1 11 4
m 2 12 11
q 2
m 3 0 0
m 3 12 1
f 3
m 4 0 11
b 4
m 5 2 7
m 5 5 5
m 1 10 5
m 1 2 7
m 2 11 4
m 3 2 5
m 4 2 10
m 1 9 3
q 1
m 2 4 7
m 3 2 6
m 3 6 2
m 4 10 7
m 4 12 4
m 5 2 3
m 5 3 1
m 1 9 5
m 2 3 6
m 2 10 6
m 3 2 10
m 3 6 11
m 4 7 9
m 4 0 4
m 5 13 7
m 1 13 6
m 2 1 4
f 2
m 3 0 2
m 3 10 13
q 3
m 4 4 3
f 4
m 5 7 9
m 5 9 5
m 1 10 0
m 1 7 5
q 1
m 2 13 6
m 2 12 13
m 3 9 5
m 3 10 5
b 3
m 4 4 4
m 4 5 11
m 5 4 3
m 1 0 7
b 1
m 2 5 6
g 2 2 8
p
m 3 8 7
m 3 9 7
b 3
m 4 6 10
q 4
b 5
m 1 7 2
m 1 6 13
m 2 10 3
b 2
q 2
m 5 1 4
m 1 3 0
b 1
m 2 8 7
m 2 6 12
q 2
m 3 7 3
m 4 6 2
m 5 8 12
m 1 6 8
m 1 9 10
f 1
m 2 6 10
f 2
m 3 10 3
m 4 4 10
m 4 0 4
m 5 6 0
m 1 12 12
m 1 5 13
m 2 7 13
f 2
m 4 2 13
p
m 5 9 6
q 5
g 5 2 9
m 1 11 6
m 2 2 1
m 3 5 0
m 3 3 5
m 4 12 9
m 5 9 2
m 5 11 6
m 1 10 13
m 2 8 7
g 2 11 7
b 3
m 4 6 0
f 4
m 5 13 0
m 5 3 11
m 2 10 10
m 3 10 5
m 3 9 4
b 3
p
m 4 1 4
m 4 11 13
m 5 1 13
f 5
m 1 9 6
m 2 9 6
m 2 4 10
p
m 4 8 4
m 4 3 0
f 4
m 5 10 7
m 1 3 6
f 1
m 2 4 5
g 3 11 2
p
m 4 5 6
q 4
m 5 2 1
m 5 7 2
m 1 10 3
b 1
q 1
m 2 10 5
m 4 0 2
m 4 5 10
m 5 4 2
m 5 10 5
m 1 6 0
m 1 7 8
m 2 10 7
m 3 4 10
b 3
p
m 4 5 6
m 4 1 0
f 4
m 5 9 4
m 5 3 7
m 3 5 12
f 3
m 4 6 0
m 4 9 12
b 4
m 1 3 6
m 2 4 4
m 3 13 0
m 3 0 11
f 3
b 4
g 4 10 0
m 5 5 6
m 1 8 13
m 2 11 3
f 3
p
m 4 3 6
m 4 2 1
m 5 0 11
m 5 8 4
q 5
m 1 3 13
m 1 12 1
m 2 13 0
m 2 5 8
m 3 9 7
m 3 0 5
m 4 9 5
m 4 1 1
m 5 7 6
q 5
m 1 9 5
m 1 0 9
m 2 11 2
m 2 4 9
g 2 4 2
m 3 5 6
m 4 4 2
m 4 6 0
m 5 0 11
m 5 11 7
m 1 1 2
m 1 3 5
m 2 4 7
f 2
m 3 5 1
m 4 0 12
m 4 4 9
m 5 4 7
m 5 4 5
m 1 4 2
m 2 4 5
m 3 4 2
m 3 7 5
m 4 4 3
m 4 6 3
m 5 10 13
m 5 7 6
m 1 6 0
q 1
m 2 5 9
m 2 11 4
p
m 3 10 3
m 3 4 12
f 3
m 4 4 2
m 4 0 7
m 5 11 4
m 5 7 8
q 5
g 5 7 1
m 1 11 5
f 1
q 1
m 2 0 2
m 3 0 7
m 3 1 13
m 4 4 3
m 4 8 4
f 4
m 5 4 3
b 5
q 5
m 1 0 13
m 3 4 10
m 5 9 8
m 1 1 4
m 2 4 2
m 3 6 0
m 3 3 3
m 4 8 2
m 4 6 3
q 4
g 4 6 3
m 5 6 0
q 5
m 1 7 4
m 2 8 3
m 3 6 6
m 3 10 3
f 3
m 4 1 9
m 5 11 6
m 1 12 11
m 1 11 1
m 2 9 8
m 2 0 11
b 2
f 2
m 3 5 12
m 3 12 3
m 4 5 12
b 4

