B 15 10 9 13
m 1 5 10
m 2 8 6
f 2
m 3 7 10
m 3 2 4
q 3
m 4 9 13
m 5 4 1
m 5 14 4
p
m 6 1 0
m 6 3 6
m 8 2 0
m 9 0 8
m 1 6 12
m 2 9 4
m 2 6 0
m 3 9 6
m 3 12 3
f 3
m 4 4 1
m 5 3 13
m 6 8 1
m 7 6 6
m 7 8 9
m 8 3 9
m 8 8 5
b 8
m 9 5 4
m 1 3 13
g 1 0 1
m 2 4 7
m 2 4 5
m 3 7 2
m 3 12 9
q 3
m 4 7 11
m 4 11 4
m 5 0 5
m 6 3 10
m 6 8 1
m 7 7 3
b 7
m 8 4 2
m 9 3 2
m 9 5 5
m 1 7 2
m 2 2 14
f 2
m 3 9 4
f 3
m 4 11 9
m 5 5 5
m 5 4 4
m 6 6 0
m 7 0 13
p
m 9 1 2
m 1 9 1
m 1 5 4
m 2 2 2
m 2 3 9
m 3 11 6
m 4 3 0
m 6 8 8
m 7 2 0
m 7 0 7
f 7
m 8 1 1
m 9 8 4
m 1 4 1
m 1 0 3
q 2
m 3 2 5
m 3 6 3
m 4 9 7
f 4
p
m 5 7 0
m 5 10 8
m 6 0 5
m 7 2 6
m 7 3 2
b 7
m 8 3 13
q 8
m 9 14 7
m 9 12 5
m 1 7 1
m 1 10 3
m 2 6 0
m 3 9 0
m 3 10 3
q 3
m 4 9 1
m 5 0 5
m 5 5 4
q 5
m 6 8 3
m 7 9 1
m 7 10 1
m 9 6 13
m 9 4 1
g 9 8 8
f 1
m 2 6 10
m 3 2 8
p
m 4 8 0
b 4
f 4
q 4
m 5 11 1
b 5
m 6 2 14
m 7 2 9
f 7
m 8 0 2
p
m 9 2 6
m 1 1 6
b 1
m 2 8 4
m 3 6 7
m 4 2 10
m 5 6 10
m 5 5 0
m 6 4 10
f 6
m 7 4 10
m 8 1 3
m 8 11 0
m 9 4 3
m 1 6 13
m 2 7 3
m 2 14 6
p
m 3 1 0
m 4 13 2
m 5 5 2
m 6 9 5
m 7 3 2
m 8 7 0
m 8 9 9
m 9 11 6
m 1 9 7
m 1 10 7
m 2 4 7
m 4 5 6
m 4 9 3
m 5 8 6
b 5
m 6 12 3
q 6
m 7 7 7
m 7 10 1
m 8 5 3
m 8 1 9
m 9 10 4
m 1 14 3
m 1 6 0
m 2 8 3
b 2
q 2
m 3 7 1
m 4 8 5
m 5 5 4
m 5 8 1
m 6 8 6
m 7 10 9
m 7 7 6
m 8 9 7
m 9 3 2
m 9 5 5
m 1 6 0
m 2 1 3
m 4 10 7
q 4
m 5 8 7
b 5
m 6 6 0
b 6
q 6
m 7 1 7
m 8 14 7
m 8 4 9
m 9 4 12
m 1 1 5
m 2 9 1
m 3 8 14
m 3 11 8
f 3
g 4 2 5
m 5 8 5
b 5
m 6 5 5
m 7 8 9
m 7 11 1
q 7
m 8 9 0
m 9 6 7
m 1 9 0
m 2 0 0
m 3 1 0
m 3 14 4
f 4
q 4
m 5 6 0
m 5 3 4
f 5
m 6 8 12
m 6 11 4
m 7 4 9
m 7 12 3
m 8 5 3
b 8
m 9 2 10
m 1 2 6
m 2 5 7
q 2
p
m 4 11 1
g 4 6 14
m 5 0 6
m 5 10 1
m 6 11 5
f 6
m 7 7 2
m 7 5 6
m 8 4 3
b 8
m 9 8 13
m 9 14 2
m 1 2 10
p
m 2 12 3
g 2 2 7
m 3 2 2
m 4 1 0
p
m 5 4 13
m 5 14 6
m 6 7 2
m 7 9 4
m 7 5 2
b 7
q 7
m 8 2 9
m 9 14 9
m 1 12 4
m 2 9 7
m 3 0 10
m 4 0 8
g 4 7 0
m 5 5 10
m 5 1 5
m 6 5 3
m 6 9 0
m 7 0 4
m 8 2 8
m 8 1 4
m 9 0 1
m 9 2 1
m 1 0 12
m 2 14 6
m 3 8 7
m 4 4 7
m 5 0 12
m 5 12 0
m 6 7 2
m 6 4 0
m 7 11 8
m 7 6 1
b 7
g 7 0 12
m 8 4 7
f 8
q 9
m 1 12 9
m 1 11 2
m 2 1 12
m 3 8 12
m 4 0 3
m 5 10 9
m 5 13 4
f 5
g 5 6 11
m 6 3 13
m 6 12 8
m 7 1 1
m 7 13 8
b 7
m 8 0 13
m 9 7 2
m 9 8 6
f 9
m 1 11 5
m 1 11 5
m 2 6 13
m 2 3 0
m 3 0 1
m 3 3 5
m 4 8 1
m 5 9 13
m 5 9 6
q 5
m 6 14 2
m 7 7 2
m 8 0 6
m 8 11 5
f 8
q 8
m 9 10 3
m 9 3 3
m 1 8 6
m 2 4 7
m 2 1 2
m 3 7 3
m 3 12 3
m 4 2 6
m 5 3 11
m 5 10 4
f 5
q 5
m 6 1 2
m 6 5 2
m 7 5 13
m 7 8 5
m 8 3 2
m 8 4 4
m 9 7 3
m 9 9 8
m 1 3 13
m 2 13 1
m 3 5 4
m 4 2 9
m 5 11 8
m 6 9 7
q 6
m 8 2 7
m 8 3 0
m 9 8 7
m 9 8 7
m 1 9 7
m 1 3 8
m 2 5 9
q 2
m 3 2 0
m 4 9 6
m 5 0 13
m 6 7 12
m 6 4 4
m 7 11 0
m 7 8 3
m 8 14 6
m 9 6 12
m 1 5 7
m 1 8 3
m 2 9 13
m 2 5 3
m 3 2 9
m 3 13 9
m 4 13 5
m 4 0 9
f 4
q 4
m 5 8 5
m 5 7 9
q 5
m 6 0 10
m 6 10 8
b 6
m 7 6 4
m 7 6 3
m 8 8 1
m 8 4 7
m 9 1 14
m 9 5 1
m 1 5 14
m 1 7 0
q 1
g 2 5 13
m 3 2 12
m 4 4 4
m 5 1 12
m 5 2 0
m 6 2 10
m 6 6 4
p
m 7 6 10
m 8 8 1
m 9 0 10
m 9 1 7
q 9
m 1 6 12
m 1 8 4
m 2 4 7
m 2 4 7
m 3 9 6
m 3 8 4
m 4 7 3
b 4
m 5 10 8
m 6 2 6
q 6
m 7 8 1
m 8 2 6
m 9 11 2
m 9 12 6
m 1 4 7
m 2 5 6
m 2 3 1
m 3 6 10
m 4 8 14
m 4 5 1
q 4
m 5 1 5
f 5
m 6 13 3
m 7 0 0
m 8 8 7
f 8
m 9 5 7
m 9 1 7
m 1 2 9
b 1
m 2 2 6
m 2 1 9
q 2
p
m 3 3 2
m 3 2 7
q 4
g 4 7 6
m 5 3 2
m 5 6 0
m 7 8 5
m 7 5 5
m 8 11 9
m 8 4 4
m 9 1 2
g 9 3 13
m 1 4 7
m 1 0 5
m 2 8 4
m 2 10 5
m 3 7 6
m 4 3 7
m 5 2 9
m 5 13 8
m 6 8 3
m 8 9 6
m 8 1 9
m 9 3 11
m 9 14 5
g 9 6 1
m 1 3 2
m 1 12 9
f 1
m 2 3 11
m 3 10 3
m 4 0 14
m 5 0 10
m 5 2 1
f 5
m 6 7 12
m 6 2 6
m 8 7 12
m 8 13 3
m 9 6 4
g 1 7 6
m 2 0 2
m 3 0 13
p
m 4 2 9
m 4 6 8
b 4
m 5 4 7
m 6 14 7
m 6 11 2
q 7
m 8 2 9
m 9 12 0
m 1 14 5
p
m 2 6 5
m 3 1 9
m 5 12 7
m 5 3 2
m 6 6 4
m 7 7 13
m 7 1 9
m 8 0 13
m 9 8 14
m 1 0 0
m 2 12 4
g 2 0 0
m 3 9 6

