B 13 20 9 26
m 1 0 10
m 1 10 4
m 2 16 11
b 2
m 3 14 5
m 3 9 12
m 4 15 4
m 4 11 1
m 5 4 10
m 5 9 5
m 6 7 11
b 6
m 7 11 9
m 7 8 16
m 8 12 0
m 8 8 16
b 8
m 9 7 6
g 9 9 6
m 1 2 4
m 2 12 10
q 2
m 4 16 3
m 4 5 12
m 5 17 10
m 7 19 3
m 8 10 14
m 8 9 4
m 9 12 0
m 9 10 18
m 1 2 6
b 1
m 2 1 18
m 3 8 2
b 3
m 4 7 4
m 4 4 9
m 5 8 10
m 5 12 4
m 6 12 17
b 6
m 7 1 9
m 8 7 0
m 9 8 17
f 9
m 1 17 3
m 2 5 4
f 3
g 3 4 7
m 4 18 7
m 4 9 7
m 5 11 6
m 5 3 0
m 6 1 10
m 7 7 15
m 8 1 1
m 8 6 17
m 9 11 0
q 9
m 1 11 12
m 1 8 16
q 2
m 3 13 3
m 4 8 11
m 4 9 15
m 5 8 7
m 6 10 5
m 7 1 11
m 7 10 16
q 7
m 8 15 2
b 8
m 1 18 3
m 2 3 11
m 3 5 1
m 4 7 6
m 4 5 4
m 5 9 14
m 5 5 14
b 5
m 6 12 5
m 6 10 4
f 6
m 7 13 12
g 7 11 3
m 8 6 10
m 8 4 9
m 9 6 6
m 1 7 16
m 2 2 4
m 2 2 4
f 2
m 3 17 3
q 4
m 5 12 12
m 6 14 2
m 7 17 1
m 8 3 11
m 9 2 2
g 9 2 8
m 1 1 9
f 1
m 2 17 9
m 2 12 18
b 2
m 3 4 12
m 4 12 6
m 5 8 8
m 5 0 6
m 6 2 17
b 6
m 7 8 11
m 7 5 9
m 8 10 3
m 8 7 11
m 9 18 5
m 1 6 1
m 2 9 0
m 3 8 3
m 3 10 0
m 4 10 5
m 4 5 4
m 5 15 10
m 5 3 10
m 6 15 1
m 6 8 7
m 7 2 11
m 7 6 4
q 7
m 8 8 11
b 8
q 8
m 9 9 12
m 1 12 10
m 1 3 13
m 3 11 9
m 5 3 2
m 6 0 13
m 6 12 5
m 7 6 1
m 8 4 3
m 9 10 12
q 9
m 1 16 6
m 1 9 14
m 2 2 7
f 2
m 3 4 12
m 4 0 11
m 4 10 19
b 4
m 5 14 12
m 6 15 1
m 7 3 12
m 8 0 16
p
f 9
m 2 8 0
m 2 6 14
q 2
m 3 15 8
m 4 10 9
m 4 11 7
m 5 15 12
m 5 2 4
m 6 11 2
m 7 13 8
m 7 9 13
q 7
m 8 10 5
m 9 9 8
m 9 2 4
g 9 18 1
m 1 0 10
b 1
m 3 16 1
m 4 10 9
f 4
m 5 17 3
m 5 10 1
m 6 10 8
m 7 7 7
m 7 2 11
m 8 11 2
b 8
q 8
m 9 15 1
m 9 9 10
m 1 1 19
m 1 11 4
m 2 16 11
m 2 6 6
m 3 13 12
m 3 0 11
b 3
m 4 2 7
m 4 10 16
m 5 13 10
m 5 0 18
f 5
m 6 1 0
m 6 6 15
p
m 7 15 10
b 7
m 8 8 15
m 9 5 2
f 9
m 1 1 16
m 2 2 8
m 4 16 3
m 4 3 4
q 4
m 5 8 9
m 5 8 11
b 5
m 6 19 3
m 6 1 6
f 6
m 7 8 10
m 8 9 12
m 9 14 1
m 1 15 1
m 1 10 8
m 2 8 12
m 3 4 4
m 3 6 14
q 3
m 4 1 16
m 5 17 10
m 5 0 2
g 5 11 12
m 6 10 2
q 6
m 7 5 8
m 8 11 6
m 8 11 10
m 9 1 8
m 9 11 4
m 1 3 12
m 1 12 13
m 2 0 5
m 3 6 10
m 3 7 11
m 4 4 8
p
m 5 5 11
f 5
m 6 19 3
p
m 7 6 4
m 8 2 7
m 8 8 15
m 9 7 6
f 9
m 1 6 3
m 1 9 13
m 2 10 1
m 3 10 14
m 3 10 17
g 3 15 7
m 4 2 7
m 4 5 17
m 5 9 17
m 5 9 13
m 6 19 8
f 6
m 7 6 8
m 7 11 8
f 7
m 8 1 12
p
m 9 7 4
m 1 2 3
m 2 9 2
m 2 8 8
q 2
m 3 4 10
m 4 0 2
m 4 8 15
b 4
m 5 4 2
m 5 4 3
m 6 5 7
m 6 6 9
m 7 15 11
m 8 1 1
m 9 17 3
m 1 10 18
p
m 2 2 0
m 2 7 18
m 3 5 18
m 3 1 10
f 3
m 4 3 3
m 4 11 8
m 5 15 5
m 5 5 17
b 5
m 6 11 9
m 7 19 6
m 7 1 2
m 8 13 1
m 9 13 11
m 1 11 13
g 1 12 3
m 2 7 0
f 2
m 3 12 19
m 5 12 2
p
m 6 10 13
m 6 12 16
m 7 0 14
m 8 13 2
m 8 5 11
p
m 9 3 18
m 1 1 3
m 2 0 9
m 2 7 6
m 3 9 10
m 4 17 1
m 5 18 4
m 6 3 7
m 6 2 14
m 7 4 4
m 8 19 3
m 8 4 6
m 9 11 9
m 2 14 3
m 3 19 6
m 4 13 6
m 4 10 0
q 4
m 5 11 9
m 5 8 16
p
m 6 19 0
m 6 6 4
m 7 1 9
p
m 8 6 9
m 8 2 15
m 9 5 1
m 9 1 10
m 1 19 5
m 2 5 3
m 2 9 3
m 3 0 6
m 3 2 19
q 3
m 4 1 0
b 4
m 5 18 9
m 5 9 10
m 6 3 7
m 6 10 13
m 7 11 1
m 7 5 18
m 9 19 9
m 9 7 11
m 1 11 2
b 1
m 2 8 15
m 3 15 10
m 3 11 1
m 4 1 2
m 4 10 7
b 4
m 5 15 5
q 6
m 7 4 1
m 8 8 7
f 8
m 9 12 7
m 1 13 6
m 1 10 6
m 2 3 1
m 3 3 11
m 4 0 10
m 5 14 11
m 5 0 5
f 5
m 6 12 3
f 6
m 7 11 11
m 7 1 6
m 8 11 1
m 9 19 7
m 2 7 0
m 2 7 16
m 3 9 15
m 4 3 7
q 4
m 5 11 4
f 5
m 6 6 5
m 6 0 19
m 7 4 1
m 7 12 12
p
m 8 9 14
m 8 2 19
m 9 13 6
m 9 10 5
b 9
m 1 14 11
m 1 4 1
b 1
q 1
m 2 1 9
m 2 6 2
b 2
m 3 15 5
m 3 6 14
q 3
m 4 5 17
m 5 16 3
m 5 9 10
f 5
m 6 1 2
m 6 4 3
m 7 0 0
m 7 5 15
m 8 15 10
q 8
m 9 13 6
m 9 10 11
m 1 16 3
m 1 12 8
m 2 8 3
m 2 4 5
m 3 7 4
m 4 12 14
m 4 4 5
m 5 12 7
m 5 3 3
b 5
m 6 18 2
m 6 1 12
m 7 14 4
m 7 1 8
p
m 8 16 2
f 8
m 9 9 15
m 1 0 0
m 2 1 7
p
m 3 5 5
m 4 19 7
m 4 12 15
m 5 6 3
m 6 14 1
m 6 8 19
m 7 1 9
m 8 6 14
m 9 6 19
m 9 8 10
m 1 8 9
f 1
m 2 5 11
b 2
f 2
m 3 1 5
m 4 4 14
m 5 2 15
f 5
m 6 14 1
m 7 5 15
m 8 3 12
m 8 1 11
m 9 5 8
m 1 5 14
m 1 12 18
m 2 4 7
m 3 4 6
m 3 9 15
m 4 7 6
m 4 1 7
b 4
m 5 0 5
q 5
m 6 5 6
m 6 0 0
m 7 13 4
m 7 3 5
m 8 15 10
m 8 12 2
m 9 17 7
m 9 9 4
m 1 2 4
g 1 2 3
m 2 15 10
m 3 13 4
m 5 3 7
m 5 9 2
m 6 15 3
m 6 1 12
b 6
p
m 7 7 2
p
m 8 1 12
b 8
p
m 9 19 4
m 9 1 18
b 9
m 1 1 19
m 1 8 18
b 1
m 2 11 10
m 2 11 1
m 3 12 5
m 3 4 4
f 3
m 4 10 18
m 5 11 12
m 6 16 2
m 6 8 0
m 7 16 6
m 7 6 2
q 7
m 8 13 1
m 8 12 5
m 9 4 1
m 1 1 17
m 2 1 0
m 2 3 19
p
m 4 0 5
m 4 2 14
m 5 5 9
m 5 7 6
b 5
m 6 15 11
p
m 7 7 14
f 7
m 8 9 13
b 8
f 8
m 9 18 4
m 1 6 3
m 1 8 9
q 1
m 2 5 16
f 2
m 3 8 1
b 3
m 4 4 2
m 4 4 18
b 4
g 4 15 2
m 5 16 3
f 5
m 6 10 2
m 7 10 10
m 8 13 8
f 8
m 9 2 7
m 1 12 16
q 1
m 2 15 11
m 4 2 14
p
m 5 13 2
m 5 0 10
m 6 9 2
m 6 6 0
m 7 13 5
m 8 2 15
b 8
m 9 7 6
q 9
m 1 4 8
m 2 9 6
m 2 8 7
q 2
m 3 9 11
b 3
m 4 19 9
m 5 3 7
m 5 2 0
m 6 7 6
m 7 0 4
m 7 11 4
m 8 16 9
m 9 1 7
m 1 16 3
m 1 7 13
b 1
m 2 10 2
m 2 1 17
f 2
m 3 10 15
m 4 13 8
m 4 8 11
m 5 9 2
m 7 12 0
f 7
m 8 10 7
q 8
m 9 17 4
m 9 9 11
m 1 3 7
m 2 16 3
q 2
m 3 8 3
m 4 15 1
m 5 8 3
m 6 17 3
m 6 10 9
m 7 7 9
b 7
m 8 11 12
m 8 9 8
m 9 10 2
b 9
f 9
m 1 11 12
m 1 6 13
f 1
m 2 12 2
m 2 12 16
q 2
m 3 14 1
m 3 11 18
m 4 1 4
m 4 7 18
m 5 12 8
m 5 5 1
m 6 16 6
m 7 0 8
m 9 2 11
m 9 0 5
m 1 7 2
m 1 12 10
m 2 1 1
m 2 5 14
p
m 3 15 4
m 4 10 10
m 4 6 3
m 5 18 2
m 5 6 18
f 5
m 7 16 9
m 7 2 10
m 8 5 19
m 8 0 9
m 9 18 9
m 9 6 13
m 1 12 14
m 1 8 14
m 2 9 12
m 3 1 9
m 4 9 12
m 4 12 10
m 5 3 5
m 6 6 8
m 7 0 4
q 7
g 7 19 5
m 8 8 11
m 9 5 8
m 1 16 11
m 1 3 7
m 2 1 9
m 3 17 3
m 3 2 14
m 4 7 6
m 5 16 6
g 5 13 12
m 6 16 3
p
m 7 5 0
m 7 2 7
q 7
m 8 1 4
m 9 7 6
m 9 12 2
b 9
f 9
m 1 8 5
m 2 8 7
m 2 9 8
m 3 10 18
p
m 4 15 11
m 5 4 18
m 6 12 7
m 6 10 9
g 6 0 11
m 7 11 1
m 8 12 2
m 8 8 19
m 9 0 4
m 9 6 8
g 9 16 1
m 1 12 6
m 1 7 16
q 1
m 2 19 4
m 2 11 9
m 3 5 11
m 3 4 14
m 4 4 9
m 5 10 5
m 6 13 8
m 7 8 3
m 7 11 11
f 7
m 8 18 9
m 9 13 5
m 1 10 7
m 1 9 0
b 1
g 1 10 10
m 2 3 10
m 2 9 6
m 3 18 2
q 3
m 4 11 12
m 5 9 3
p
m 6 3 11
m 7 16 9
q 7
m 8 2 15
m 9 15 4
f 9
m 1 2 16
m 1 10 3
m 2 0 0
m 2 6 9
m 4 10 5
m 4 3 1
m 5 12 0
m 6 6 5
m 6 11 19
m 7 11 4
m 7 3 13
m 9 1 4
m 1 12 6
m 2 16 4
m 2 11 1
b 2
m 3 7 10
f 3
m 4 6 3
m 4 2 4
m 5 2 2
m 5 3 6
f 5
m 6 13 1
m 6 2 0
p
m 7 0 19
b 7
m 8 7 0
m 8 9 9
q 9
m 1 9 14
m 1 1 2
b 1
m 2 12 2
m 2 8 10
m 3 11 6
m 4 7 0
m 4 12 5
q 4
p
m 5 18 2
m 6 18 2
m 6 10 17
b 6
q 6
m 8 12 0
m 1 10 5
m 1 1 1
q 1
m 2 13 4
b 2
m 3 10 13
m 4 5 18
m 4 7 0
m 5 7 6
f 5
m 6 7 6
q 6
m 7 8 2
f 7
m 8 10 9
q 8
b 9
g 9 3 3
m 1 5 2
m 1 6 17
q 1
m 2 16 11
f 2
m 3 13 2
m 3 2 5
m 4 17 3
m 5 17 3
m 5 12 15
m 6 4 10
m 7 2 11
m 8 7 10
q 8
m 9 15 11
m 9 10 10
b 9
f 9
m 1 16 4
b 1
m 2 11 12
m 2 6 5
m 3 15 1
f 3
m 4 1 12
m 4 0 9
m 5 5 7
b 5
m 6 6 4
m 7 10 5
m 7 8 3
m 8 9 3
g 8 0 9
p
m 1 1 0
m 1 8 14
m 2 5 3
m 2 5 17
m 3 13 4
m 3 9 15
m 4 0 14
b 4
m 5 12 6
m 5 8 4
q 5
m 6 15 0
q 6
m 7 0 4
p
m 8 16 4
m 9 7 15
q 9
m 1 12 19
m 1 10 10
m 2 19 4
m 3 16 3
m 3 7 3
f 3
m 4 11 4
m 4 10 12
m 5 10 5
m 6 19 7
m 7 6 8
p
m 8 12 2
m 9 6 11
m 1 16 6
m 2 17 3
m 2 5 10
m 3 19 9
m 4 17 0
m 5 18 9
m 5 0 9
b 5
m 6 7 7
p
m 7 15 3
f 7
g 7 8 12
m 8 5 7
p
m 9 4 11
m 9 3 0
m 1 17 11
m 1 10 12
m 2 4 8
m 3 0 17
m 4 3 11
b 4
q 4
m 5 8 7
m 5 9 14
m 6 4 12
m 6 9 1
m 7 5 11
m 8 3 13
m 9 5 11
m 9 10 17
m 1 13 4
m 2 1 17
m 3 15 4
m 4 1 0
m 4 4 15
f 4
f 5
m 6 0 15
m 6 10 11
m 7 19 7

