B 7 6 3 21
p
m 2 5 6
m 3 2 5
m 1 5 1
m 2 1 0
m 2 0 4
b 2
m 3 4 3
q 3
m 1 5 2
m 1 0 5
m 2 2 4
m 2 5 0
m 3 0 1
m 1 4 6
m 1 1 4
f 1
m 2 2 2
m 2 4 0
m 3 5 5
m 3 4 3
m 3 1 6
m 3 0 0
q 3
m 1 6 1
m 3 4 3
m 1 5 1
m 2 2 4
f 2
m 3 1 5
m 1 3 2
b 1
q 1
m 2 3 5
f 2
m 3 0 2
m 3 0 2
b 3
m 1 2 1
m 2 6 3
q 2
m 3 1 4
m 3 1 5
m 1 2 1
p
m 2 5 4
m 2 0 2
m 3 4 6
p
m 1 2 1
m 1 5 5
m 2 4 4
q 2
m 3 2 6
b 1
f 1
m 2 4 3
m 2 1 3
m 3 4 3
f 3
m 1 2 3
m 1 4 4
g 1 1 0
m 2 2 6
b 2
m 3 0 2
m 3 4 4
f 3
m 1 2 4
g 1 0 0
m 2 2 4
b 2
m 3 2 4
m 1 5 4
b 1
m 2 2 6
m 2 0 3
f 2
m 3 3 5
m 3 2 2
m 1 3 5
m 1 5 1
m 2 5 4
f 2
g 2 1 5
p
m 3 3 5
g 3 3 2
m 1 2 6
m 2 4 1
m 2 5 5
m 3 3 5
q 3
m 1 3 3
m 1 2 1
b 1
f 1
m 2 3 2
m 3 2 3
m 3 4 3
m 1 3 5
b 1
f 1
m 2 0 6
m 2 5 4
m 3 1 1
m 3 4 1
b 3
m 1 4 6
m 1 2 1
m 2 5 3
m 2 0 4
m 3 1 1
m 1 5 6
m 1 0 0
f 1
m 2 3 3
b 2
m 3 1 0
m 1 1 3
m 2 5 6
m 2 0 1
m 3 0 3
m 1 4 1
m 2 4 5
f 2
m 3 2 6
m 3 3 1
f 3
m 1 3 2
f 1
m 2 4 3
f 2
g 2 1 0
m 3 2 1
g 3 5 4
p
m 1 4 6
m 1 0 3
q 1
m 2 5 6
m 2 1 0
m 3 0 6
m 3 6 0
m 1 6 2
q 1
m 2 2 1
b 2
m 3 0 2
m 3 0 5
m 1 0 3
m 3 4 3
m 1 4 5
m 1 4 0
m 2 4 6
f 2
m 3 4 3
m 3 3 5
q 3

