B 12 7 6 12
m 1 2 4
m 1 3 4
m 2 2 11
m 2 2 0
g 2 4 2
m 3 5 5
m 3 2 3
m 4 2 4
m 5 1 11
m 6 11 1
b 6
m 1 3 11
m 1 9 6
m 2 1 1
m 3 5 2
m 4 7 3
m 5 0 11
m 5 8 5
m 6 2 2
m 1 3 3
m 2 6 8
m 2 7 4
f 2
g 2 5 8
m 3 4 6
m 4 7 6
f 4
m 5 1 6
f 5
m 6 4 10
m 1 6 10
m 2 0 1
q 2
m 3 6 0
m 4 11 1
g 4 6 4
m 5 4 0
m 6 0 9
m 6 5 5
p
m 1 8 2
m 2 3 9
q 2
p
m 3 3 0
m 3 11 4
m 4 9 0
m 4 8 4
m 5 5 9
q 5
m 6 2 9
m 1 0 7
b 1
q 1
m 2 2 0
f 2
m 3 6 3
m 3 2 5
p
m 4 5 9
m 4 9 1
f 4
m 5 4 6
m 6 6 0
m 6 3 2
m 1 6 2
m 1 7 3
m 2 1 6
m 3 1 6
m 4 0 5
m 5 2 10
m 5 6 4
m 1 2 9
m 1 10 3
b 1
m 2 7 3
g 2 1 9
m 3 5 7
m 3 8 3
q 3
m 4 2 1
m 4 9 0
m 5 9 1
m 5 2 0
m 6 3 5
m 6 11 1
g 6 4 2
m 1 3 9
m 1 5 5
m 2 3 9
m 2 5 2
q 2
m 3 10 1
b 5
m 6 0 6
m 1 1 8
m 1 7 3
m 2 6 8
m 3 0 0
f 3
q 3
p
m 4 3 11
f 4
m 5 5 7
m 5 6 1
m 6 6 6
m 1 2 11
g 1 3 8
m 2 5 11
m 2 1 2
m 3 3 2
m 4 4 0
m 6 6 10
m 6 4 5
m 1 7 4
m 2 10 5
q 2
m 3 11 5
m 4 1 4
m 4 1 0
m 5 7 2
m 5 10 6
m 6 6 6
m 1 1 8
m 1 5 0
m 2 5 6
m 2 1 6
m 3 0 7
m 4 0 10
m 4 9 1
m 5 1 3
m 6 6 2
m 6 8 3
f 6
m 1 5 1
m 2 7 5
m 2 9 3
m 3 1 8
m 3 11 5
q 3
m 4 9 3
m 4 0 0
m 5 3 0
m 6 0 6
f 6
m 1 0 11
m 1 5 2
m 2 1 8
m 2 8 3
f 2
m 3 2 1
p
m 4 10 3
m 5 8 1
m 6 6 11
q 6
m 1 6 11
g 1 5 0
m 2 9 4
m 3 6 5
m 3 10 0
m 4 2 9
m 4 9 1
m 5 2 11
p
m 6 1 3
m 1 4 4
m 2 9 3
m 2 2 2
g 2 1 5
m 3 0 6
m 3 9 4
q 3
g 3 4 2
m 4 0 11
f 4
m 5 3 11
m 6 4 1
m 1 4 5
m 1 10 5
m 2 0 11
m 3 4 2
m 3 2 0
m 4 3 5
m 4 4 3
m 5 4 0
m 6 0 11
g 6 4 11
m 1 9 1
m 2 6 2
m 2 10 0
m 3 3 1
m 3 8 6
m 4 6 3
q 4
m 5 6 3
m 5 8 1
q 5
g 5 3 2
p
m 6 1 7
m 6 5 4
f 6
m 1 2 3
m 3 2 0
m 3 4 0
m 4 2 0
m 5 6 8
m 6 1 7
m 6 5 2
m 1 4 10
m 1 5 2
m 2 0 8
m 3 5 1
m 3 11 1
m 4 2 9
m 5 5 9
b 5
m 6 1 2
m 6 7 0
m 1 1 7
m 2 4 1
m 3 2 10
m 4 1 2
g 4 3 8
m 5 0 8
m 5 8 1
m 6 5 6
m 1 0 2
m 1 10 1
q 2
m 3 6 3
m 4 6 2
m 4 1 1
m 6 6 8
m 6 4 0
m 1 4 0
m 3 3 11
m 3 6 0
m 4 6 3
m 5 6 6
m 6 2 10
m 1 3 0
m 1 5 1
m 2 7 3
m 2 6 2
b 2
m 3 5 3
m 4 4 1
b 4
m 5 3 11
m 5 3 3
p
m 6 6 2
m 1 3 0
b 1
m 2 4 10
m 2 6 2
m 3 5 1
m 3 5 4
m 4 6 3
m 4 5 1
m 5 6 4
m 1 11 2
m 1 8 4
f 1
m 2 2 10
m 2 0 2
m 3 5 9
b 3
m 4 6 3
f 4
m 5 0 0
m 5 11 1
m 6 4 0
p
m 1 7 4
m 1 11 5
p
m 2 2 9
m 3 11 3
m 3 7 1
m 4 2 9
m 4 10 1
b 4
m 5 6 0
m 5 10 4
q 5
g 5 3 6
m 6 3 0
m 6 11 2

