B 9 5 2 12
m 1 1 6
m 2 0 7
m 1 2 7
m 2 2 1
m 1 0 1
m 1 8 4
m 2 0 2
m 1 4 2
m 1 7 3
q 1
m 2 1 8
m 1 4 4
m 1 8 3
b 1
m 2 3 4
m 2 7 3
m 1 0 6
m 2 4 2
m 2 1 0
m 1 1 1
m 1 2 0
m 1 6 1
g 1 2 0
m 2 0 8
q 2
m 1 2 4
g 1 2 0
m 2 3 2
m 2 7 0
m 1 6 2
b 1
g 1 2 0
m 2 1 3
m 2 3 2
m 1 4 5
m 2 1 5
m 1 3 3
m 2 1 7
m 2 3 1
m 1 0 0
m 1 3 4
m 2 0 0
m 1 2 8
g 1 4 3
m 2 2 2
m 2 7 0
f 2
g 2 2 6
m 1 3 4
m 1 5 4
m 2 2 4
m 2 4 3
m 1 2 1
m 1 3 0
m 2 3 6
m 2 0 3
m 1 4 1
m 1 4 1
m 2 4 6
m 1 0 5
m 2 0 8
m 2 6 1
b 2
m 1 1 0
m 2 5 2
m 1 4 0
m 1 2 4
f 1
m 2 6 1
m 1 2 0
m 2 1 5
m 1 3 5
m 1 5 3
m 1 7 3
m 2 8 2
m 1 4 6
m 2 3 2
m 2 6 1
m 1 4 1
m 1 0 0
b 2
m 1 4 0
g 1 1 2
m 2 6 2
m 2 8 3
m 1 4 4
m 1 4 3
m 2 2 1
m 2 4 0
m 1 0 8
m 2 3 4
m 1 0 8
q 1
m 2 1 5
b 2
m 1 1 8
m 1 8 4
m 1 2 7
m 2 3 4
m 1 4 6
m 1 4 0
q 1
m 2 1 3
m 2 8 2
q 2
m 1 2 1
f 1
p
m 2 2 4
m 1 3 6
m 1 7 3
m 2 1 5
q 2
m 1 0 8
b 1
m 2 2 1
m 1 3 3
m 2 5 1
m 1 2 7
m 2 3 2
m 1 4 6
m 1 1 2
m 2 0 4
m 1 7 1
m 1 7 4
g 1 3 1
m 2 1 8
m 2 1 2
f 2
m 1 3 2
b 1
m 2 0 6
m 1 4 6
m 2 0 5
m 1 3 2
m 1 6 3
g 1 2 3
m 2 1 0
q 2
m 1 5 0
m 2 4 1
p
m 2 6 1
m 1 2 0
m 2 4 1

