B 7 17 9 14
m 1 15 6
m 1 6 3
m 2 7 6
m 2 5 16
m 3 9 4
q 3
p
m 4 10 3
m 4 2 2
f 4
m 5 3 0
b 5
m 6 3 4
m 6 4 10
m 7 3 13
m 7 1 4
m 8 0 4
m 9 0 0
m 1 2 9
p
m 2 15 2
m 2 3 2
f 2
m 3 1 9
m 4 5 11
f 4
m 5 6 0
m 5 0 2
f 5
m 6 6 1
m 6 4 11
m 7 8 4
q 7
m 8 6 14
m 9 16 4
m 9 2 1
m 1 2 4
m 1 2 11
q 1
m 2 4 6
q 2
m 3 3 14
f 3
q 4
m 5 14 5
q 5
m 6 3 6
m 7 2 4
m 8 1 1
m 9 13 6
m 9 0 15
m 1 2 6
g 1 6 4
m 2 10 2
m 3 4 0
m 4 16 1
m 5 4 11
m 6 6 1
g 6 13 3
m 7 11 1
m 9 11 0
b 9
m 1 8 5
m 2 11 0
m 3 7 6
m 3 1 12
m 4 7 3
m 5 0 9
q 5
m 6 5 2
f 7
m 8 2 16
g 8 0 0
m 9 1 7
m 1 1 7
p
m 2 1 7
m 3 2 0
m 3 6 0
q 3
m 4 1 3
m 4 1 2
f 4
p
m 5 13 2
m 6 8 5
m 7 0 10
m 8 0 5
q 8
m 9 7 4
m 9 6 6
m 1 12 2
m 1 2 7
b 1
m 2 15 6
m 2 2 2
m 3 1 3
m 3 2 1
m 4 10 3
f 4
m 5 15 1
m 5 2 11
m 6 8 6
m 7 12 5
m 7 1 3
m 9 11 6
m 9 5 9
f 9
m 1 9 6
m 1 0 2
m 2 1 3
f 2
m 3 6 4
f 3
m 4 5 2
m 4 1 5
m 5 6 0
m 6 1 11
m 6 1 4
m 7 14 4
m 7 2 16
b 7
m 9 15 2
f 9
m 1 6 12
m 2 11 3
m 2 6 5
b 2
m 3 5 4
m 3 6 15
m 4 8 6
m 5 7 6
m 5 3 10
m 6 16 0
m 7 14 1
m 9 12 5
m 9 6 16
m 1 1 15
m 2 1 12
m 3 5 12
g 4 2 3
m 5 6 10
m 6 8 1
m 6 0 16
m 7 1 10
q 7
m 8 16 1
m 9 5 14
b 9
m 1 5 5
m 2 2 11
f 2
q 2
m 3 4 9
m 3 3 14
m 4 5 2
p
m 5 13 5
q 5
m 6 3 3
m 7 7 4
b 7
m 8 5 13
m 8 2 12
m 9 1 2
g 9 1 1
m 1 8 5
g 1 9 2
m 3 16 1
m 3 1 0
m 4 5 12
m 5 8 5
m 5 2 10
q 5
m 6 16 4
m 6 4 12
q 6
m 7 0 1
f 7
m 8 14 2
m 8 1 0
m 9 6 15
m 9 4 10
m 1 7 0
m 1 4 0
b 1
f 1
m 2 2 5
m 3 0 4
q 3
m 4 14 0
m 4 3 9
m 5 15 4
m 6 8 1
b 6
m 7 2 3
m 7 5 2
m 8 13 4
m 9 1 10
m 1 11 6
m 2 6 0
m 3 7 3
b 3
m 4 6 3
q 4
m 5 5 8
m 6 14 2
m 7 14 0
p
m 8 1 5
m 8 2 3
m 9 7 6
m 1 8 6
m 2 3 5
m 2 2 0
g 3 0 3
m 4 12 3
m 5 2 9
m 5 5 4
m 6 0 3
m 7 5 11
m 8 7 3
m 8 4 9
m 9 11 6
q 9
m 1 3 0
m 2 4 13
f 2
m 3 16 4
m 3 2 13
b 3
m 4 7 4
f 4
m 5 5 3
m 5 6 6
f 5
b 6
m 7 15 4
m 8 3 2
m 8 1 0
m 9 1 3
m 9 6 4
m 1 10 5
m 1 5 15
f 1
m 2 4 6
m 3 3 10
m 4 16 3
m 4 2 2
b 4
m 5 11 0
b 5
m 6 3 7
m 6 0 2
g 6 6 2
m 7 5 5
m 7 5 4
b 7
m 8 2 6
m 8 2 7
b 8
m 9 13 0
m 9 6 1
m 2 1 14
m 2 6 11
m 3 1 3
m 3 3 15
m 4 5 11
m 5 8 3
m 5 5 10
m 6 7 5
m 6 3 13
m 7 5 4
m 8 1 13
m 8 4 0
m 9 6 1
m 1 8 4
m 2 6 0
f 2
g 2 9 3
m 3 0 5
m 4 3 4
f 4
m 5 8 4
m 5 2 8
f 5
q 5
m 6 8 3
m 6 1 8
m 7 0 11
m 8 15 4
m 8 4 6
m 9 12 0
m 9 6 0
m 1 2 6
m 2 5 4
m 2 0 5
m 3 0 5
m 3 2 4
q 3
m 4 7 0
q 4
m 5 14 2
m 5 0 9
f 5
m 6 1 4
m 7 15 2
m 8 1 8
m 8 1 7
m 9 4 8
m 1 16 1
p
m 2 5 4
m 2 5 15
f 2
m 3 4 16
m 3 0 13
m 4 14 0
m 4 1 0
m 5 7 5
m 5 5 3
b 5
m 6 5 0
g 6 9 0
m 7 3 5
m 8 15 4
m 8 5 11
g 8 11 6
m 9 11 3
m 1 6 5
m 2 7 6
m 3 1 3
m 4 3 11
m 5 15 2
m 6 6 5
m 6 5 0
m 7 4 10
q 7
m 8 6 0
m 8 1 12
m 9 3 4
g 9 12 2
m 1 5 7
m 1 0 16
m 2 4 9
m 3 7 6
m 3 1 14
m 4 14 4
f 4
m 5 4 4
m 5 5 0
m 6 16 3
m 6 6 4
m 7 16 1
m 8 0 6
m 9 1 4
m 9 3 4
m 1 1 0
m 1 0 13
m 2 0 16
m 2 4 5
m 3 0 14
m 4 5 2
m 5 6 1
m 5 0 5
m 6 8 6
m 7 0 2
m 7 4 4
m 8 14 4
b 8
m 9 15 2
q 9
m 1 0 11
m 1 1 9
q 1
m 2 1 3
m 2 5 11
m 3 13 6
m 4 12 0
m 4 5 11
m 6 15 2
b 6
g 6 11 3
m 7 14 4
m 7 2 0
m 8 1 3
m 9 8 6
m 1 6 5
m 1 6 12
m 2 4 6
m 3 14 4
m 4 6 2
m 5 6 16
m 5 2 11
m 7 4 6
m 7 1 9
p
m 8 3 4
m 8 2 12
m 9 9 6
m 2 4 10
m 3 14 2
m 3 4 12
m 4 6 1

