B 6 4 3 11
m 1 2 1
m 1 2 3
f 1
p
m 2 3 1
b 2
f 2
m 3 2 2
m 1 1 1
p
f 2
m 3 0 3
m 1 1 0
m 1 4 1
f 1
m 2 1 0
m 3 0 2
m 3 0 0
m 1 1 0
m 2 4 3
m 2 3 2
g 2 2 0
m 3 3 3
m 3 0 2
m 1 2 1
m 1 0 0
m 2 0 3
m 2 2 0
m 3 2 1
m 3 3 3
m 1 0 1
m 1 4 1
m 2 5 3
m 2 2 1
m 3 0 5
m 3 0 2
m 1 0 3
m 2 3 1
m 2 3 1
m 3 2 5
m 3 2 0
m 1 0 3
m 1 4 0
q 1
m 2 4 0
b 1
m 2 0 1
m 3 0 5
g 3 3 5
m 1 2 1
m 1 0 1
f 1
m 2 3 1
q 2
m 3 1 2
m 3 2 2
m 1 4 3
m 1 5 0
m 2 2 5
p
m 1 3 1
m 1 0 1
m 2 2 5
m 2 0 2
m 3 2 5
m 1 0 3
m 1 2 2
m 2 3 1
m 2 3 1
f 2
m 3 2 3
b 3
f 3
m 1 3 0
m 2 2 4
m 3 3 1
m 3 1 1
m 1 1 5
m 1 0 3
f 1
g 1 2 0
m 2 3 1
m 2 5 0
b 3
m 1 4 1
m 1 0 0
m 2 2 5
b 2
f 2
m 3 2 4

