B 5 10 3 7
q 1
m 2 9 1
m 2 3 3
m 3 3 9
m 1 4 4
m 1 0 2
m 2 6 1
m 3 9 2
m 3 4 7
q 3
q 1
m 2 3 1
m 3 3 9
m 3 3 3
m 1 4 3
m 1 3 8
m 2 7 1
m 2 3 4
m 3 4 9
m 3 3 0
f 3
m 1 2 1
m 1 1 4
f 1
m 2 0 4
m 2 2 6
f 2
m 3 4 2
m 3 3 2
m 2 3 8
b 2
m 3 5 2
m 3 1 2
f 3
m 1 2 2
m 2 6 0
m 3 3 7
m 1 0 4
m 1 4 8
m 2 4 7
m 3 1 0
m 3 3 5
q 3
g 3 2 0
m 2 7 2
q 2
m 1 1 5
m 2 3 8
m 3 0 1
m 3 3 3
m 1 4 2
m 2 9 0
m 3 9 2
m 3 4 8
m 1 0 0
m 2 3 2
m 2 4 9
m 3 0 4
g 3 6 2
b 2
m 3 0 6
m 1 6 1
m 2 4 2
m 3 3 4
f 3
q 3
m 1 4 7
m 1 2 1
m 3 3 3
m 1 1 1
m 2 0 2
m 2 0 9
p
m 3 3 0
p
m 1 6 3
m 2 4 7
m 3 5 2
f 3
p
m 1 3 2
m 2 7 2
m 2 1 3
b 2
m 3 9 1
m 1 4 7
p
m 2 3 2
b 2
q 2
m 3 0 3
m 1 4 3
b 1
m 2 5 2
m 2 3 1
m 3 1 0
m 1 9 2
b 1
q 1
m 2 0 9
q 2
g 2 9 3
m 3 4 7
m 1 7 0
m 2 1 4
m 2 1 4
p
m 1 6 3
m 1 3 3
f 1
m 2 4 6
m 3 1 0
q 3
m 1 7 2
m 1 4 3
m 2 3 5
m 3 6 3
m 1 0 2
q 1
m 2 4 7
m 2 2 6
g 2 7 3
m 3 2 6
m 3 4 1
m 1 0 3
m 2 7 2
m 1 0 4
m 2 4 8
m 2 4 0
b 2
f 2
g 2 8 3
m 3 2 8
f 3
m 1 8 1
m 2 6 1
m 2 4 4
b 3
f 3
m 1 7 1
m 2 2 8
m 2 1 3
f 2
m 3 8 0
m 1 1 8
m 2 7 2
m 2 1 0
m 3 4 2
m 3 0 0
m 1 6 0
m 2 8 2
m 3 3 5
m 1 8 2
m 2 4 8
m 2 4 0
m 3 8 0
m 3 4 8
m 1 4 3
m 2 1 0
q 2
m 3 6 3
m 3 3 1
m 1 6 1
m 1 3 9

