B 8 6 5 11
m 1 0 0
m 1 5 4
m 2 5 1
m 3 4 3
m 4 0 7
m 5 5 2
m 1 1 0
m 2 0 4
m 3 3 1
m 3 2 2
m 4 3 0
q 5
m 1 5 3
b 1
m 2 5 3
m 2 4 1
b 2
m 3 2 6
m 3 3 0
m 4 1 6
m 4 2 3
m 5 2 1
m 5 6 2
m 1 7 2
f 1
m 2 1 0
m 4 6 3
m 5 7 0
m 1 0 0
b 1
f 2
m 3 4 2
m 4 7 5
f 4
q 4
m 5 2 1
m 5 4 0
f 5
m 2 6 3
m 3 3 0
m 3 7 4
m 4 5 6
m 5 3 7
m 2 0 3
b 2
m 3 4 3
m 3 3 4
p
m 4 5 2
g 4 0 0
m 5 5 6
g 5 3 6
m 1 2 1
m 1 5 4
b 1
f 1
m 2 1 2
m 2 0 1
q 2
g 2 2 4
m 3 0 2
m 4 5 1
m 4 3 2
f 4
p
m 5 2 2
q 5
m 1 5 5
m 2 0 1
m 3 4 4
f 3
m 4 0 0
m 5 3 2
m 1 5 2
b 1
m 4 0 6
m 4 4 0
m 5 1 7
m 5 7 5
m 1 1 7
m 2 4 1
m 2 5 4
m 3 3 7
m 4 0 6
m 5 0 2
m 5 0 5
m 1 1 6
m 1 4 5
m 2 5 1
m 3 5 2
b 3
q 3
m 4 5 1
m 4 0 5
q 4
m 5 1 6
f 5
m 3 0 5
m 3 4 2
m 4 0 5
m 4 0 4
b 4
q 4
m 5 3 3
b 5
m 1 4 0
m 1 4 1
m 2 1 7
m 3 5 0
m 3 7 1
m 4 4 3
m 5 6 0
m 5 2 1
g 5 3 0
m 1 4 1
m 1 4 0
m 2 3 1
m 2 6 3
m 3 1 1
g 3 2 6
m 4 4 2
m 4 3 0
m 5 6 4
m 5 3 0
q 5
g 5 3 5
m 1 4 1
m 2 4 1
m 2 0 3
m 3 1 6
m 4 5 1
m 4 3 4
g 4 4 0
m 5 5 3
m 1 1 6
m 1 1 1
m 2 5 2
m 2 5 2
b 2
m 3 5 6
f 3
m 4 3 1
m 4 3 2
m 5 5 4
m 1 6 3
m 1 0 3
f 1
m 2 5 1
m 2 2 5
m 3 5 3
b 3
m 4 2 4
p
m 5 4 1
m 1 4 1
m 1 6 5
m 2 3 1
m 2 4 1
m 3 0 2
m 3 5 2
m 5 3 3
m 1 4 1

