B 8 4 5 8
m 1 5 2
b 1
m 2 2 0
m 2 5 0
m 3 3 3
g 3 2 5
m 4 3 6
m 4 3 3
q 4
m 5 1 0
m 5 0 0
f 5
m 1 0 4
m 1 5 3
q 1
m 3 0 0
q 3
m 4 3 0
m 5 0 7
m 1 0 7
m 2 0 0
m 3 7 3
m 4 2 2
m 4 1 3
m 5 1 7
m 1 1 4
b 1
f 1
m 2 7 0
q 2
m 3 2 4
m 4 1 1
m 4 2 0
f 4
m 5 0 0
b 5
g 5 2 5
m 1 2 0
p
m 2 1 5
p
m 3 2 1
m 3 4 3
f 3
m 4 3 2
m 4 5 1
m 5 6 2
m 5 0 1
m 1 2 0
m 2 7 1
m 3 3 3
m 3 1 1
m 4 3 0
m 4 6 2
q 4
m 5 1 3
m 1 1 6
m 2 1 3
m 2 6 2
m 3 1 4
p
m 4 3 2
f 4
m 5 0 6
m 1 2 1
m 1 5 0
m 2 3 2
g 2 2 5
m 3 3 0
m 3 6 0
m 4 1 4
m 4 4 0
m 5 1 6
m 1 3 2
m 2 2 4
m 2 4 1
m 3 2 7
m 3 1 2
m 4 4 0
b 4
m 5 2 0
m 5 7 1
m 1 4 0
m 2 3 2
m 2 2 3
m 3 6 2
m 4 3 0
b 4
m 5 2 0
m 5 0 3
b 5
m 1 0 2
m 1 2 2
f 1
m 2 3 6
m 2 4 2
m 3 6 1
m 3 6 0
q 3
m 4 2 7
m 4 3 0
b 4
m 5 3 6
m 1 1 3
m 2 3 1
m 2 1 3
b 2
m 3 3 6
m 4 0 0
m 4 2 2
m 5 3 6
m 5 4 1
f 5
m 1 2 7
m 2 1 3
m 3 2 7
m 3 7 3
b 3
m 4 4 0
m 4 5 0

