B 7 6 6 6
m 1 0 3
f 1
p
m 2 5 1
f 2
q 2
m 3 1 6
m 4 0 5
m 4 6 4
b 4
m 5 4 1
m 6 4 1
m 6 3 0
m 1 5 1
m 1 5 5
m 2 4 1
m 2 0 1
q 2
m 3 6 2
m 3 5 1
m 4 2 3
q 4
m 5 4 1
q 5
m 6 4 2
m 1 5 4
m 2 5 3
m 2 1 4
m 3 4 2
m 4 4 2
m 4 2 3
m 5 3 1
g 5 4 5
m 6 6 3
m 1 5 2
b 1
m 2 0 5
m 2 1 0
f 2
m 3 6 5
g 3 3 2
m 4 0 5
m 4 2 0
f 4
m 5 0 0
m 6 4 2
m 1 1 2
m 2 4 3
m 3 2 2
b 4
q 4
m 5 3 3
m 6 2 4
m 6 3 0
f 6
m 1 0 0
m 2 0 0
m 3 0 0
m 4 4 4
m 4 2 0
m 5 1 1
m 5 2 1
m 6 5 4
m 6 5 5
m 1 1 6
m 1 0 4
b 1
m 2 5 1
m 2 6 3
m 3 6 5
m 4 4 0
m 4 0 0
f 4
q 4
m 5 2 3
m 5 5 2
m 6 3 4
g 6 5 6
m 1 2 0
m 2 0 5
m 2 6 2
m 3 2 3
m 3 4 4
m 4 5 5
m 5 2 0
m 5 6 4
g 5 2 4
p
m 6 0 1
f 6
m 1 3 2
m 1 4 0
q 1
m 2 5 3
m 3 2 0
m 3 0 1
m 4 0 5
f 4
m 5 3 1
m 5 1 2
m 6 2 0
g 6 4 4
p
m 1 0 6
m 2 5 3
m 3 3 1
m 4 5 1
m 4 3 4
m 5 0 1
m 6 5 2
m 6 0 3
m 1 0 5
m 2 2 2
m 3 1 6
m 3 4 5
m 4 1 6
m 5 0 4
m 5 5 4
m 6 2 0
m 6 4 1
m 1 0 5
m 1 3 0
m 2 5 2
m 2 3 4
m 3 5 1
m 3 3 4
m 4 5 5
m 5 6 0
f 5
m 6 2 0
m 1 5 2
m 2 3 1
m 3 5 2
m 3 3 5
m 4 0 5
m 5 0 4
q 5
m 6 3 1
m 1 5 2
m 1 4 2
m 2 1 6
m 2 1 0
m 3 0 5
b 3
m 4 1 1
m 4 4 1
m 5 5 1
m 5 3 5
f 5
m 6 5 2
m 6 6 2

