B 7 4 6 5
m 1 6 3
m 3 2 0
b 3
m 4 0 1
p
m 5 3 3
m 5 5 0
q 6
m 1 3 1
m 1 1 2
g 1 0 5
m 2 2 5
m 3 3 4
m 3 5 0
m 4 1 2
m 5 4 1
b 5
m 6 2 0
f 6
m 1 3 2
m 2 1 1
f 2
m 4 0 0
m 5 0 4
q 5
m 6 6 1
m 6 2 2
m 1 0 1
m 2 3 2
f 2
m 3 3 2
m 3 0 0
m 5 1 5
m 6 0 1
m 2 3 2
b 2
m 3 2 4
m 3 1 2
m 4 0 4
m 4 1 3
m 5 1 0
m 5 6 0
m 6 3 2
m 6 5 0
m 1 0 0
m 2 2 0
m 2 1 3
g 2 1 6
m 3 3 4
m 3 6 3
m 4 3 4
g 4 1 4
m 5 2 0
m 5 6 1
m 6 2 4
m 6 2 3
m 1 2 6
m 2 1 2
g 2 0 4
m 3 4 2
f 3
m 4 3 5
m 4 0 1
m 5 2 2
m 5 5 3
q 5
m 6 2 0
m 6 3 3
f 6
q 1
m 2 3 4
m 3 3 0
m 3 5 0
f 3
m 5 1 5
m 5 5 2
m 6 1 2
q 6
m 1 5 0
m 2 1 2
m 3 2 0
b 3
m 4 3 2
m 4 6 3
m 5 3 0
m 6 3 0
m 6 0 1
m 2 0 4

