B 6 4 6 4
m 1 5 3
m 1 0 0
m 2 3 2
m 2 4 1
q 2
p
m 3 4 0
f 3
q 3
m 4 0 1
m 5 5 2
m 5 1 2
m 6 1 1
m 6 1 0
m 1 2 2
f 1
m 2 2 0
m 3 3 2
m 3 5 0
g 3 3 4
m 4 3 0
m 5 3 4
m 5 3 3
m 6 5 0
m 6 5 3
m 1 3 0
m 1 0 2
m 2 1 1
m 3 3 1
m 4 3 0
b 4
m 5 0 1
m 6 1 5
m 6 5 2
q 1
m 2 3 2
m 2 3 1
m 3 3 0
m 3 5 2
m 4 3 3
m 6 3 0
m 6 5 2
m 1 3 1
q 1
m 2 1 2
m 3 3 0
m 4 1 2
q 4
m 5 1 2
m 5 3 1
q 5
m 6 2 4
m 1 2 4
b 1
m 2 5 0
m 2 5 2
m 3 3 4
m 3 0 3
g 4 3 0
m 6 3 4
m 6 4 2
f 6
m 1 3 1
m 2 3 4
m 2 2 0
q 2
m 3 1 5
m 3 4 1
m 4 3 2
m 5 3 2
m 5 3 1
m 6 3 2
m 1 2 2
m 1 3 3
m 2 5 3
q 2
m 3 3 4
m 4 3 1
p
m 5 5 1
m 6 3 1
m 6 4 1

