B 13 12 5 16
m 1 4 9
m 3 10 0
m 4 3 8
f 4
m 5 6 4
m 1 11 11
m 1 12 2
f 2
g 2 0 10
m 3 0 4
m 3 6 0
m 4 0 8
q 4
m 5 9 4
b 5
m 1 8 4
m 1 11 5
f 1
m 3 0 1
m 3 1 2
m 4 10 10
m 1 3 4
m 1 7 1
g 1 10 10
m 2 2 6
m 3 12 5
m 4 1 5
m 4 10 7
g 4 2 12
g 5 1 7
m 1 2 2
m 2 10 4
m 2 9 0
m 3 7 12
m 4 5 10
m 4 9 5
b 4
m 5 1 8
m 5 0 2
b 5
q 5
g 5 5 11
m 1 3 5
f 1
q 1
m 2 11 12
m 2 12 11
m 3 4 5
m 3 1 0
m 4 10 8
m 5 9 6
m 5 10 0
m 1 1 8
m 1 6 0
m 2 2 3
m 2 1 6
m 3 12 2
m 4 7 5
m 4 8 2
m 5 9 5
m 1 10 3
m 1 12 5
m 2 9 10
m 2 10 8
g 2 4 0
m 3 1 6
m 3 0 10
m 4 3 6
m 4 12 3
m 5 1 9
m 1 4 9
b 1
g 1 3 2
m 2 8 9
f 2
m 3 7 6
m 4 3 11
m 5 5 2
m 1 1 1
m 1 2 1
m 2 2 10
p
m 3 11 2
m 4 3 9
m 4 7 8
m 5 12 2
m 5 7 1
m 1 5 10
m 1 3 11
m 2 10 4
m 3 7 5
m 3 5 9
m 4 11 4
m 5 9 6
m 1 8 5
m 2 6 12
m 3 2 7
m 3 5 3
m 4 11 4
f 4
m 1 8 12
m 1 0 5
m 2 0 2
m 3 6 3
m 4 10 8
m 4 9 5
b 4
m 5 3 3
m 1 12 11
f 1
m 2 8 8
m 2 8 4
m 4 5 7
m 5 11 5
m 1 4 6
m 1 1 4
m 2 10 12
b 2
m 3 8 11
m 3 7 8
m 4 1 9
m 4 7 3
m 5 3 1
m 5 1 2
f 5
m 1 5 5
m 1 3 9
f 1
m 2 3 7
f 2
m 3 4 7
b 4
m 5 7 8
g 1 2 11
m 2 0 0
m 2 11 2
b 2
m 3 10 4
m 3 11 8
m 4 6 11
m 4 6 3
m 5 9 7
m 1 9 6
m 1 10 8
b 1
m 2 10 8
b 2
f 2
m 3 7 7
m 3 9 7
q 3
m 4 3 9
m 4 3 3
m 5 8 6
m 5 11 1
m 1 0 3
m 2 9 7
f 2
p
m 3 8 4
b 3
m 4 8 6
f 4
m 1 9 2
b 1
m 2 9 12
m 3 3 4
f 3
q 3
m 4 7 5
m 5 7 0
m 5 8 2
m 1 1 10
m 1 5 7
q 1
p
b 2
f 2
m 3 0 8
m 3 8 6
m 4 11 8
q 4
m 5 9 0
m 1 1 12
m 2 0 5
m 2 11 3
m 4 6 11
p
m 5 7 4
q 5
m 1 1 8
g 1 6 1
m 2 0 5
m 3 10 6
m 3 3 2
m 4 5 8
m 4 7 4
m 5 11 2
m 1 7 12
m 2 2 8
m 2 8 11
m 3 7 8
m 4 5 6
f 4
m 1 7 6
m 1 3 6
m 2 10 1
m 2 6 1
f 2
m 3 9 2
m 4 6 2
m 4 4 9
m 5 2 3
m 1 10 0
m 2 1 2
b 2
m 3 9 0
m 4 4 0
m 4 0 9
m 5 0 5
m 1 0 5
m 1 10 7
m 2 1 12
m 2 8 10
m 3 9 9
m 4 0 3
m 5 7 6
m 1 3 1
m 2 6 8
m 3 5 11
q 3
m 4 0 7
m 5 7 8
m 1 2 10
m 1 11 5
m 2 7 11
m 2 11 9
m 3 10 7
m 4 10 4
m 5 7 11
g 5 8 3
m 1 8 4
m 2 9 9
m 2 11 1
m 3 11 4
m 3 4 8
m 4 0 8
p
m 5 6 12
m 5 11 2
m 1 2 10
m 2 4 4
m 3 3 4
m 3 4 1
f 3
m 4 12 10
m 4 8 6
m 5 9 2
b 5
g 5 0 7
m 1 6 12
m 1 11 7
b 1
m 2 8 9
m 2 5 6
g 3 10 2
m 4 8 6
m 5 2 4
m 5 12 10
m 1 8 0
m 2 1 0
m 4 2 9
m 4 6 7
m 5 0 2
m 5 4 8
b 5
m 1 6 10
m 1 3 8
g 1 1 11
m 2 12 5
m 3 11 2
m 3 4 11
b 3
m 4 5 7
m 5 12 3
m 1 1 11
m 1 7 1
m 2 5 8
p
m 3 5 2
m 4 4 5
m 4 10 9
m 5 7 1
m 1 3 4
m 2 2 4
m 2 0 6
m 4 7 9
b 4
m 5 1 4
b 5
m 1 11 10
m 2 3 1
f 2
m 3 0 11
m 4 0 8
m 4 8 4
m 5 12 8
b 5
f 5
f 1
m 2 2 4
m 2 12 0
m 3 11 9
m 4 7 11
b 4
m 5 5 6
m 5 2 9
m 1 10 6
m 2 9 6
m 3 0 5
b 3
m 4 0 11
m 4 5 4
m 5 9 12
m 5 0 1
m 1 5 6
p
m 2 1 0
f 2
q 2
m 3 9 12
m 3 9 9
m 4 1 12
m 4 12 0
q 4
m 5 4 12
p
m 1 1 5
m 1 0 0
q 1
m 2 11 4
m 4 12 9
m 4 5 11
b 4
q 4
m 5 0 5
m 5 9 4
m 1 11 10
m 2 10 10
m 3 1 1
m 4 4 4
m 5 7 8
p
m 1 6 6
m 1 6 1
m 2 0 2
m 2 5 9
m 3 6 7
b 3
m 4 8 1
m 1 6 6
m 1 10 5
m 2 1 2
q 2
m 3 3 8
m 4 4 1
m 5 3 9
m 1 8 8
g 1 5 9
m 2 11 10
g 2 4 11
m 3 7 11
m 4 2 6
m 5 3 3
m 1 2 5
m 3 11 1
g 3 6 0
m 4 11 10
m 5 2 4
m 5 12 4
m 1 0 3
m 2 1 9
m 2 9 1
b 2
m 3 1 5
b 3
m 4 9 12
m 4 6 9
m 5 11 2
q 5
m 1 3 4
m 2 4 11
b 2
m 3 5 6
m 3 1 10
m 4 2 8
m 5 0 8
m 5 1 3
q 5
m 1 10 11
m 2 3 4
m 2 8 3
m 3 8 5
m 3 5 0
f 3
m 4 2 4
m 5 3 8
m 5 2 1
q 5
m 1 10 6
m 1 7 3
m 2 8 0
m 3 1 5
m 3 4 1
m 4 0 3
p
m 5 2 10
m 1 7 1
m 1 8 8
q 1
m 2 0 12
m 2 5 7
f 2
m 3 10 4
m 3 5 2
m 4 8 3
p
m 5 3 9
m 1 7 1
m 2 0 10
m 2 12 4
q 2
p
m 3 7 1
b 3
m 4 2 8
m 4 11 4
m 5 6 2
q 5
m 1 0 11
m 2 12 0
m 2 6 3
b 2
b 3
p
m 4 3 9
m 5 8 10
m 1 10 7
m 3 0 12
m 3 2 4
m 4 3 5
m 4 4 4
m 5 9 12
f 5
m 1 6 4
m 2 2 1
m 2 3 9
g 3 10 8
m 4 5 2
m 4 12 11
b 4
m 5 10 4
q 5
m 1 7 1
m 2 6 12
m 2 11 0
f 2
m 3 2 1
m 3 8 4
m 4 1 5
m 4 4 11
m 5 7 11
m 5 1 4
m 1 1 12
q 1
m 2 5 6
m 2 2 8
m 3 6 12
m 3 3 5
m 4 7 8
m 4 1 10
b 4
f 4
p
m 5 8 9
m 5 2 2
m 1 1 7
m 1 4 5
m 2 7 4
m 3 4 0
f 4
m 5 3 4
m 1 3 8
f 1
m 2 5 6
b 2
m 3 7 8
m 4 10 3
m 4 9 10
m 5 1 7
m 5 5 8
f 5
m 1 6 12
m 2 1 12
m 3 0 12
m 3 9 8
m 4 0 11
m 4 5 10
b 4
q 4
m 5 11 3
m 1 8 9
b 1
q 1
m 2 7 11
m 2 12 1
m 3 1 4
m 3 6 0
q 3
m 4 2 4
m 4 8 5
m 5 8 9
q 5
m 1 10 6
m 2 10 6
f 2
m 4 4 5
m 5 2 4
m 1 12 8
m 1 8 3
m 2 8 6
f 2

