B 7 8 6 8
m 1 3 5
m 1 5 4
m 2 2 4
m 2 5 3
m 3 0 5
m 3 2 0
m 4 5 6
m 5 6 4
m 5 3 0
m 6 5 5
m 1 6 3
m 2 2 3
m 2 3 5
m 3 6 6
m 4 6 4
m 5 4 7
b 5
m 6 1 5
m 6 3 2
f 6
m 1 2 7
m 2 1 6
f 2
g 2 6 5
m 3 6 6
m 4 6 7
m 4 5 5
p
m 5 4 0
m 5 6 1
b 5
f 5
m 6 1 0
q 6
m 1 0 5
m 1 0 0
f 1
m 2 5 6
m 2 4 1
m 3 4 1
m 4 0 5
m 4 6 6
m 5 1 5
m 5 2 7
b 5
m 6 0 6
b 6
m 1 0 1
m 2 1 3
m 2 4 0
m 3 2 0
f 3
q 3
m 4 4 5
m 5 4 1
m 6 3 6
m 1 2 6
m 1 3 1
b 1
m 2 7 3
m 3 1 6
q 3
m 4 5 2
m 4 3 5
m 5 3 3
m 6 1 1
m 6 5 5
m 1 7 1
m 1 6 0
m 2 4 4
m 2 3 4
q 2
m 4 4 1
m 5 2 4
m 6 0 4
m 1 7 0
m 2 0 3
b 2
g 2 6 5
m 3 4 7
q 3
m 4 3 2
m 5 3 6
g 5 3 6
m 6 5 2
m 1 2 7
m 1 0 5
f 1
m 2 5 2
m 2 6 2
m 3 6 2
m 3 3 1
m 4 2 2
f 4
m 5 4 1
m 6 7 5
m 1 1 5
m 1 1 2
m 2 7 3
m 3 4 1
m 3 0 3
m 5 2 5
m 5 4 2
m 6 6 5
p
m 1 7 0
m 1 5 2
q 1
m 3 7 3
m 3 4 6
m 4 7 0
q 4
m 5 2 6
p
m 6 7 5
m 6 3 3
m 1 1 2
q 2
m 3 3 4
q 3
m 5 3 4
m 6 2 0
m 1 3 4
m 1 4 2
m 2 0 3
m 3 2 0
m 3 1 4
m 4 7 5
b 4
m 5 2 5
m 5 0 0
m 6 0 5
m 6 1 5
q 6
m 1 2 4
m 2 3 4
m 2 2 1
m 3 2 0
m 4 0 5
m 6 0 5
m 6 6 4
m 1 7 3
m 2 3 0
m 2 3 4
m 3 0 4
m 4 0 5
m 4 6 4
q 4
m 5 2 0
m 6 7 3
m 1 7 5
m 2 7 0
m 2 4 7
m 3 2 0
m 4 7 5
m 4 2 3
f 4
g 4 6 6
q 5
m 2 3 7
m 2 4 1
f 2
p
m 3 2 0
m 3 6 7
m 4 3 4
m 5 7 0
m 5 3 5
g 6 4 1
m 1 6 1
g 1 1 1
m 2 4 5
m 2 6 5
m 3 7 5
m 3 3 5
m 4 7 5
m 5 7 0
m 6 6 7
m 6 6 4
m 1 2 6
m 2 7 1
m 2 0 5
m 3 0 0
m 4 3 4
m 4 5 0

