B 8 6 2 24
m 1 0 6
m 1 0 5
b 1
f 1
m 2 0 6
m 2 1 4
m 1 1 7
f 1
m 2 2 0
m 2 2 4
m 1 2 4
m 2 4 3
b 2
f 2
g 2 5 0
m 1 7 3
m 1 2 2
m 2 5 5
m 2 3 3
m 1 1 0
m 1 6 3
m 2 4 6
m 1 5 4
f 1
p
f 2
m 1 2 6
m 1 2 0
m 2 1 7
m 2 1 5
f 2
m 1 5 7
m 2 7 1
q 2
m 1 2 0
m 1 1 5
f 1
m 2 2 7
m 1 1 0
m 2 7 5
m 2 0 0
m 1 5 3
m 1 5 1
q 1
m 2 6 1
m 2 6 0
b 2
m 1 4 6
m 2 5 4
m 1 4 0
m 2 0 5
f 2
q 2
g 2 2 2
m 1 2 3
m 2 2 3
m 2 3 4
q 2
m 1 0 3
m 1 6 4
m 2 1 4
m 2 0 1
m 1 0 0
m 1 4 0
m 2 5 2
q 2
m 1 4 0
m 1 7 0
m 2 2 3
f 2
m 1 1 3
m 1 2 4
q 1
m 2 2 1
f 2
m 1 2 4
m 1 0 5
m 2 0 3
m 2 2 0
m 1 3 5
m 1 1 4
f 1
m 2 0 5
m 2 2 4
m 1 1 4
m 1 5 0
m 2 1 0
m 2 1 0
q 2
m 1 5 4
m 2 2 0
m 2 5 2
m 1 2 0
m 1 2 5
m 2 3 5
m 1 0 3
p
m 2 3 2
g 2 3 6
m 1 7 1
m 1 7 0
f 1
m 2 5 4
m 2 4 4
m 1 2 1
m 1 5 0
m 2 1 3
b 2
f 2
m 1 5 4
m 1 5 0
q 1
m 2 7 3
m 2 3 0
m 1 5 4
m 1 3 5
m 2 1 3
m 2 4 2
b 2
m 1 5 0
m 2 1 3
m 2 7 1
m 1 1 4
m 2 7 2
m 2 7 2
b 2
q 1
m 2 5 4
m 1 1 4
m 1 7 5
m 2 4 3
m 2 3 3
m 1 1 3
m 2 3 0
m 2 4 7
m 2 5 0
m 1 1 3
p
m 1 1 0
m 2 5 6
m 1 0 5
m 2 2 1
m 1 0 0
m 2 1 3
f 2
m 1 3 2
m 2 4 7
m 2 2 3
m 2 2 6
m 1 2 1
m 2 4 0
m 2 3 1
m 1 1 4
m 1 0 3
g 1 3 4
m 2 1 3
m 1 2 0
m 1 4 0
g 1 1 2
m 2 4 7
m 1 5 1
m 1 6 2
b 1
q 2
m 1 0 2
m 2 4 4
m 1 7 4
m 2 2 1
m 2 6 2
m 1 5 6
b 1
q 1
m 2 1 1
f 2

