B 4 9 4 8
m 1 2 0
m 1 2 4
m 2 8 2
m 3 3 2
m 4 0 6
m 1 1 8
m 1 1 7
b 1
m 2 0 1
m 2 0 7
m 3 5 1
b 3
m 4 3 2
m 4 1 7
m 1 3 7
m 1 3 3
m 2 5 1
b 3
m 4 5 3
m 4 0 0
f 4
m 1 5 2
m 1 1 0
m 2 5 3
m 4 0 3
m 1 0 1
m 1 1 6
q 1
m 2 1 1
m 2 0 0
m 3 6 3
m 3 1 1
m 4 4 3
m 1 2 0
m 2 2 0
m 2 2 7
q 2
m 3 0 3
m 4 5 2
m 4 2 4
m 1 0 7
b 1
g 1 0 1
m 2 3 1
m 3 3 1
m 3 0 2
m 4 5 2
f 4
m 1 3 7
f 1
g 1 7 0
m 2 5 3
m 2 0 1
m 3 1 0
p
m 4 8 3
m 1 4 0
m 1 0 6
m 2 1 2
m 2 2 8
b 2
m 3 1 8
g 3 4 2
m 4 0 3
m 4 1 8
b 4
q 4
m 1 1 2
m 2 0 3
m 2 0 4
b 2
q 2
m 3 0 5
m 3 3 0
m 4 3 1
m 4 1 0
p
m 2 1 8
m 3 6 3
m 3 0 1
g 4 2 3
m 1 6 2
m 1 2 8
m 2 0 0
m 2 0 6
m 4 3 1
m 1 4 1
q 1
m 2 0 0
m 4 5 2
m 4 0 4
m 1 5 1
m 1 3 4
b 1
m 2 2 0
q 2
m 3 8 3
m 3 1 2
m 4 5 1
m 1 4 1
m 1 1 5
m 2 5 3
m 2 1 4
q 2
m 3 1 2
m 3 3 0
m 1 5 2
m 2 2 3
m 3 8 0
m 3 1 5
f 3
q 3
m 4 8 0
p
m 3 0 5
m 4 5 2
q 4
m 1 8 0
m 2 6 2
m 2 3 0
m 3 1 2
m 3 1 7
g 3 3 0
m 4 6 2
q 4

