B 8 6 9 5
m 1 3 2
m 1 1 1
m 2 3 0
m 2 6 3
b 2
m 3 3 0
b 3
m 4 6 1
m 4 0 0
m 5 0 1
m 5 7 5
b 5
m 6 0 5
m 7 5 2
m 7 6 4
m 8 2 6
m 9 2 6
m 9 4 2
b 9
f 9
m 1 1 4
m 1 3 0
m 2 0 3
q 2
m 3 5 2
m 3 0 2
p
m 4 2 2
m 5 5 2
m 5 7 4
m 7 3 5
m 7 1 5
m 8 0 7
m 9 3 7
b 9
m 1 2 1
m 2 2 7
m 3 3 7
g 3 4 6
m 4 5 6
q 4
m 5 2 6
m 5 7 1
m 7 6 3
b 7
q 7
g 7 4 1
m 8 0 7
m 8 3 1
m 9 5 6
m 9 2 2
m 1 7 1
m 2 7 4
m 2 0 2
q 2
m 3 0 5
q 3
m 4 3 7
m 4 2 2
m 5 4 4
m 5 0 4
f 5
m 6 1 1
m 6 1 2
m 7 5 5
m 7 2 3
m 8 2 5
m 9 3 4
m 1 0 5
m 1 3 2
g 1 5 0
m 2 2 0
m 2 4 3
m 3 6 2
m 4 0 1
m 4 7 0
b 4
m 6 1 4
b 6
m 7 1 5
m 7 6 1
m 8 5 4
m 8 3 2
m 9 5 6
f 9
m 1 0 5
m 1 7 3
m 2 3 2
f 2
m 3 5 4
m 3 7 5
m 7 0 1
m 8 4 4
q 8
m 9 5 6
p
m 1 3 2
m 2 7 3
m 3 4 2
m 3 5 2
m 4 6 3
p
m 5 3 2
m 5 2 5
m 6 3 1
f 6
m 8 3 1
p
m 9 5 4
m 1 5 4
m 1 0 4
q 1
m 2 5 4
m 3 5 1
m 3 7 0
f 3
m 4 0 0
b 4
q 4
m 5 2 7
m 5 0 5
m 6 0 2
m 7 3 1
m 7 5 5
f 7
m 8 3 1
m 8 4 5
m 9 4 3
q 9
g 9 5 2
m 1 3 3
m 1 3 4
b 1
q 1
m 2 3 5
m 2 6 1
q 2
m 3 3 2
m 3 0 3
m 4 5 6
m 4 4 3
m 5 0 5
m 5 5 1
m 6 3 2
q 6
m 7 0 4
p
m 8 0 1
m 8 1 1
m 9 3 2
f 9
p
m 1 0 4
b 1
f 1
m 2 0 6
m 2 7 0
m 3 2 7
m 3 3 3
m 4 3 2
m 5 0 0
m 5 5 5
m 6 0 5
m 6 5 3
m 8 2 7
m 9 4 2
b 9
m 1 0 4
q 1
m 2 5 6
m 2 1 5
m 3 4 5
m 3 1 4
m 4 2 7
m 4 3 2
q 4
m 5 2 3
m 5 7 4
q 5
m 6 1 5
m 6 6 4

