B 9 10 5 18
m 2 9 2
m 2 3 8
m 3 5 6
m 4 9 8
m 4 0 7
m 5 3 3
m 5 8 8
m 1 4 3
m 2 5 1
m 2 6 9
b 2
m 3 5 6
m 4 2 3
m 5 3 1
m 5 1 3
q 5
m 1 7 3
q 1
m 2 9 7
m 2 5 4
b 2
m 3 5 2
m 3 1 8
m 4 0 3
m 4 3 6
g 4 3 1
m 5 0 8
m 1 4 3
m 1 5 9
m 2 2 7
m 2 1 3
q 2
m 3 9 8
q 3
m 4 0 4
m 4 8 8
g 4 8 1
m 5 1 1
m 1 9 0
m 3 6 8
m 3 0 5
m 4 6 8
m 5 5 5
m 1 6 4
m 1 1 8
m 2 2 9
m 2 4 0
m 3 4 1
q 3
m 5 8 2
m 1 3 7
q 1
m 2 6 8
m 3 7 6
p
m 4 2 4
m 4 4 6
m 5 2 6
f 5
m 2 8 2
m 2 7 0
m 3 6 6
b 3
m 4 1 8
b 4
m 5 8 5
m 1 0 6
m 1 3 7
f 1
m 2 5 2
m 2 2 5
b 2
m 4 8 2
m 4 0 8
m 1 7 1
m 3 2 5
m 3 0 2
m 4 9 4
b 4
f 4
m 5 5 7
b 5
m 1 9 0
f 1
m 3 1 6
b 3
m 5 4 1
m 5 0 6
q 5
m 1 3 6
m 2 7 1
m 3 6 6
m 3 1 8
b 3
f 3
q 3
m 4 6 0
m 5 1 2
m 1 4 3
q 1
m 2 1 2
f 2
m 3 9 3
m 3 4 9
m 4 9 8
m 4 6 1
g 4 1 7
m 5 7 8
m 1 3 6
m 2 9 0
m 2 8 5
m 3 4 3
m 4 4 5
b 5
q 5
m 2 6 4
m 3 8 2
m 4 9 8
g 4 7 3
m 5 5 8
m 5 6 4
m 1 4 0
b 2
m 3 7 4
m 3 7 6
q 3
m 4 8 2
m 4 8 0
m 5 5 1
m 5 8 6
m 1 5 7
m 1 2 8
m 2 5 6
m 2 3 1
m 3 0 3
m 5 6 9
b 5
m 1 6 2
m 2 9 8
m 3 5 1
m 3 0 3
m 4 2 2
m 4 7 1
q 4
m 5 5 7
q 5
m 1 2 5
m 1 0 3
m 2 6 0
m 2 6 0
b 2
m 3 9 7
m 4 8 6
m 5 3 3
m 1 0 3
m 2 7 1
m 3 0 7
m 3 6 6
m 4 0 4
m 5 2 0
m 1 2 9
m 2 0 9
m 3 5 0
m 4 6 3
m 4 6 7
m 5 5 6
m 5 6 6
m 1 7 8
f 1
m 2 5 6
p
m 3 7 8
m 3 0 1
m 4 3 5
m 4 3 1
f 4
q 4
m 5 4 8
m 3 7 7
m 3 5 6
m 4 4 3
m 4 1 8
p
m 5 6 5
m 1 5 1
m 1 2 1
q 1
m 2 4 1
m 2 5 8
q 2
m 3 2 3
m 3 6 1
m 5 8 1
m 1 7 1
m 1 6 0
m 2 9 1
m 3 6 5
m 4 7 4
m 4 3 3
m 5 2 7
m 5 0 9
m 1 9 1
b 1
m 2 3 8
m 2 5 7
m 3 4 4
m 3 1 3
f 3
m 4 0 1
m 5 5 7
m 1 2 3
m 2 5 1
m 2 5 0
m 3 7 5
m 4 4 1
q 4
m 5 0 1
m 5 4 5
b 5
m 1 9 7
q 1
m 2 9 8
g 2 4 0
m 3 2 1
m 4 4 1
m 4 7 7
b 4
g 4 1 7
m 5 0 3
f 5
m 1 7 4
m 1 5 9
m 2 9 1
g 2 9 6
m 3 4 1
m 4 7 1
m 4 3 3
m 5 3 3
b 1
m 2 4 1
m 3 9 1
m 3 2 1
m 5 4 8
f 5
q 5
m 1 0 4
m 1 7 5
f 1
m 2 0 3
m 2 2 3
m 3 0 0
m 3 0 0
f 3
m 5 2 7
m 1 5 3
m 2 3 3
m 3 8 0
m 3 4 1
f 3
m 4 0 3
m 4 1 7
f 4
p
m 5 7 4
m 1 5 2
f 1
m 2 7 4
m 2 7 6
f 2
m 3 9 1
m 3 0 4
m 4 0 3
m 4 0 8
m 5 9 7
m 5 2 0
b 5
m 1 7 4
m 2 8 5
m 2 2 6
b 2
m 3 8 8
m 3 5 8
m 4 4 1
m 4 0 8
m 5 7 8
b 5
m 1 5 1
m 2 4 3
m 2 8 1
b 3
g 3 7 8
m 4 9 8
m 4 7 6
m 5 5 7
m 5 5 7
m 1 2 4
m 1 6 1
m 2 4 1
m 2 8 9
q 2
m 3 6 3
m 4 8 9
f 4
m 5 9 1
m 5 4 2

