B 5 10 5 10
m 1 5 0
m 1 0 9
m 2 5 0
m 2 0 1
m 3 7 3
m 3 4 3
m 4 4 3
m 5 0 5
m 1 1 2
q 1
m 2 7 1
m 3 3 9
m 4 8 2
m 5 0 1
m 1 4 6
q 1
m 2 3 2
m 2 4 6
m 3 9 2
m 3 1 4
m 4 4 2
m 4 0 3
m 5 2 3
q 5
m 1 0 0
b 1
f 1
m 2 6 3
m 3 4 4
m 3 1 4
f 3
m 4 0 4
m 5 8 1
q 5
m 1 2 7
m 1 1 5
m 2 3 3
m 3 8 1
m 3 3 4
m 4 2 3
m 5 5 3
m 1 3 1
m 4 2 6
m 4 3 9
m 5 5 2
m 5 3 6
m 1 2 5
p
m 2 0 1
m 2 3 0
f 2
m 3 1 2
m 4 4 2
m 5 2 4
m 1 1 1
m 1 2 2
m 2 8 1
m 2 4 9
b 2
m 3 8 3
m 4 8 1
f 4
m 5 2 8
m 1 4 8
b 1
m 2 3 0
m 3 1 4
m 3 3 7
m 4 2 1
m 4 2 0
m 5 8 1
m 5 1 2
m 1 0 1
m 1 3 1
m 2 7 1
m 2 2 9
q 2
m 3 7 1
m 4 1 4
m 4 4 9
b 4
p
m 5 8 1
m 1 6 0
m 1 0 5
m 2 5 3
m 2 2 0
b 2
f 2
m 3 8 3
m 3 0 7
g 3 7 2
m 4 8 3
m 4 1 4
b 4
q 4
m 5 8 0
q 5
m 1 0 4
m 2 8 3
m 2 4 1
m 3 2 0
m 3 0 2
m 4 8 1
m 4 4 7
m 1 8 3
m 1 3 7
q 1
m 2 3 2
m 2 4 6
m 3 1 6
m 3 1 4
m 5 7 1
m 5 3 7
q 5
m 1 8 3
m 1 2 0
m 2 5 4
m 3 1 2
q 3
m 4 0 1
m 5 0 4
m 5 3 8
m 2 7 1
g 2 6 1
m 3 8 0
m 3 1 0
m 4 1 2
b 4
m 5 8 0
m 5 4 7
m 1 7 1
f 1
m 2 6 0
m 3 3 1
m 4 5 4
m 4 0 7
f 4
q 4
m 5 4 2
m 5 3 0
f 5
m 1 8 0
m 1 1 6
m 2 2 8
m 2 2 6
q 3
m 4 7 1
f 4
q 4
m 5 5 4
m 5 2 9
f 5
m 1 7 1
m 1 3 6
m 2 4 0
m 3 5 3
m 4 1 5
m 5 4 5
m 1 1 5
m 2 9 1
q 2
m 3 9 1
m 3 1 7
m 4 5 3
m 5 8 0
m 5 3 2
m 1 8 1
p
m 2 0 6
m 3 8 1
m 4 8 0
m 4 3 1
b 4
m 5 3 5

