B 20 19 3 171
m 1 9 16
m 1 18 5
m 2 4 2
m 3 14 15
m 3 4 7
m 2 17 8
m 2 17 12
m 3 16 15
q 3
m 1 8 19
m 2 11 2
m 2 19 0
b 2
m 3 10 2
b 3
m 1 12 14
m 2 18 19
m 2 0 3
b 2
p
m 3 5 10
m 1 10 0
g 1 10 5
m 2 18 19
m 2 15 15
m 3 4 14
m 3 0 9
m 1 10 3
m 2 3 4
m 2 4 8
m 3 9 16
b 3
m 2 15 17
m 2 10 7
f 2
m 3 16 0
m 3 10 10
m 1 9 6
f 1
m 2 14 1
m 3 3 18
m 3 3 17
q 3
g 3 14 12
m 1 1 15
m 2 4 5
m 3 0 5
b 3
m 1 12 9
m 2 0 2
m 2 19 8
m 3 0 7
m 3 19 15
m 1 17 19
m 1 2 13
f 1
m 2 12 8
m 2 5 10
m 3 14 0
f 3
m 1 17 14
q 1
b 2
q 2
m 3 13 9
m 3 1 17
m 1 14 0
m 1 3 12
f 1
g 1 7 0
m 2 17 1
m 1 16 2
m 1 1 5
m 2 4 0
m 3 12 12
m 1 11 18
m 1 19 7
m 2 7 9
m 2 8 0
m 3 0 9
m 3 16 6
p
m 1 12 7
m 1 4 1
m 2 3 7
m 2 12 18
m 3 6 0
m 1 2 6
m 2 2 14
g 2 15 16
m 3 13 14
m 1 9 4
m 1 4 8
m 2 9 8
p
m 1 17 2
m 1 9 15
m 2 17 9
m 2 14 13
m 3 9 14
m 3 9 11
b 3
m 1 4 10
m 2 15 2
m 3 0 2
m 3 0 10
m 1 15 15
m 2 5 17
g 2 5 1
m 3 3 13
b 3
m 1 10 17
m 2 9 3
m 2 9 10
m 3 17 18
m 1 4 0
m 2 5 14
q 2
m 3 9 0
m 1 10 7
m 2 13 16
m 2 8 5
m 3 2 1
m 3 8 13
m 1 6 7
m 1 18 4
m 2 11 14
m 3 3 4
m 3 4 3
b 3
m 1 6 8
m 2 9 5
m 3 1 1
m 3 6 0
m 1 11 16
m 2 5 7
m 3 14 17
m 1 14 7
m 2 13 4
m 3 15 11
m 1 4 12
m 1 8 9
m 2 2 13
m 3 9 18
m 1 17 1
m 2 17 12
m 3 3 5
m 3 10 12
m 1 16 5
m 2 4 4
b 2
m 3 11 10
f 3
m 1 6 12
m 2 3 17
q 2
m 3 16 14
m 1 6 0
m 1 14 4
f 1
p
m 2 17 17
m 2 7 16
m 3 15 6
m 1 15 16
m 1 8 6
m 2 9 16
m 2 7 8
q 2
m 3 0 2
m 1 2 2
m 2 11 8
g 2 2 1
m 3 5 14
b 3
m 1 3 5
m 1 16 2
m 1 13 8
m 2 10 19
m 2 11 6
m 3 15 9
m 1 18 2
m 1 18 0
g 1 7 0
m 2 3 17
m 2 14 10
g 2 0 9
m 3 1 5
m 3 5 15
m 1 5 17
m 1 0 5
m 2 8 6
m 2 6 13
m 3 9 3
m 1 13 10
m 1 9 4
m 2 18 6
m 2 7 1
m 3 7 9
m 3 6 18
m 1 6 10
m 2 10 7
m 2 15 9
p
m 3 11 19
m 3 8 4
m 1 8 14
m 1 2 10
m 2 17 13
m 3 18 14
m 3 13 1
m 2 4 11
q 2
m 3 12 4
m 1 15 2
m 1 18 6
f 1
m 2 6 5
m 3 8 10
q 3
m 1 4 7
q 1
m 2 11 5
m 2 11 6
m 3 12 11
m 1 16 5
m 2 8 6
m 3 11 7
m 1 5 7
m 1 9 0
m 2 3 2
m 2 12 0
m 3 3 13
m 3 5 12
m 1 3 16
g 1 17 17
m 2 19 14
m 2 1 1
g 2 7 11
m 3 8 0
m 1 2 7
m 2 16 10
m 3 13 7
m 3 10 1
f 3
m 1 9 11
m 2 9 7
m 2 16 9
m 3 16 3
f 3
m 1 15 12
m 1 0 9
b 1
m 2 14 1
m 2 17 14
m 3 19 5
m 3 0 4
q 1
m 2 7 16
m 3 16 5
m 1 15 3
m 2 0 1
g 2 14 12
m 3 1 16
q 3
m 1 12 8
m 1 0 7
m 2 8 8
m 3 12 2
m 3 3 14
m 1 13 4
m 1 11 9
b 1
m 2 17 7
m 3 0 13
m 1 13 13
m 1 19 17
q 1
m 2 8 1
f 2
m 3 0 1
b 3
g 3 5 1
m 1 16 17
m 1 19 3
g 1 1 13
p
m 2 5 5
b 2
g 2 18 17
m 3 4 8
m 1 9 19
m 2 17 11
m 2 3 3
m 3 16 16
p
m 1 5 4
m 2 2 8
m 2 7 13
m 3 8 1
m 3 11 10
f 3
m 1 7 3
m 1 11 10
m 2 0 15
m 2 10 10
m 3 11 17
m 3 2 12
m 1 16 18
m 1 14 15
m 2 4 15
m 3 5 15
m 3 11 6
m 1 0 3
q 1
p
m 3 14 14
b 1
m 2 16 1
m 2 0 17
m 3 16 19
m 3 15 11
m 1 2 13
m 1 13 2
m 2 1 0
m 2 8 16
m 3 13 11
m 3 6 5
m 1 10 18
m 1 16 5
m 2 7 18
m 3 9 6
m 1 3 1
f 1
m 2 17 9
m 2 4 13
g 2 17 3
m 3 3 14
g 3 7 14
m 1 9 2
m 2 12 14
b 3
m 1 18 2
m 1 3 5
m 2 16 10
m 2 9 1
p
m 3 8 18
g 3 11 8
m 1 0 15
m 1 7 18
p
m 2 4 11
m 3 11 0
m 3 6 17
m 1 10 0
m 1 6 5
q 1
m 2 4 1
m 2 11 9
m 3 9 3
b 3
m 1 18 14
m 1 4 1
b 1
m 2 8 4
m 3 16 0
m 3 6 16
b 1
p
m 2 8 17
m 2 1 1
m 3 3 13
f 3
p
m 1 17 0
m 1 1 17
b 1
m 2 6 4
g 2 0 16
m 3 14 6
b 3
m 1 9 19
m 1 9 2
f 1
m 2 12 8
m 2 15 11
g 2 8 6
m 3 10 12
m 1 2 11
m 2 14 16
m 3 2 1
m 3 0 2
m 1 11 0
m 2 2 4
m 2 3 13
m 3 13 11
m 3 0 6
m 1 10 12
b 1
m 2 7 15
q 2
m 3 3 5
m 3 16 3
m 1 9 5
f 1
m 2 0 3
m 3 7 16
b 3
m 1 17 13
m 1 15 4
f 1
m 2 16 18
m 3 6 7
m 1 14 0
m 1 11 6
f 1
m 2 19 16
m 2 17 1
f 2
m 3 3 18
m 3 14 3
m 1 12 8
m 2 16 10
m 3 5 2
m 3 5 1
m 1 16 0
m 1 18 17
g 1 7 10
b 2
q 2
m 1 10 14
m 2 2 1
m 2 7 1
f 2
m 3 18 1
f 3
m 2 18 13
m 3 18 9
m 1 14 8
m 2 2 5
b 2
m 3 6 17
m 1 6 1
m 2 18 6
m 3 15 2
m 3 7 17
f 1
m 2 9 6
m 3 5 16
m 1 17 9
m 1 15 11
m 2 18 13
m 3 10 18
m 3 15 8
f 3
q 3
m 1 1 7
b 1
f 1
m 2 15 8
f 2
m 3 15 8
m 1 9 3
m 1 14 11
m 3 19 16
m 1 4 6
q 1
m 2 6 17
m 2 8 15
m 3 7 18
m 3 15 7
m 1 6 3
m 2 15 10
m 3 12 0
m 3 7 1
m 1 14 15
m 1 1 11
q 1
m 2 10 12
m 3 11 5
q 3
m 1 9 9
m 1 4 7
m 2 7 8
m 3 7 18
m 1 17 9
m 1 10 14
b 1
g 1 18 6
m 2 7 16
m 2 17 9
m 3 0 15
m 3 3 9
m 1 13 12
m 2 11 16
m 2 4 17
m 3 3 8
b 3
m 1 6 1
g 1 14 5
m 2 12 19
f 2
m 3 0 5
p
m 1 6 12
m 1 13 13
q 1
m 2 16 0
m 3 10 1
m 3 4 16
m 1 13 16
m 1 9 8
m 2 6 12
m 3 15 13
m 1 2 6
m 1 14 18
f 1
m 2 3 5
m 2 2 6
m 3 18 1
m 1 0 0
m 1 1 16
f 1
m 2 6 1
m 3 12 16
m 1 3 12
m 1 0 13
q 1
m 2 16 8
m 3 18 10
m 3 18 6
m 1 12 9
m 1 10 5
b 1
m 2 3 9
m 3 2 18
b 3
m 1 12 19
m 2 4 11
m 2 5 11
m 3 0 5
b 3
m 1 15 11
m 1 3 8
m 2 13 5
f 2
m 3 15 18
m 3 0 15
m 1 11 6
m 2 2 14
q 2
m 3 0 2
m 3 2 13
b 3
m 1 14 0
m 2 0 3
q 2
m 3 14 1
q 3
m 1 4 10
m 1 14 1
q 1
m 2 14 8
m 3 10 12
m 1 1 19
m 1 12 15
m 2 7 9
m 2 14 1
m 3 6 6
m 3 0 13
m 1 7 10
m 2 11 11
m 2 19 0
m 3 9 19
m 1 3 17
m 2 10 1
m 2 11 5
m 3 18 12
m 3 5 4
m 1 16 2
g 1 8 15
m 2 1 15
b 2
q 2
m 3 10 7
m 3 9 13
m 1 12 8
m 1 13 15
m 2 17 10
q 1
m 2 3 18
m 3 12 19
m 3 8 1
q 3
m 1 11 7
m 2 17 9
q 2
m 3 18 1
m 3 12 5
m 1 0 15
m 1 14 1
f 1
m 2 3 3
m 3 9 11
m 1 7 8
b 1
m 2 9 10
m 2 4 16
m 3 8 1
m 3 11 7
f 3
m 1 3 14
m 2 2 3
m 2 2 4
q 2
m 3 12 0
m 1 14 6
m 1 18 5
m 2 8 16
m 2 14 4
m 3 10 7
m 2 11 18
m 2 1 7
m 3 3 18
m 1 17 8
m 1 9 18
b 1
m 2 10 0
m 2 13 5
f 2
m 3 6 17
m 1 1 12
m 2 1 11
m 1 2 14
m 1 18 1
m 2 2 1
p
m 3 17 9
m 1 0 3
q 1
m 2 9 6
f 2
m 3 4 2
m 3 6 3
m 1 9 4
p
m 3 6 5
m 3 11 4
m 1 18 19
m 1 8 12
m 2 4 8
m 2 4 13
m 3 2 1
m 3 4 15
f 3
m 1 17 6
m 3 13 11
m 3 18 2
g 3 12 15
m 1 11 6
m 2 11 10
f 2
m 3 4 10
m 3 6 15
m 1 8 18
g 1 2 14
m 2 8 18
m 3 15 10
m 3 9 13
m 1 16 10
q 1
m 2 9 1
m 2 2 4
f 2
m 3 15 7
m 3 1 14
m 1 0 16
m 1 10 14
m 2 6 10
m 3 3 1
m 3 9 0
f 3
m 1 13 5
m 3 1 15
m 3 3 18
m 1 0 12
b 1
m 2 10 12
m 2 11 9
m 3 4 16
m 3 4 1
f 3
m 1 1 6
q 1
m 2 11 10
m 2 5 4
m 3 8 15
m 3 9 6
m 1 18 0
m 1 17 2
b 1
m 2 5 7
m 3 8 2
m 1 1 11
m 2 19 12
f 2
q 2
m 3 16 17
m 1 10 1
m 2 4 9
m 3 3 5
m 1 14 11
m 2 15 3
q 2
m 3 15 3
m 3 5 4
m 1 10 8
m 1 19 10
m 3 9 1
m 1 1 12
m 1 0 4
q 1
m 2 7 8
m 2 2 2
f 2
m 3 17 12
m 1 8 17
m 1 18 15
m 2 11 2
m 3 17 2
m 3 12 10
g 1 4 3
m 2 9 0
m 2 6 0
m 3 11 7
m 3 9 9
m 1 11 0
f 1
m 2 2 3
m 3 15 6
m 3 3 10
b 3
m 1 5 15
m 2 4 14
m 2 10 18
b 2
m 3 5 17
m 2 11 18
m 2 15 18
m 3 9 13
m 1 13 5
m 1 10 6
m 2 2 7
m 3 16 10
m 3 5 8
m 1 4 10
m 1 14 18
p
m 2 3 17
f 2
m 3 12 0
m 1 11 3
m 2 17 5
m 2 13 14
b 2
g 2 12 8
m 3 12 16
m 3 19 18
m 1 9 5
m 1 13 6
q 2
m 3 14 12
m 3 11 0
m 1 15 3
m 1 1 4
m 3 16 10
m 1 4 7
m 2 15 11
m 2 14 7
f 2
m 3 5 15
m 1 2 14
m 1 15 5
f 1
q 1
m 2 16 4
m 3 1 5
m 1 14 15
q 2
m 3 16 1
m 1 9 16
m 2 13 1
m 3 5 14
m 1 13 11
m 2 6 7
b 2
m 3 16 12
m 1 15 10
m 2 8 18
q 2
m 3 14 7
q 3
m 1 13 8
m 1 17 9
q 1
m 2 0 2
m 2 15 11
m 3 19 6
m 1 11 19
m 1 16 9
m 2 7 3
m 2 14 14
b 2
f 2
m 3 13 6
m 3 14 13
m 1 11 18
q 1
m 2 7 18
m 3 2 12
m 3 10 18
b 3
g 3 1 0
m 1 11 14
m 1 11 13
m 2 3 13
m 2 1 3
m 3 13 13
m 3 1 9
q 1
m 2 6 3
m 2 7 9
m 3 11 0
b 3
m 1 18 4
q 1
m 2 17 6
m 2 6 10
m 3 8 13
m 1 16 4
m 2 10 1
b 2
f 2
m 3 16 2
m 3 9 15
m 2 8 0
f 2
m 3 9 6
m 1 2 7
m 1 17 4
m 2 4 7
m 2 6 5
m 3 18 4
m 3 2 10
p
m 1 19 5
b 1
g 1 13 17
m 2 17 4
m 2 5 4
b 2
m 3 7 6
f 3
g 3 6 18
m 1 12 9
m 3 2 9
q 3
m 1 5 9
q 1
m 2 18 18
m 2 3 15
b 2
m 3 7 9
m 3 12 5
m 1 14 0
m 2 12 9
m 2 6 9
f 2
m 3 7 16
m 3 12 16
f 3
m 1 18 4
m 2 1 12
m 3 11 5
m 3 18 2
m 2 1 19
m 3 12 12
m 3 12 7
m 1 7 15
m 2 15 17
q 2
m 3 3 5
q 3
m 1 11 7
m 2 13 16
m 2 1 10
m 3 3 16
m 3 9 1
f 3
m 1 10 1
m 1 1 3
m 2 9 14
g 2 12 6
m 3 7 8
f 3
m 1 6 14
m 1 5 5
m 2 18 17
f 3
m 1 5 11
m 2 4 7
m 2 14 1
m 3 16 0
m 1 14 15
m 1 5 7
g 1 12 5
m 2 11 16
m 2 17 11
m 3 5 9
m 3 5 13
p
m 1 6 6
q 1
m 2 2 6
m 1 19 15
m 2 4 9
m 3 18 2
q 3
m 1 11 16
m 2 18 4
f 2
m 3 19 3
m 3 7 15
m 1 14 0
m 1 3 4
m 2 4 7
m 2 12 9
f 2
q 2
m 3 13 8
q 3
p
m 1 7 7
m 1 2 1
m 2 11 6
m 2 15 11
p
m 3 2 7
m 1 12 13
m 2 0 15
m 3 3 13
m 1 18 4
m 1 2 9
m 2 0 15
m 2 0 0
b 2
q 2
m 3 4 7
f 3
g 3 6 18
m 1 13 16
m 2 16 10
m 3 5 10
g 3 16 13
m 1 16 17
m 2 11 18
m 2 15 7
m 3 7 18
m 3 1 12
m 1 6 0
m 2 16 10
m 3 5 7
m 3 14 16
m 1 0 13
b 1
m 2 2 19
m 2 16 7
m 3 11 18
m 3 6 5
g 3 7 6
m 1 3 18
m 2 7 16
m 2 9 1
m 3 14 9
m 1 18 5
m 2 16 10
m 2 5 15
m 3 13 10
m 3 18 1
m 1 3 2
f 1
m 2 4 2
m 3 17 9
b 3
m 2 5 14
m 2 12 2
q 2
m 3 9 19
m 1 3 18
m 1 18 3
m 2 11 0
m 2 6 16
m 3 7 8
f 3
m 1 11 0
m 1 7 14
m 2 9 10
m 2 17 7
m 3 2 19
m 3 3 9
f 3
m 1 0 5
m 1 9 18
m 2 8 0
m 2 10 9
m 3 3 2
m 3 1 16
m 2 17 18
m 3 5 14
m 3 1 13
b 3
m 1 13 10
m 1 17 12
b 1
g 1 16 16
m 2 17 3
m 3 14 15
m 3 12 6
m 1 2 1
m 1 14 12
m 2 2 19
b 2
f 2
m 3 18 5
m 3 13 13
p
m 1 5 9
m 2 4 7
m 2 1 1
m 3 16 17
m 2 11 8
q 2
g 2 18 17
m 3 11 8
m 1 9 15
m 2 10 16
m 3 2 1
m 3 4 4
m 1 17 2
m 2 0 15
m 2 17 14
m 3 5 7
q 3
m 1 2 6
f 1
m 2 0 8
m 2 9 9
q 2
m 3 15 11
m 1 14 0
m 1 9 14
m 2 17 17
m 3 14 9
m 3 17 9
m 1 6 3
m 1 10 7
q 1
p
m 2 11 6
q 2
m 3 7 18
m 3 9 13
p
m 1 18 4
m 2 6 2
m 2 4 9
b 2
q 2
m 3 18 13
q 3
m 1 11 0
m 2 15 11
g 2 17 1
m 3 7 9
m 3 5 8
m 1 11 16
m 2 18 18
m 3 9 11
m 1 9 10
m 2 11 10
q 2
m 3 7 8
f 3
m 1 11 10
m 2 11 7
m 3 11 14
g 3 16 19
m 1 9 18
m 2 0 13
m 2 15 4
m 3 2 19
f 3
m 1 18 7
p
m 2 16 11
m 3 10 10
q 3
m 1 18 17
m 2 4 10
g 2 0 14
m 3 11 8
p
m 1 1 19
m 2 7 8
m 2 19 14
g 2 14 16
m 3 2 1
m 3 10 8
m 1 0 2
m 1 6 9
m 2 11 0
m 2 15 13
m 3 1 9
m 3 13 11
b 3
m 1 8 1
m 1 0 3
b 1
m 2 8 18
m 3 13 16
f 3
m 1 12 7
m 2 5 14
f 2
m 3 7 8
m 1 12 11
m 2 15 2
m 2 16 10
m 3 19 1
m 1 11 2
q 1
m 2 17 13
m 3 10 5
m 1 11 6
m 1 14 11
q 1
m 2 6 17
m 3 18 13
m 3 10 10
m 1 3 5
q 1
m 2 10 16
q 2
m 3 3 8
m 1 7 8
m 1 9 13
q 1
m 3 17 2
b 3
m 1 12 9
f 2
b 3
m 1 9 7
b 1
m 2 18 17
m 3 11 18
m 3 11 4
m 1 14 0
g 1 13 6
m 2 19 8
p
g 3 14 10
m 1 0 2
m 2 12 17
m 3 15 18
q 3
m 1 2 1
m 1 0 9
q 1
m 2 3 10
m 2 5 17
m 3 8 14
m 3 9 12
g 3 13 11
m 1 10 6
m 2 7 11
m 3 0 15
m 3 15 10
g 1 5 2
m 2 16 5
m 2 17 3
m 3 11 8
m 3 16 18
f 3
m 1 6 2
m 2 12 2
m 2 6 17
m 3 3 5
m 1 10 8
b 1
m 2 10 12
m 2 19 3
m 3 6 15
b 3
m 1 0 2
m 1 12 7
m 2 0 5
m 2 14 12
m 3 3 8
m 3 12 12
m 1 1 12
f 1
m 2 16 18
m 2 6 12
q 2
m 3 15 2
b 3
p
m 1 11 3
m 2 3 8
m 2 10 14
q 2
m 1 0 7
m 2 5 7
m 3 1 7
m 1 11 10
m 1 2 6
m 2 1 2
m 3 12 15
m 1 7 8
b 1
m 2 12 7
m 3 16 1
m 1 15 17
m 1 4 15
m 2 0 7
m 3 14 15
m 1 11 10
m 1 7 15
m 2 1 10
m 2 5 10
m 3 4 19
m 3 0 3
b 3
m 1 17 2
q 1
m 2 18 13
m 3 4 19
m 3 8 3
m 1 11 3
m 1 9 5
q 1
m 2 16 17
m 2 14 6
b 2
f 2
m 3 4 6
m 3 0 1
m 1 0 15
m 1 11 4
b 1
m 2 11 10
b 2
m 1 2 19
m 2 4 10
b 2
m 3 2 15
m 1 2 5
m 1 5 3
m 2 11 19
m 2 19 11
m 3 5 14
m 1 3 11
f 1
m 2 0 2
m 2 14 16
m 3 17 9
m 3 6 10
b 3
m 1 13 7
b 1
m 2 4 7
m 3 4 19
m 1 11 7
m 2 11 0
m 3 2 7
b 3
m 1 17 13
m 2 12 11
m 3 3 5
m 1 19 1
m 2 11 8
m 3 0 12
q 3
m 1 5 15
q 1
m 2 10 13
f 3
m 1 0 7
m 2 14 13
m 2 1 18
f 2
m 1 1 11
m 1 1 0
m 2 16 9
m 2 18 0
m 3 3 13
m 1 2 19
m 1 1 16
m 2 6 5
m 2 17 2
f 2
q 2
m 3 0 2
m 3 4 11
m 1 18 4

