B 8 5 6 8
m 1 1 4
m 2 0 2
f 2
m 3 2 4
m 4 1 2
m 4 5 4
b 4
f 4
m 5 0 5
b 5
f 5
m 6 4 3
m 6 0 4
m 1 0 6
m 1 5 4
g 1 3 4
m 2 0 1
m 3 1 6
m 3 4 2
f 3
m 4 3 3
m 4 2 1
m 5 2 3
m 5 4 4
m 6 6 1
m 1 4 7
m 1 7 3
q 1
m 2 4 6
m 4 1 4
f 4
m 5 0 5
m 6 1 4
m 1 3 4
m 1 7 1
m 2 5 1
m 2 5 3
m 3 3 1
m 4 7 1
q 4
m 5 0 1
m 6 3 6
b 6
m 1 7 0
m 3 3 2
m 5 3 1
m 6 3 6
m 2 0 5
m 3 3 1
m 3 7 2
f 3
m 4 0 2
m 5 7 2
m 6 6 1
m 1 2 3
m 1 3 4
f 1
m 2 4 7
m 3 1 1
m 3 6 0
m 4 3 0
g 4 1 5
m 5 4 2
m 6 1 4
m 6 5 3
m 1 0 3
m 1 5 2
q 1
m 2 0 1
m 2 6 4
m 3 2 6
m 4 0 2
m 5 0 0
m 6 0 4
m 6 3 2
m 1 0 2
b 1
q 1
m 2 0 5
m 2 0 3
m 3 0 1
m 4 3 6
m 5 1 4
m 6 4 7
m 1 3 1
m 2 0 1
m 2 6 3
m 3 4 7
m 4 6 2
m 4 5 1
q 4
m 5 3 1
m 5 0 0
m 6 4 1
m 1 6 1
m 2 0 2
m 2 7 0
m 3 1 3
m 4 2 0
m 4 5 3
m 5 0 1
m 6 0 0
p
m 1 4 4
m 1 1 2
m 3 2 2
m 3 3 1
m 4 5 0
m 4 3 3
f 4
m 5 4 7
m 6 0 1
m 1 0 2
m 1 4 2
m 2 0 1
m 3 1 0
m 4 4 7
m 5 4 7
m 5 2 2
m 6 4 7
m 6 7 4
q 6
g 6 4 1
m 1 0 4
p

