B 6 20 8 17
m 1 19 1
m 2 12 0
q 2
m 3 5 4
m 5 2 5
m 5 0 13
m 6 17 3
m 6 2 13
q 6
m 7 6 0
m 8 19 0
f 8
m 1 3 14
b 1
m 2 1 2
m 3 8 5
m 4 0 12
m 4 4 18
m 5 0 16
m 5 1 10
m 6 9 1
m 6 5 15
m 7 7 1
m 8 2 7
m 8 5 8
m 1 4 2
f 2
m 3 5 4
m 4 16 2
g 4 15 5
m 5 19 3
m 6 0 8
b 6
p
m 7 3 17
q 7
m 8 1 16
m 1 6 4
m 1 4 9
b 1
m 3 9 1
m 4 5 17
m 4 4 16
m 5 9 3
m 5 0 2
g 5 18 4
m 6 18 2
q 6
m 7 0 1
f 7
g 7 4 5
m 1 11 5
m 1 4 17
q 1
p
m 2 19 4
m 2 0 14
b 2
q 2
m 3 11 3
m 3 2 11
m 4 4 5
b 4
q 4
m 5 14 2
m 5 0 15
f 5
m 6 3 15
m 7 5 15
m 7 0 1
f 7
p
m 8 4 3
m 8 2 1
q 8
m 1 4 0
m 1 4 19
m 2 13 4
m 2 1 4
m 3 1 4
m 3 4 8
m 4 1 1
m 5 3 1
m 5 5 17
m 6 5 6
m 7 3 5
g 7 11 2
m 8 12 5
m 8 4 5
m 1 0 5
m 2 9 0
m 2 5 3
m 3 2 14
b 3
m 4 17 0
m 4 2 3
b 4
q 4
m 5 3 19
m 5 4 13
m 6 18 1
b 6
f 6
m 7 12 1
q 7
m 8 1 3
m 8 1 4
p
m 1 2 1
b 1
m 2 1 18
m 2 3 5
f 2
m 3 4 12
m 3 3 16
m 4 0 5
m 4 2 9
m 5 0 1
m 5 4 15
q 5
m 8 3 0
b 8
q 8
g 8 1 0
p
m 2 11 5
m 3 3 0
b 3
p
m 4 1 10
m 4 0 16
p
m 5 17 2
m 5 2 18
m 6 2 15
b 6
m 7 4 5
m 7 5 4
m 8 14 1
m 8 4 6
b 8
m 1 11 4
m 1 1 0
m 2 2 5
m 2 0 8
q 2
m 3 4 3
m 3 3 11
m 4 9 5
g 4 4 1
m 5 1 5
m 5 2 7
m 6 10 5
m 6 1 15
m 7 3 14
m 8 5 6
m 1 13 3
b 1
m 2 13 3
m 3 14 5
m 3 3 15
m 4 3 11
m 4 1 19
m 6 0 5
m 7 4 0
m 8 5 9
m 8 2 7
m 1 0 16
b 1
b 2
m 3 3 6
m 3 3 0
m 4 11 1
m 6 10 5
m 6 4 15
m 8 6 2
g 8 17 4
m 1 1 9
g 2 18 4
m 3 0 2
m 4 11 1
g 5 9 2
m 6 12 3
p
m 8 6 1
m 1 5 5
q 1
m 2 0 18
m 3 2 9
m 5 1 0
q 6
m 7 17 1
m 7 2 7
b 7
q 7
m 8 3 1
m 8 0 10
b 8
m 1 11 0
m 2 12 2
m 2 2 13
q 2
p
m 5 0 18
m 6 14 4
m 7 1 16
m 8 10 2
m 8 0 2
m 1 2 3
m 1 0 1
m 2 0 19
b 2
m 3 6 2
m 3 1 12
q 3
m 4 12 2
m 5 12 5
m 5 5 14
f 5
m 6 3 11
m 7 14 1
m 7 5 17
m 8 3 11
m 8 3 7
b 8
f 8
m 1 18 3
m 1 3 13
f 1
g 1 14 2
m 2 13 1
m 3 12 2
m 3 2 14
b 3
m 4 16 5
m 5 2 5
m 6 1 16
m 6 4 6
m 7 13 5
f 7
m 8 4 2
m 1 4 3
g 1 15 4
m 2 6 1
m 3 10 3
m 4 4 8
m 5 9 3
m 5 4 18
g 5 11 3
m 6 10 5
f 6
m 7 8 2
m 7 5 12
m 8 2 19
m 1 0 2
b 1
m 2 8 3
b 2
q 2
m 4 16 5
f 4
q 4
m 5 10 3
q 5
m 6 3 19
q 6
m 7 4 0
m 7 5 13
m 8 2 3
m 1 4 2
m 1 4 17
m 2 16 5
f 2
m 3 8 2
m 4 10 2
m 4 0 2
m 5 1 5
m 5 1 7
m 6 10 4
m 8 0 0
m 8 4 9
f 8
q 8
g 8 5 0
m 1 17 2
m 1 0 3
b 1
m 2 6 0
b 2
p
m 3 2 12
b 3
m 4 2 5
b 4
q 4
m 5 19 5
m 5 1 1
m 6 3 5
p
m 7 0 14
m 8 3 1
m 8 5 14
m 1 1 5
m 1 0 9
q 1
m 2 2 6
g 2 9 0
m 3 6 1
m 4 4 16
m 5 7 5
m 5 3 13
q 5
m 6 11 4
m 6 1 14
m 7 2 5
m 7 0 2
m 8 19 5
g 8 3 2
m 1 1 13
q 1
m 2 16 5
m 4 1 5
m 5 16 2
m 5 5 5
m 6 3 15
f 6
m 7 7 5
m 7 3 17
q 7
g 7 3 1
m 8 1 9
m 8 1 19
m 1 6 0
m 1 4 9
b 2
m 3 0 1
m 4 1 6
m 5 5 14
m 6 11 4
m 6 3 19
m 7 18 3
q 7
m 1 5 16
p
m 2 4 16
m 3 6 0
m 4 3 4
m 5 1 5
g 5 13 3
m 6 2 8
g 6 12 2
m 7 0 15
m 8 11 1
m 1 0 0
m 1 4 13
q 1
m 2 1 4
m 3 2 5
m 3 0 17
m 4 19 5
m 5 18 3
m 5 0 10
m 6 8 1
m 6 4 18
b 6
m 7 4 18
m 8 16 2
f 8
m 1 0 2
m 2 0 11
m 3 0 7
b 3
m 4 2 10
m 5 18 5
m 5 0 4
q 5
m 6 10 5
m 6 1 3
b 6
m 7 7 4
m 7 0 2
m 8 3 13
m 8 3 9
m 1 1 4
m 1 2 2
q 1
m 2 0 5
m 2 4 17
f 2
m 3 18 3
m 3 2 17
m 4 18 3
m 5 0 5
f 5
m 6 4 2
m 7 10 5
m 7 1 7
g 7 14 1
m 8 1 16
m 8 4 16
m 2 10 3
f 2
m 3 7 4
m 4 0 0
b 4
q 4
m 5 3 9
m 5 0 6
m 6 1 17
m 7 0 8
q 7
p
m 8 2 5
m 8 3 9
q 8
m 1 14 4
p
m 2 3 3
m 2 0 1
m 3 2 5
m 3 2 18
g 3 4 3
m 4 0 2
m 4 0 2
m 5 11 5
m 6 19 5
m 6 1 10
b 6
m 7 2 5
b 7
m 8 14 4
q 8

