B 9 17 9 19
m 1 2 2
m 1 8 1
m 2 8 14
b 2
m 3 1 3
m 4 8 1
m 4 4 9
q 4
m 6 10 2
m 7 7 16
m 8 16 0
q 8
m 9 1 10
m 9 6 0
m 1 11 7
m 1 5 5
f 1
q 1
m 2 5 3
m 2 0 9
b 2
m 3 5 16
q 3
m 4 5 3
m 5 0 14
m 6 6 11
m 7 7 10
m 8 8 6
m 8 4 12
m 9 14 2
m 1 6 5
m 1 3 10
f 1
m 3 8 5
g 3 11 6
m 4 2 7
m 5 8 5
m 5 0 5
f 5
m 6 11 2
m 6 8 11
b 6
f 6
m 7 1 7
m 7 0 0
m 8 8 6
m 8 7 8
m 9 15 6
m 1 11 0
m 2 7 14
m 3 5 3
q 3
m 4 16 4
b 4
m 5 6 8
m 5 2 1
q 5
m 6 1 7
m 6 3 5
m 7 7 1
m 8 14 4
m 8 1 13
f 8
m 9 11 4
q 1
g 1 9 4
m 2 3 15
m 2 2 13
m 3 1 4
m 4 5 13
m 4 4 9
m 5 1 6
m 5 2 14
m 6 14 6
m 7 6 1
m 8 3 2
m 9 10 0
m 9 0 1
m 1 3 7
q 1
m 2 15 8
m 2 7 2
g 2 12 4
m 3 7 7
m 3 1 12
b 3
m 4 12 2
g 4 1 0
m 5 0 8
m 6 1 5
m 6 6 8
q 6
b 7
f 7
m 8 0 4
f 8
m 9 5 16
m 9 7 16
m 1 4 11
m 1 8 4
m 2 7 13
m 2 5 10
q 2
m 3 0 2
m 3 1 4
q 3
m 4 2 6
m 4 4 0
g 4 7 1
m 5 6 7
m 5 8 0
m 6 2 9
m 6 1 2
m 7 4 14
m 8 11 2
b 8
m 9 16 2
f 9
m 1 6 4
f 1
m 2 2 3
q 2
m 3 3 3
m 4 4 7
p
m 5 9 5
m 6 14 6
f 6
p
m 7 9 3
m 7 4 13
f 7
m 8 9 3
m 9 7 3
m 9 1 3
m 1 0 14
m 1 4 14
m 2 12 2
m 3 0 5
m 3 5 3
b 3
q 3
m 4 6 4
m 5 0 1
m 5 1 0
q 5
g 5 6 2
m 6 8 15
m 7 4 0
m 8 8 5
m 9 6 4
m 9 1 4
m 1 0 15
q 1
m 2 15 7
m 2 2 9
m 3 16 4
b 3
m 4 1 5
m 4 2 12
m 5 1 4
m 5 7 2
m 6 9 6
m 8 12 6
m 9 4 4
m 1 15 2
m 2 9 3
f 2
m 3 3 4
m 3 7 3
b 3
f 3
m 4 13 8
b 4
f 4
q 4
m 5 6 3
m 6 8 1
p
m 7 2 5
m 8 1 15
m 9 3 5
m 1 16 4
m 2 8 7
m 2 0 7
b 2
g 2 5 3
m 3 15 5
q 3
m 4 9 8
m 4 8 11
q 4
m 6 15 4
m 7 3 14
b 7
m 8 2 1
m 9 16 1
m 9 8 12
b 9
m 1 7 5
m 2 0 2
m 2 6 3
g 2 10 7
m 3 8 5
m 3 6 4
g 3 15 0
m 4 6 3
m 4 0 14
m 5 8 5
m 6 2 6
m 6 2 11
m 7 1 11
m 8 14 5
m 8 5 3
g 8 5 3
m 9 12 3
m 1 3 12
f 1
m 2 3 2
m 2 1 13
m 3 10 0
m 4 9 7
m 4 0 4
m 5 8 1
m 5 1 16
q 5
m 6 6 3
m 7 9 5
m 8 8 0
m 8 6 1
m 9 1 2
m 9 2 11
g 9 8 0
m 1 0 5
m 2 12 5
m 2 1 1
m 3 6 0
f 3
m 4 3 8
q 4
m 5 0 16
m 7 7 5
m 8 6 7
m 9 2 5
m 9 4 5
m 1 2 8
m 1 1 1
m 2 5 7
f 2
m 3 6 3
m 3 3 15
m 4 0 7
m 4 4 3
m 5 16 3
m 5 3 11
m 6 0 16
m 6 5 12
m 7 1 10
m 8 9 3
m 9 11 7
m 9 2 0
m 1 4 5
b 1
m 2 11 5
m 2 3 0
m 3 2 6
f 4
m 5 2 8
p
m 6 9 1
m 6 0 14
m 7 11 0
m 7 0 4
m 8 9 3
b 8
q 8
m 9 13 6
m 9 0 15
m 1 0 9
b 1
m 2 7 15
m 2 3 6
m 3 2 16
m 4 6 8
m 4 4 5
m 5 9 6
b 5
q 5
b 6
m 7 3 15
m 7 1 3
m 8 9 8
m 1 9 1
m 2 0 5
m 3 0 6
m 4 5 9
q 4
m 5 6 4
m 6 15 6
f 6
m 7 7 11
p
m 8 1 2
m 9 6 4
m 1 13 6
g 1 0 6
f 2
p
m 3 10 4
m 3 0 9
m 4 5 10
m 4 3 15
m 5 9 8
f 5
m 6 6 15
m 6 1 0
b 6
m 7 4 5
m 8 6 6
q 8
g 8 12 8
m 9 2 5
m 9 5 16
b 9
m 1 1 4
m 2 5 16
m 3 0 5
m 5 2 14
m 6 14 5
m 6 4 0
m 7 1 13
m 8 2 10
m 9 9 6
m 1 6 5
m 2 0 13
q 2
m 3 3 8
m 4 14 5
b 4
m 5 10 0
m 5 5 0
m 6 8 8
q 6
m 7 0 10
m 8 16 4
f 8
m 9 3 12
m 1 9 7
m 1 3 15
m 2 4 7
m 2 2 16
m 3 7 16
m 3 1 10
m 4 8 16
m 4 8 9
m 5 11 5
m 6 13 3
g 7 13 7
m 8 16 6
m 9 14 5
m 9 4 14
m 1 7 0
m 2 3 8
m 3 0 11
m 4 16 3
m 4 7 0
m 5 3 10
m 6 4 2
m 6 5 12
f 6
q 6
m 7 5 11
m 8 3 0
f 8
q 8
m 9 12 0
m 1 9 7
m 2 8 1
m 3 0 11
q 3
m 4 3 13
m 5 3 2
m 6 5 14
m 6 4 13
f 6
m 7 1 5
m 7 1 4
m 8 1 7
m 9 3 11
m 9 3 10
m 1 10 6
m 2 12 6
m 2 5 0
m 3 10 4
m 5 3 9
m 5 8 7
m 6 1 3
m 6 2 10
m 7 5 3
m 7 8 11
m 8 1 5
m 9 12 7
q 1
m 2 12 6
m 2 1 10
m 4 10 8
m 4 7 3
m 5 2 5
m 5 0 14
m 6 6 7
m 7 14 6
m 8 1 4
m 1 2 13
m 2 3 8
m 3 8 1
m 4 9 7
m 4 4 6
m 6 8 16
m 6 6 5
m 7 14 1
m 7 6 15
m 8 6 9
m 8 3 16
g 8 5 3
m 9 2 8
m 1 2 13
m 2 8 1
m 3 3 8
m 3 5 2
m 4 8 3
m 5 3 13
b 5
m 6 2 14
b 6
m 7 8 4
f 7
m 8 2 8
m 9 7 2
m 9 1 13
m 1 1 4
m 1 7 1
m 2 4 5
b 2
m 3 4 9
q 3
m 4 1 12
m 4 4 6
p
m 5 4 8
b 5
m 6 14 1
m 7 4 15
b 7
m 8 8 1
f 8
m 9 2 10
p
m 1 4 2
m 1 1 1
m 2 1 4
m 2 6 8
m 3 3 9
m 4 7 15
m 5 8 5
f 5
m 6 9 7
m 6 0 6
m 7 4 11
m 7 0 12
q 7
m 8 4 7
m 8 6 1
m 9 6 7
m 1 0 11
m 1 7 15
p
m 2 2 6
m 2 2 5
m 3 14 6
b 4
f 4
m 5 4 6
m 5 7 15
b 5
m 6 10 4
q 6
m 7 6 4
m 7 6 14
m 8 8 1
m 8 4 15
m 9 16 6
m 9 4 12
m 1 1 5
q 1
m 3 16 6
q 3
m 4 0 8
m 5 4 7
m 6 8 5
m 6 3 2
m 7 8 6
m 8 3 0
m 8 5 4
m 9 3 0
m 9 8 4
m 1 2 13
m 1 1 12
m 2 10 4
m 2 2 3
m 3 7 6
m 4 12 6
m 5 2 8
m 6 16 4
m 6 4 10
m 7 3 3
m 7 3 7
f 7
m 8 3 0
m 9 7 5
m 9 8 0
q 9

