B 8 7 6 6
m 2 1 6
m 2 1 4
m 3 3 0
m 4 7 1
m 4 5 5
p
m 5 1 2
m 6 6 0
m 1 1 5
m 1 6 3
q 1
m 2 1 3
m 2 1 6
m 3 4 4
f 3
m 4 0 1
m 4 0 6
m 5 4 5
m 6 2 4
m 1 6 4
m 1 5 3
m 2 3 4
m 3 6 2
m 4 6 7
f 4
m 5 0 2
m 5 1 1
b 5
m 6 3 2
m 1 3 0
m 2 0 7
m 2 6 3
m 3 5 3
f 3
m 4 3 0
g 4 4 3
m 5 6 6
m 6 3 4
m 1 7 2
m 1 0 4
b 1
q 1
m 2 5 1
m 3 4 4
m 4 1 2
m 4 5 2
q 4
m 5 4 5
m 5 6 2
q 5
g 5 3 1
m 6 0 6
f 6
m 1 3 3
m 2 2 4
f 2
m 3 6 3
b 3
q 3
p
m 4 5 6
m 4 3 3
f 5
p
m 6 5 7
m 1 3 4
m 2 1 2
m 3 5 1
m 3 6 3
m 4 1 2
m 4 6 2
m 5 1 4
m 5 7 6
q 5
m 6 3 0
m 2 4 7
m 3 0 4
m 4 6 0
q 4
m 5 0 0
m 6 1 5
m 6 0 4
f 6
m 1 0 1
m 1 3 3
m 2 3 0
m 2 7 0
m 4 4 5
m 4 1 3
m 5 5 3
m 5 7 5
m 6 3 0
m 6 5 0
m 1 6 4
f 1
m 2 7 5
b 2
m 3 6 2
m 4 1 4
m 4 6 2
m 5 0 0
m 6 3 4
b 6
m 1 5 0
m 1 6 5
f 1
m 2 6 3
b 2
m 3 6 2
m 4 2 2
m 5 5 3
q 5
m 6 2 4
m 1 0 6
m 1 1 6
m 2 5 4
m 2 0 1
m 4 3 4
m 4 2 2
m 5 5 2
m 5 7 4
m 6 1 6
q 6
m 1 5 5
m 1 2 3
m 2 5 0
m 3 1 6
m 4 6 3
m 4 2 2
m 5 0 4
m 5 1 0
m 6 3 7
m 1 0 2
m 1 2 6
m 2 0 2
m 2 5 4
m 3 7 4
m 4 3 0
g 4 1 5
m 5 2 4
m 6 6 4
m 1 0 1
m 1 2 1
m 2 7 1
f 2
m 3 0 2
m 3 0 6
b 3
m 4 6 3
m 4 1 3
b 4
m 6 0 3
q 6
m 1 2 4
g 1 1 0
m 2 6 4
m 2 7 1
q 2
m 3 1 6
m 4 6 3
m 5 2 4
b 5
m 6 5 2
m 1 5 3
m 1 3 1
b 1
m 2 0 6
m 3 5 3
m 4 6 3
g 4 5 4
q 5
m 6 3 7
m 1 3 7
m 1 5 4
b 1
q 1
m 2 5 2
m 2 4 5
m 3 5 2
m 3 0 5
m 4 5 2
m 5 1 4
m 6 0 2
q 6
m 2 3 7
m 3 3 4
m 4 0 4
m 4 7 6

