B 4 9 4 6
m 1 4 1
m 2 3 1
m 3 2 7
m 3 3 8
m 4 3 6
q 4
m 1 0 0
m 1 2 1
m 2 0 3
m 3 0 8
b 3
m 1 5 1
m 1 1 3
g 1 1 3
m 2 6 0
m 2 1 2
m 3 1 1
m 4 7 1
m 1 7 1
m 2 2 8
q 2
m 3 0 2
m 3 1 7
m 4 7 0
m 1 6 1
m 2 4 0
m 3 1 4
m 3 2 0
p
m 4 0 1
m 1 3 2
m 1 1 0
b 1
f 1
m 2 6 2
m 3 0 6
m 3 2 4
b 3
m 4 6 1
m 1 2 2
m 1 3 2
q 1
m 2 3 2
m 3 1 1
m 4 5 0
m 1 4 3
m 2 4 3
m 3 3 5
m 3 2 4
q 3
m 4 5 3
m 4 0 5
q 4
m 1 3 7
f 1
q 1
m 2 6 1
m 2 3 5
b 3
q 3
m 4 7 0
p
m 1 6 0
m 1 0 7
m 2 3 2
m 3 4 3
g 3 2 2
m 4 6 2
m 4 3 1
b 4
m 1 0 3
m 1 1 4
q 1
m 2 2 4
m 2 2 3
m 3 2 6
m 3 2 8
f 3
m 4 4 3
m 4 2 0
m 1 2 0
m 2 3 0
m 2 1 6
m 3 5 1
m 3 1 0
m 4 5 1
m 4 2 2
m 1 0 2
m 1 0 0
b 1
p
m 2 6 1
m 3 8 1
p
m 1 3 6
m 1 3 5
b 1
m 2 8 1
m 2 0 6
m 3 3 6
b 3
m 4 8 1
m 1 5 1
m 3 2 0
m 4 3 7
m 4 0 2
m 1 3 3
m 2 2 7
m 2 3 8
f 2
q 2
m 3 4 0
m 3 0 8
q 3
m 4 0 7
m 4 0 7
m 1 8 1
m 2 3 5
m 3 4 3
m 3 0 6
q 3
m 4 4 3
m 4 1 1
g 4 2 3
m 1 2 6
m 2 8 1
m 2 1 4
m 3 4 0
f 3
m 4 6 0
m 4 0 4

