B 7 5 5 5
m 2 2 6
m 2 0 0
m 3 2 2
m 4 0 4
m 4 2 0
m 5 6 0
m 5 5 2
m 1 1 5
m 1 3 4
b 1
g 1 0 0
p
m 2 4 4
m 2 2 1
m 3 2 4
m 3 6 0
b 4
m 5 4 1
m 5 4 3
m 1 6 0
m 1 6 2
m 2 3 6
m 3 1 2
q 3
m 4 3 1
g 4 2 2
m 5 2 4
m 5 3 4
m 1 4 1
m 2 3 2
m 3 4 6
m 4 3 2
m 5 3 3
m 1 1 5
m 2 1 1
m 2 0 0
m 3 4 2
m 4 3 5
m 4 4 1
m 5 3 0
m 1 3 1
q 1
m 2 1 1
m 3 1 0
m 4 2 0
m 4 4 0
m 5 3 6
m 5 6 4
m 1 2 3
q 1
m 2 4 5
b 2
m 3 3 6
m 4 0 5
m 5 0 3
q 5
m 1 3 6
m 2 4 5
f 3
g 3 1 4
m 4 3 5
m 4 5 4
p
m 1 2 0
m 1 5 3
m 2 2 0
m 2 4 0
m 3 5 0
m 4 2 2
b 5
g 5 0 1
m 1 3 1
f 1
m 2 3 1
m 2 3 1
m 4 4 3
m 1 1 0
q 1
p
m 3 2 0
b 3
m 4 4 6
m 5 1 0
m 5 1 4
m 1 4 6
m 1 2 4
m 2 4 6
m 2 3 0
m 3 4 6
m 3 2 3
m 4 1 5
m 4 3 1
p
m 5 1 5
m 5 3 0
m 1 5 3
m 1 0 1
m 2 2 0
b 2
m 3 4 2
m 3 4 1
g 3 2 2
m 4 4 0
m 4 4 2
f 4
m 5 3 6
m 5 3 4
f 1
q 1
m 2 4 1
m 3 2 1
b 3
m 4 2 0
m 4 4 0
m 5 3 1
p

