B 4 10 5 3
m 1 0 9
m 1 1 2
f 1
m 3 1 6
m 4 0 1
m 5 0 0
m 5 2 8
m 1 0 3
m 1 3 0
m 2 6 0
m 4 1 3
m 4 2 8
m 5 3 8
m 5 2 6
m 1 1 1
m 2 0 1
m 3 2 3
p
m 4 1 1
g 4 6 0
m 5 0 1
m 5 0 3
m 1 1 2
f 1
g 1 3 2
m 2 1 3
m 2 3 2
m 3 0 1
m 4 2 9
m 5 3 3
m 1 7 2
m 1 3 9
f 1
q 1
m 2 7 1
m 2 1 2
p
m 3 0 1
m 3 2 1
m 4 3 6
m 5 2 0
m 5 2 7
f 5
m 2 0 9
m 3 3 5
m 3 0 3
q 3
m 4 4 0
m 4 2 1
m 5 2 5
q 5
p
m 1 9 3
m 1 0 0
f 1
m 2 2 7
m 2 1 0
m 3 0 9
m 4 3 5
f 4
m 5 7 0
m 1 9 1
m 1 2 4
f 1
p
m 2 5 1
m 3 1 3
m 3 2 3
m 4 2 0
m 1 2 7
q 1
m 2 2 9
m 2 1 9
f 2
m 4 0 3
m 5 3 3
m 5 2 8
m 1 4 0
m 1 3 2
m 2 6 3
m 2 0 5
m 3 7 0
m 3 0 1
q 3
m 4 0 5
m 5 0 6
f 5
m 1 2 2
m 1 0 6
m 2 0 2
m 3 5 1
m 3 3 0
m 4 4 0
p
m 5 7 1
m 5 3 2
p
m 1 3 6
m 2 0 2
m 2 1 5
b 2
m 3 7 1
q 3
m 4 8 1
b 4
m 5 1 4
m 1 7 0
b 1
m 2 1 3
m 2 3 1
f 2
m 3 3 4
q 3
m 4 8 1
m 5 2 0
m 5 0 9
b 5
m 1 5 3
m 2 7 1
m 3 8 0
m 3 1 2
m 4 6 0
m 4 2 4
m 5 7 3
m 5 3 7
g 5 0 1
m 1 3 1
m 2 0 2
m 2 3 5
q 2
m 3 3 0
m 3 3 5
m 5 5 3
m 1 4 2
m 1 0 1
m 2 3 6
m 2 0 8
q 2
p
m 3 7 0
m 4 0 5
m 4 3 7
f 4
m 5 9 3
b 5

