B 7 8 2 41
m 1 5 3
m 2 0 7
m 2 4 7
m 1 2 4
m 1 5 4
m 2 2 2
m 2 0 2
m 1 0 2
m 1 4 1
m 2 2 1
m 2 0 5
m 1 6 1
m 2 5 5
m 1 1 2
m 1 4 0
m 2 3 7
m 2 4 2
m 1 5 2
m 1 0 0
m 2 4 1
m 1 3 1
m 1 1 4
m 2 1 0
m 2 4 1
m 1 0 5
b 1
m 2 7 6
m 2 0 6
m 1 0 2
m 1 4 1
f 1
m 2 4 0
m 2 2 3
m 1 1 3
m 2 0 5
m 2 1 3
m 1 4 6
m 1 6 6
m 2 4 7
m 1 0 6
m 2 5 3
m 1 3 0
m 1 6 6
q 1
m 2 7 2
q 2
m 1 3 3
m 1 2 1
q 1
m 2 3 0
m 2 1 5
m 1 1 0
m 1 2 7
m 2 4 4
b 2
m 1 7 5
b 1
f 1
m 2 0 2
m 1 7 6
m 1 6 3
m 1 3 6
m 2 4 6
m 2 6 4
m 1 5 3
m 1 0 2
m 2 1 1
m 1 6 2
m 1 6 2
m 2 5 3
f 1
q 1
m 2 1 5
g 2 3 5
m 1 0 2
m 1 4 5
q 1
m 2 3 5
g 2 3 3
m 1 6 1
b 1
m 2 7 1
m 2 6 2
b 2
b 1
m 2 6 7
m 1 0 3
b 1
m 2 0 5
m 1 0 6
m 1 0 7
f 1
m 2 6 2
m 2 3 7
m 1 7 1
m 1 6 3
m 2 2 0
m 1 6 5
m 2 1 5
m 2 0 6
m 1 7 5
m 1 1 5
p
m 2 1 4
m 1 3 4
g 1 0 2
m 2 4 0
q 2
m 1 6 2
f 1
m 2 6 1
m 1 6 1
f 1
m 2 6 5
m 2 0 6
m 1 6 2
g 1 0 2
m 1 6 1
m 1 5 7
m 2 5 2
m 2 0 0
f 2
m 1 0 7
q 1
m 2 7 1
m 2 6 1
b 1
f 1
g 2 7 5
m 1 6 2
m 2 3 4
f 2
m 1 2 3
g 1 4 4
m 2 7 1
m 2 4 2
q 2
m 1 4 4
b 1
m 1 6 1
f 1
q 1
m 2 6 5
m 2 0 5
m 1 3 4
m 1 4 1
m 2 6 5
m 2 2 1
m 1 1 0
m 2 3 4
m 2 0 2
m 1 6 5
m 1 4 1
q 1
m 2 5 2
f 2
m 1 2 3
m 1 2 0
p
m 1 5 5
m 1 0 5
m 1 4 3
m 2 7 1
f 2
q 2
m 1 5 6
m 1 6 1
f 1
m 2 7 1
f 2
m 1 1 2
b 1
m 2 6 1
b 2
m 1 7 1
m 2 5 2
m 1 1 5
q 1
m 2 6 1
m 2 1 5
q 2
m 1 4 0
m 1 2 0
m 2 4 0
m 1 6 6
g 1 3 3
m 2 6 1
m 1 1 0
m 1 5 2
f 1
m 2 6 1
q 2
m 1 6 3
m 2 4 1
m 2 2 7
m 1 5 0
m 2 7 1
m 2 3 0

