B 8 6 4 9
m 1 4 7
m 4 3 0
m 4 5 1
f 4
q 4
m 1 3 4
m 1 6 4
m 2 4 7
m 2 2 0
f 2
q 2
m 3 4 7
m 4 2 1
b 4
f 4
q 4
m 1 5 1
m 1 3 1
b 1
q 1
m 2 4 7
m 2 7 5
p
m 3 3 3
m 3 7 5
b 3
m 4 2 6
f 4
m 2 4 1
m 3 5 4
m 3 6 0
m 4 2 4
m 1 0 3
m 1 7 4
m 2 4 1
m 2 1 5
m 3 1 7
b 3
m 4 3 2
m 1 4 3
m 1 6 3
m 2 1 7
m 3 4 1
m 3 0 4
m 4 5 6
m 1 5 2
m 2 0 0
m 2 7 4
m 3 3 2
m 4 2 5
b 4
m 1 1 7
m 2 2 2
q 2
m 3 5 5
f 3
m 4 4 1
m 1 0 2
f 1
m 2 1 0
q 2
m 3 4 1
f 3
m 4 2 4
m 1 1 0
m 1 1 5
m 2 5 4
m 2 7 5
m 3 2 7
m 3 2 5
f 3
m 4 6 4
m 4 1 3
b 4
g 4 3 1
m 1 0 7
m 1 7 0
m 2 2 2
m 3 5 3
m 3 3 4
m 4 2 1
m 4 5 1
m 1 4 1
m 1 5 5
m 2 2 1
m 2 6 2
m 3 7 0
m 3 4 1
b 3
p
m 4 3 1
m 1 5 0
m 1 5 2
m 2 5 4
m 3 2 7
m 3 3 4
m 4 2 0
m 1 7 4
m 2 2 4
m 2 4 2
m 3 3 4
m 4 3 3
q 4
q 1
g 1 1 3
m 2 4 1
m 2 0 0
m 3 5 4
q 3
m 1 4 2
m 1 0 1
q 1
m 2 5 4
m 2 0 3
m 3 7 5
b 3
g 3 2 2
m 4 5 6
m 1 7 4
m 2 5 5
m 3 5 6
f 3
m 4 2 0
m 4 4 4
m 1 5 3
p
m 2 3 1
m 2 0 4
m 3 4 1
m 3 1 4
f 3
m 4 2 2
m 4 7 5
p
m 2 4 0
m 3 1 7
m 4 0 1
m 4 7 3
m 1 5 6
m 2 5 3
f 2
m 3 5 0
m 4 1 1
m 4 6 3
m 1 6 3
b 1
m 2 5 0
m 3 2 5
m 4 1 1
p
m 1 0 4
m 1 4 3
m 2 2 5
m 2 0 1
p
m 3 4 4
m 4 3 2
q 4
g 4 3 5
m 1 2 7
m 1 2 2
f 1
m 2 3 4
m 3 0 1
m 3 3 4
m 4 0 2
m 4 6 3
b 1
m 2 1 3
q 2
m 3 3 2
m 4 5 6
m 4 7 3

