B 8 9 5 9
m 1 6 5
g 1 0 2
m 2 8 5
m 3 3 6
m 3 7 6
q 3
g 3 5 6
m 4 4 6
m 4 6 5
m 5 4 5
m 1 4 0
m 1 4 4
f 3
m 4 3 6
b 4
m 5 7 2
m 5 0 1
m 1 2 6
m 2 8 0
m 2 3 2
m 3 5 5
m 4 4 6
m 4 4 1
m 5 7 1
m 1 0 4
m 2 4 6
m 3 0 2
q 4
m 5 3 0
m 1 4 6
m 2 6 1
b 2
m 3 2 6
m 3 2 0
q 3
m 5 1 8
m 5 6 3
q 5
m 1 5 2
g 1 2 0
g 2 0 4
m 3 4 0
m 3 7 3
m 4 2 2
m 4 6 1
f 4
m 5 8 7
m 1 4 1
p
m 2 5 0
m 2 5 1
m 3 7 5
q 3
m 4 6 5
m 4 2 0
m 5 5 1
m 1 3 5
m 2 1 8
m 2 0 5
q 2
m 3 3 2
m 3 4 8
m 4 4 6
m 5 7 5
f 5
p
m 1 4 2
g 1 4 2
m 2 5 2
m 2 6 8
b 2
g 2 8 4
m 3 7 3
m 3 5 6
f 4
m 5 0 6
m 5 3 6
m 1 6 1
m 1 1 8
m 2 7 4
m 2 1 2
m 3 4 3
m 3 0 3
m 4 5 1
m 5 0 1
m 1 0 1
m 1 5 2
m 2 0 1
b 2
m 3 4 5
m 4 6 4
b 4
q 4
m 5 7 3
m 5 7 5
m 1 3 3
m 2 6 1
m 3 1 1
m 5 3 0
m 1 7 7
m 2 3 4
m 3 7 0
m 3 0 0
m 4 3 1
m 4 7 7
m 5 7 5
m 5 1 1
b 5
m 1 4 5
b 1
q 1
m 2 6 6
m 2 0 8
m 3 5 4
m 5 0 6
m 1 3 5
m 1 6 3
m 2 2 2
m 3 3 1
m 3 7 4
m 4 5 2
p
m 5 3 5
m 1 5 1
g 1 4 5
m 2 0 1
m 2 0 8
p
m 3 7 8
g 3 2 7
m 4 6 0
m 4 0 0
m 5 4 2
m 5 4 5
b 5
m 1 4 2
m 1 2 2
m 2 7 3
f 2
m 3 8 2
m 4 1 2
m 4 3 5
m 5 5 1
m 5 7 7
m 1 7 0
b 1
q 1
m 2 7 5
m 3 7 2
m 4 7 3
m 5 4 2
m 1 2 8
m 1 2 7
g 1 6 4
m 2 0 8
m 3 7 5
m 4 3 2
q 4
m 5 2 1
m 1 7 3
m 1 3 6
m 2 7 1
m 3 2 0
m 3 0 3
b 3
m 4 8 3
m 4 4 1
p
m 5 5 1
m 5 2 8
m 1 2 6
m 2 7 1
m 2 5 1
m 3 7 4
m 4 4 2
m 4 1 1
m 5 2 6
m 1 2 0
m 1 2 0
f 1
m 2 3 8
m 2 2 4
m 3 6 1
m 3 1 4
q 3
m 4 0 3
m 5 7 4
m 5 7 5
m 1 8 7
m 1 2 2
m 2 4 5
m 2 0 1
m 3 3 2
m 3 4 2
m 4 0 0
m 4 3 3
f 4
m 5 3 2
m 5 1 4
m 1 3 5
m 2 3 0
b 2
q 2
m 3 7 0
m 3 4 3
m 4 2 6
m 5 1 3
m 2 3 2
m 2 3 2
m 3 4 2
m 3 3 4
f 3
q 3
m 4 1 4
m 5 7 3
q 5
m 1 1 2
m 1 5 5
m 2 7 5
m 3 5 7
m 3 2 4
f 3
g 3 2 3
m 5 3 0
m 1 6 1
m 2 4 5
m 3 2 0
b 3
m 4 6 0
m 5 0 8
m 1 7 3
m 2 7 4
m 2 0 8
m 3 2 6
m 3 4 5
m 4 1 1
m 5 6 1
m 1 6 3
m 1 7 8
m 2 7 2
m 2 5 0
m 3 7 3
m 3 6 8
m 4 1 6
m 4 4 4

