B 7 10 6 8
m 1 5 4
q 1
m 2 4 1
m 2 0 3
m 3 3 4
m 3 5 2
m 4 0 2
m 5 3 4
m 6 3 9
m 1 5 3
m 2 0 9
m 3 5 0
p
m 4 8 5
m 4 0 5
m 5 4 2
m 5 3 3
f 5
m 6 7 6
m 1 6 5
f 1
m 2 3 1
m 2 5 6
b 2
m 3 9 1
m 4 0 3
m 4 4 6
m 5 2 1
m 5 5 2
m 6 5 1
m 6 1 3
m 1 5 0
m 1 5 5
m 2 6 2
q 2
m 3 0 4
m 3 0 7
m 4 6 3
m 5 1 2
b 5
m 6 8 6
m 1 6 0
m 1 6 2
q 1
m 2 4 1
m 2 0 9
f 2
m 3 3 5
m 4 8 6
m 4 1 5
f 4
m 5 1 7
m 5 5 3
f 5
m 6 2 0
q 6
m 1 0 3
m 2 1 4
m 4 6 3
m 4 3 5
q 4
m 5 1 3
m 6 9 1
m 1 6 3
f 1
m 2 5 4
q 2
m 3 1 7
m 4 9 5
m 4 5 8
m 5 1 6
m 6 6 3
m 6 5 9
m 1 0 0
m 1 0 3
m 2 7 4
m 2 2 4
m 3 3 4
m 4 6 5
b 4
f 4
m 5 1 8
m 6 3 4
m 1 9 2
m 1 5 5
m 2 0 1
m 2 6 2
m 4 4 6
m 5 1 1
m 5 5 0
q 5
m 6 9 4
m 1 7 5
m 2 6 6
b 2
m 3 2 3
m 4 7 6
m 4 6 3
m 5 8 3
m 5 0 1
m 1 8 4
m 1 4 4
m 3 2 2
m 3 0 6
m 4 9 4
m 5 7 6
m 6 1 6
m 6 1 3
m 1 4 6
m 1 0 7
f 1
m 2 1 8
m 3 7 6
m 4 9 4
m 4 1 9
m 5 7 6
b 5
p
m 6 2 1
m 1 7 4
m 1 1 2
p
m 2 1 0
b 2
m 3 1 6
m 3 3 3
f 3
m 4 2 3
m 4 6 0
m 6 7 4
m 6 1 9
f 6
m 1 3 4
m 2 9 6
m 2 0 3
m 3 3 7
q 3
g 3 9 5
m 4 2 3
q 4
m 5 3 0
m 6 9 6
m 6 0 5
m 2 7 2
m 3 8 4
m 4 3 2
m 4 1 8
m 6 8 6
m 6 2 8
m 1 6 2
m 1 3 9
m 2 0 9
m 3 7 2
m 4 9 2
m 5 9 6
m 5 1 9
m 6 3 2
m 6 2 8
m 1 7 6
m 2 0 6
b 2
m 3 0 7
m 4 0 2
m 5 8 6
m 5 5 8
f 5
m 6 5 4
m 6 1 7
m 1 9 2
m 1 3 3
m 2 1 6
m 2 5 0
m 3 5 4
f 3
m 4 2 2
m 5 3 1
m 5 4 2
m 6 5 4
m 1 8 3
m 1 1 9
m 2 9 4
m 3 5 4
m 3 1 9
m 4 0 0
m 4 4 8
f 4
m 5 7 6
f 5
m 6 7 5
p
m 2 9 4
m 2 3 7
m 3 9 2
m 4 4 7
m 4 2 4
m 5 5 2
m 5 1 5
m 6 5 2
m 1 6 3
m 1 5 1
m 2 4 5
f 2
m 3 6 0
f 3
m 4 7 5
b 4
f 4
m 5 4 3
m 5 4 2
m 6 9 6
m 6 5 5
m 1 9 6
m 1 3 8
m 2 8 0
m 3 6 3
m 3 4 8
f 3
m 4 1 6
m 6 4 2
b 6
f 6
m 1 7 2
m 1 6 1
m 2 7 2
m 2 3 3
m 3 9 4
m 3 1 0
m 4 5 2
m 6 4 5
q 6
m 1 1 8
m 1 3 6
m 2 4 7

