B 11 16 3 70
m 1 1 14
m 1 1 12
b 1
m 2 7 11
m 3 14 7
m 3 9 2
m 1 3 9
m 1 8 15
f 1
q 1
m 2 7 7
m 2 7 7
m 1 3 8
m 1 6 9
m 2 4 10
m 3 10 3
m 3 6 4
m 1 8 11
m 2 5 8
q 2
m 3 12 10
m 3 8 1
p
m 1 15 0
m 1 8 1
m 2 11 5
m 2 6 1
b 2
m 3 2 1
m 2 7 5
q 2
p
m 1 14 10
m 1 2 7
b 1
m 2 13 2
q 2
m 3 14 8
m 3 7 10
m 1 5 11
m 2 10 11
m 2 4 13
m 3 4 3
m 3 3 1
f 3
m 1 6 1
m 1 8 15
q 1
m 2 3 10
m 2 10 7
m 1 1 1
m 1 4 15
f 1
p
m 2 6 9
q 2
m 3 3 6
m 3 3 6
m 1 6 3
q 1
m 2 15 9
m 2 3 4
m 3 9 13
q 3
m 1 12 3
m 1 4 4
b 1
m 2 0 0
m 3 9 5
m 3 0 1
m 1 6 7
m 1 9 11
m 3 10 4
m 3 5 3
m 1 15 2
m 1 9 7
m 2 1 9
m 2 0 5
m 3 15 5
m 1 9 2
m 1 10 4
m 2 0 9
m 3 10 0
m 3 6 11
f 3
m 1 1 11
m 2 8 0
m 2 1 1
m 3 12 3
m 3 6 13
b 3
m 1 2 5
m 1 4 6
m 2 9 9
m 3 8 2
m 3 0 3
q 1
p
m 2 2 3
q 2
m 3 10 6
m 3 9 15
m 1 3 1
g 1 9 1
m 2 10 0
m 2 6 2
f 2
q 2
p
m 3 12 2
f 3
m 1 13 1
m 1 6 0
q 1
m 2 15 7
m 2 9 5
m 3 12 9
m 1 5 15
m 2 0 7
m 3 10 6
m 3 5 3
q 3
m 1 4 1
m 2 2 10
m 3 13 0
m 1 1 5
f 1
m 2 0 4
m 3 14 7
m 3 0 4
b 3
m 1 13 0
m 1 0 7
m 2 2 1
m 3 8 8
q 3
m 1 2 1
b 1
m 2 15 3
m 2 7 2
m 3 9 4
m 1 15 2
m 1 8 9
f 1
q 1
m 2 4 7
m 3 7 8
m 1 1 14
m 1 7 14
m 3 9 5
b 3
m 1 9 10
g 1 1 0
m 2 8 1
m 3 0 1
m 3 6 0
m 1 13 1
m 2 2 5
m 2 10 9
f 2
m 3 10 13
m 1 8 6
b 1
p
m 2 12 7
m 3 9 4
m 3 2 4
m 1 0 4
g 2 15 9
m 3 2 4
m 3 2 1
p
m 1 5 4
m 1 7 13
b 1
m 2 9 4
m 3 3 8
m 1 1 9
m 1 8 9
q 1
m 2 3 14
m 3 8 4
m 3 4 3
m 1 6 1
f 1
m 2 2 5
b 2
g 2 4 6
m 3 3 9
m 1 12 10
m 2 0 5
m 2 8 1
f 2
m 3 13 2
b 3
m 1 6 10
m 2 2 4
m 3 12 6
m 3 6 4
m 1 1 13
m 2 3 7
m 2 2 0
m 3 5 10
m 1 14 4
g 1 7 10
m 2 6 4
m 3 14 10
m 3 9 7
b 3
m 1 14 4
m 2 8 9
m 2 6 13
b 2
m 3 6 2
m 3 5 8
m 1 7 11
m 2 3 1
q 2
m 3 10 10
m 3 7 14
m 2 6 9
m 3 2 0
m 3 2 11
m 1 8 2
m 2 5 10
m 3 12 3
m 3 4 4
m 1 8 4
m 2 3 12
m 2 4 0
m 3 15 0
m 3 2 5
p
m 1 6 5
m 2 2 11
m 3 7 7
f 3
m 1 9 9
m 2 0 4
m 3 15 2
m 3 2 14
m 1 2 2
f 1
m 2 14 0
m 2 4 7
m 3 13 5
m 3 5 13
g 3 10 4
m 1 9 4
m 2 1 2
g 2 12 5
m 3 5 3
f 3
m 1 8 2
m 2 5 10
m 2 4 10
m 3 3 5
m 1 8 9
m 1 1 8
m 2 14 0
m 2 8 10
q 2
m 3 6 2
m 1 6 9
m 2 0 1
m 1 4 1
m 1 4 12
m 2 6 12
m 3 12 8
m 3 4 7
g 3 11 5
m 1 0 9
m 1 2 12
f 1
m 2 6 6
q 2
m 3 3 7
f 3
m 1 12 8
m 2 13 3
m 3 11 4
m 3 2 11
q 3
m 1 11 3
q 1
m 2 1 7
m 2 7 1
m 3 4 11
m 3 8 11
f 3
m 2 8 10
m 2 4 13
m 3 15 10
m 3 9 0
b 3
f 3
m 1 0 5
m 1 2 14
m 2 8 6
m 3 11 3
m 3 0 15
f 3
m 1 12 7
f 1
q 1
m 2 7 1
m 2 9 9
m 3 6 10
m 3 9 8
f 3
m 1 14 5
m 2 1 9
m 3 8 10
m 3 10 11
p
m 2 7 9
m 2 2 7
m 3 12 0
f 3
m 2 6 5
q 3
m 1 8 4
m 1 10 11
m 2 7 8
q 2
m 1 15 3
q 1
g 1 2 1
m 2 8 10
p
m 3 0 5
m 3 0 10
q 3
m 1 8 15
m 1 0 12
m 2 1 10
m 3 2 0
m 3 4 13
m 1 2 10
m 1 10 0
q 1
p
m 2 12 8
m 2 9 7
q 2
m 3 1 10
m 3 8 5
m 1 6 15
p
m 2 8 10
m 2 10 7
m 3 8 5
m 3 9 2
m 1 6 5
m 2 1 9
m 3 8 6
m 3 9 1
g 3 4 4
m 1 6 4
m 1 5 5
q 1
p
m 2 2 3
m 2 9 11
m 3 8 10
f 3
q 3
p
m 1 12 9
m 1 10 0
m 2 14 10
m 2 2 7
b 2
m 3 6 2
m 3 2 5
m 1 6 2
m 2 3 7
f 2
g 2 11 8
m 3 8 4
m 3 6 1
m 1 6 9
m 1 8 7
m 2 5 3
m 3 2 4
m 3 0 6
m 1 7 4
m 1 0 4
m 2 2 11
m 3 13 2
m 1 15 2
m 2 5 11
f 2
q 2
m 3 8 0
m 1 6 6
m 2 4 1
m 2 2 5
b 2
m 3 6 5
m 3 6 13
m 1 8 4
m 1 4 11
b 1
m 2 12 7
m 2 0 9
m 3 15 2
m 1 6 5
m 1 0 6
m 2 6 9
m 2 10 15
f 2
m 3 14 10
m 3 7 13
b 3
m 1 2 12
b 1
m 2 12 9
m 3 2 3
q 3
m 1 1 5
q 1
m 2 8 12
q 2
m 3 1 5
m 1 12 7
m 1 4 8
m 2 2 10
m 2 3 10
m 3 2 5
m 1 14 6
m 1 4 12
m 2 2 5
m 3 6 1
m 3 1 11
p
m 1 2 10
p
m 2 3 3
m 3 6 9
m 1 9 7
m 2 14 9
m 2 10 13
b 2
f 2
p
m 3 5 10
f 3
m 1 15 1
m 1 6 8
m 2 3 15
m 2 6 0
m 3 7 3
m 1 15 7
m 1 1 8
m 2 0 1
m 2 8 9
m 3 1 10
m 3 5 14
m 1 3 9
m 2 5 6
m 3 3 9
m 3 4 4
m 1 6 13
m 2 6 2
m 2 8 12
b 2
m 3 11 0
m 3 4 0
m 1 8 0
m 2 12 9
p
m 3 14 8
m 3 2 2
p
m 1 6 2
m 2 13 2
m 3 11 3
m 3 8 6
m 1 3 5
m 2 7 5
m 2 3 14
q 2
m 3 1 12
m 1 2 5
m 1 4 8
m 2 2 3
m 3 8 0
m 3 5 9
q 3
m 1 5 5
m 1 9 2
q 1
m 2 3 5
m 2 0 4
m 3 14 0
m 3 10 2
m 1 3 1
p
m 2 0 3
m 2 6 14
m 3 14 9
m 3 1 15
m 1 8 0
m 1 10 1
b 1
m 2 5 3
f 2
q 2
m 3 6 8
m 1 5 10
m 1 10 1
m 2 8 5
m 2 10 11
m 3 8 0
m 3 4 0
b 3
m 1 6 4
m 1 9 10
q 1
m 2 7 13
b 2
p
m 3 9 5
b 3
m 1 9 2
g 1 4 4
p
m 2 3 8
m 2 5 14
q 2
m 3 14 9
m 3 8 11
m 1 14 0
m 2 5 10
m 3 2 3
m 1 8 2
m 1 6 14
m 2 0 5
m 2 9 0
m 3 1 5
m 1 7 1
m 1 6 6
m 2 13 3
m 3 12 10
m 3 1 15
m 1 13 8
m 2 6 2
g 2 15 6
p
m 3 6 1
f 3
m 1 14 8
p
m 2 14 9
m 2 0 11
g 2 13 7
m 3 7 5
b 3
m 1 14 0
m 1 3 0
q 1
m 2 0 1
m 2 10 14
f 2
m 3 10 5
m 3 5 0
m 1 5 4
f 1
m 2 15 7
m 3 14 8
m 3 0 10
m 1 6 2
m 2 4 9
m 3 12 7
p
m 1 15 2
m 1 4 7
m 2 8 2
m 2 8 9
m 3 6 1
q 3
m 1 0 13
m 1 6 8
m 2 0 7
m 2 2 9
m 3 1 7
p
m 1 3 9
m 1 10 12
m 2 5 12
m 3 7 3
m 3 7 11
g 3 6 8
m 1 14 9
m 1 2 4
m 2 6 7
m 2 0 6
m 3 0 1
p
m 1 0 1
m 1 10 15
m 2 3 8
b 2
m 3 13 8
m 3 4 13
p
m 1 15 2
m 1 7 3
f 1
m 2 8 0
m 3 8 2
b 3
m 1 1 14
m 2 5 6
m 3 11 3
m 3 8 9
b 3
m 1 8 2
m 1 8 0
m 2 7 5
m 2 6 5
m 3 2 5
m 3 5 7
q 3
m 1 11 3
m 1 4 15
m 2 6 7
m 2 3 4
m 3 6 1
m 3 0 15
m 1 6 1
m 1 5 12
m 2 8 0
m 2 4 9
b 2
m 3 6 9
m 3 9 7
f 3
m 1 2 4
m 1 5 9
g 1 9 1
m 2 14 9
b 2
f 2
f 3
p
m 1 8 10
m 1 6 6
b 1
q 1
m 2 7 1
p
m 3 9 7
m 3 7 10
f 3
m 1 7 2
m 2 4 9
m 3 15 7
g 3 8 6
m 1 2 4

