B 10 10 4 30
m 1 8 1
m 1 8 3
b 1
m 2 0 5
m 2 8 0
m 3 8 9
b 3
m 4 3 8
m 4 3 4
m 1 9 4
m 2 2 5
m 2 9 4
m 3 5 0
m 3 9 5
q 3
m 4 3 5
m 4 6 6
m 1 6 2
m 2 9 1
m 3 6 2
m 4 3 3
m 4 3 1
q 1
m 2 3 4
m 2 6 5
f 2
m 3 5 5
m 4 0 3
m 1 4 8
m 1 5 1
q 1
g 1 3 3
m 2 3 2
m 2 6 2
p
m 3 6 9
f 3
m 4 0 7
q 4
g 4 5 5
m 1 3 4
m 1 5 0
m 2 2 8
m 2 9 6
m 3 9 3
q 3
m 4 2 8
m 1 7 4
m 2 1 4
m 2 3 7
b 2
m 3 6 7
m 4 0 1
g 4 3 8
m 1 2 8
m 1 6 8
m 2 0 6
m 2 4 2
q 2
m 3 4 4
q 3
m 4 0 1
m 4 8 9
p
m 1 6 2
q 1
m 2 3 2
m 2 2 2
m 3 7 7
m 3 5 7
m 4 3 6
m 4 3 3
p
m 1 2 0
m 2 2 8
m 3 6 2
b 3
p
m 4 1 6
f 4
m 1 5 1
m 1 9 0
m 2 1 8
f 2
m 3 4 3
m 3 4 3
b 3
f 3
m 1 4 5
m 1 2 7
m 2 8 1
m 2 9 4
m 3 0 6
m 4 9 4
q 4
m 1 1 7
g 1 7 0
m 2 8 6
m 3 6 4
m 3 3 1
m 4 2 4
f 4
m 1 3 7
m 1 6 0
m 2 3 2
g 2 3 4
m 3 1 5
m 4 8 4
m 1 6 0
m 2 7 8
f 2
q 2
m 3 8 0
p
m 4 8 8
m 4 2 5
q 4
m 1 3 6
m 1 1 0
b 1
m 2 2 5
m 3 1 2
m 3 7 2
m 4 3 2
m 4 3 7
m 1 1 4
m 1 1 0
q 1
m 2 9 0
p
m 3 5 7
m 4 8 9
m 4 8 1
m 1 4 9
m 2 7 8
m 3 1 4
m 3 7 6
f 3
m 4 9 3
m 1 8 5
m 2 2 9
m 2 0 5
m 3 5 7
m 3 4 9
f 3
m 4 6 2
m 1 0 1
m 2 8 9
m 2 0 5
m 3 0 0
m 3 8 4
m 4 2 0
m 4 8 0
m 1 2 8
m 1 1 8
m 2 1 6
m 2 5 7
m 3 7 1
m 4 2 9
m 1 8 0
b 1
m 2 6 2
m 2 0 5
m 3 4 5
m 4 7 4
m 4 3 1
b 4
m 3 7 4
m 4 0 7
m 4 1 7
m 1 7 8
m 1 1 7
m 2 0 5
m 3 3 0
m 3 0 8
f 3
p
m 4 2 8
m 4 3 0
m 1 6 3
m 2 9 5
m 2 1 1
m 3 4 5
f 3
m 4 9 8
m 1 5 4
m 1 3 9
p
m 2 1 4
m 2 5 0
m 3 6 8
m 1 1 6
m 1 9 9
m 2 7 8
m 2 6 2
q 2
m 3 2 5
m 3 9 9
m 4 7 8
m 2 5 7
m 2 2 1
p
m 3 4 0
m 3 6 1
m 4 3 5
m 1 6 4
m 2 1 4
m 2 8 8
f 2
m 3 0 7
m 3 1 6
b 3
m 1 9 0
b 1
m 2 2 9
m 3 2 9
q 3
m 4 0 4
m 4 9 8
m 1 7 4
b 1
m 2 3 2
m 2 5 9
m 3 7 8
b 3
m 4 6 4
m 4 0 7
m 1 4 6
m 1 2 7
m 2 5 1
m 2 1 7
m 3 2 1
m 3 9 1
g 3 6 1
m 4 8 1
m 1 2 5
m 3 3 1
m 4 2 0
m 4 8 6
m 1 7 4
m 1 9 3
q 1
g 1 7 5
p
m 2 9 3
q 2
p
m 3 8 2
f 3
m 4 3 4
m 4 2 8
m 2 0 7
m 3 9 0
q 3
m 4 3 2
m 4 1 9
m 1 2 5
m 2 3 1
m 2 1 8
m 3 2 5
m 4 3 3
m 4 5 9
m 1 7 9
m 1 5 5
f 1
m 2 8 1
q 2
m 3 6 5
m 3 8 5
m 4 2 7
m 2 6 2
m 2 1 5
b 2
m 3 9 5
m 4 6 5
m 4 0 8
m 1 3 2
m 1 3 4
m 2 7 9
m 3 1 4
m 4 3 1
m 1 3 1
m 3 8 0
m 4 6 3
m 1 9 2
p
m 2 8 5
m 2 5 2
b 2
f 2
f 3
m 4 7 8
f 4
m 1 6 1
f 1
p
m 2 2 3
m 3 2 0
m 3 6 6
b 3
f 3
m 4 8 5
m 4 8 7
m 1 4 5
m 2 6 2
m 3 2 9
m 4 7 4
m 4 7 0
m 2 7 9
m 3 2 4
m 3 1 1
m 4 6 5
m 4 5 1
m 1 6 2
m 1 4 9
q 1
m 2 4 8
m 2 4 1
b 2
m 3 8 5
m 4 9 0
m 4 1 6
b 4
m 1 8 8
m 2 7 4
m 3 1 1
m 4 3 1
m 4 2 8
b 4
m 1 3 7
m 1 9 2
p
m 2 5 7
m 3 6 1
b 3
m 4 6 5
m 1 6 5
m 1 1 0
b 1
m 2 9 7
b 2
m 3 5 7
m 3 7 3
f 3
m 4 5 5
q 4
m 1 9 0
m 1 3 8
q 1
m 2 3 1
m 3 2 0
b 3
m 4 4 4
m 1 8 5
m 1 9 6
m 2 6 2
m 2 9 6
m 3 2 0
m 3 8 0
m 4 2 0
m 4 1 7

