B 10 9 3 32
m 1 2 3
m 2 7 6
m 2 4 4
m 3 2 7
m 3 8 4
m 1 9 8
b 1
b 2
m 3 7 1
m 1 2 8
m 2 8 5
q 2
p
m 3 2 2
m 3 5 4
m 1 0 8
m 2 2 9
m 2 6 5
m 3 0 0
m 3 3 3
m 1 7 8
m 2 2 1
m 2 2 7
m 3 5 0
m 3 4 5
m 1 2 8
q 1
m 2 1 3
m 2 2 1
m 3 3 1
m 3 8 7
m 2 4 1
m 2 6 4
m 3 2 8
m 1 6 8
m 1 3 5
m 2 4 1
m 2 2 1
m 3 3 8
m 2 6 8
m 3 1 5
m 3 8 1
f 3
m 1 3 6
m 1 2 3
b 1
m 2 4 3
m 3 2 6
m 1 5 5
m 1 2 2
m 2 2 0
m 2 5 7
f 2
q 2
m 3 2 9
q 3
m 1 2 7
m 3 6 4
m 1 8 1
m 1 8 8
m 2 8 1
m 2 6 7
m 3 0 1
m 3 3 3
q 3
b 1
m 2 5 4
m 3 2 1
m 3 1 2
m 1 2 7
m 2 2 8
m 2 8 1
m 3 7 8
m 1 0 3
f 1
m 2 8 3
m 3 4 7
m 3 6 1
m 1 6 5
m 1 1 2
m 2 3 2
m 2 4 2
b 2
m 2 2 8
m 2 6 6
m 3 2 8
f 3
m 1 3 6
b 1
m 2 4 0
m 2 3 5
m 3 6 4
p
m 2 6 9
m 2 3 2
m 3 2 7
m 1 7 9
m 1 4 2
m 3 8 1
m 1 3 5
m 1 0 2
p
m 2 0 8
m 2 3 4
m 3 8 4
m 3 7 2
m 1 2 5
m 2 3 9
m 2 3 8
b 3
m 1 0 4
m 1 0 4
p
m 3 6 1
m 3 6 4
g 3 0 4
m 2 3 9
q 2
m 3 2 5
m 1 2 6
p
m 2 4 2
m 2 5 6
m 3 0 5
m 3 4 8
m 1 1 5
m 2 2 6
m 3 3 7
m 1 8 1
p
m 2 4 7
m 3 3 5
m 1 1 9
m 1 6 3
p
m 2 0 3
m 2 7 0
b 2
m 3 7 0
m 3 0 6
f 3
m 1 8 4
q 1
m 2 4 9
m 3 4 1
f 3
m 1 3 5
f 1
m 2 3 9
m 3 7 1
b 3
f 3
m 1 6 9
m 1 7 6
m 3 3 7
m 3 3 8
m 1 5 9
m 2 8 6
m 2 6 0
m 3 1 5
m 1 2 9
m 1 3 7
q 1
m 2 6 1
m 3 0 3
m 1 3 7
m 2 4 4
m 3 1 9
m 3 0 5
m 1 2 9
m 2 7 7
b 2
m 3 4 1
m 3 4 8
m 1 4 7
m 1 9 7
q 1
m 2 5 8
m 1 6 4
m 1 7 6
m 2 3 9
m 3 9 3
m 1 6 9
b 1
m 2 3 8
b 2
m 3 1 1
m 1 7 7
m 1 3 1
m 2 7 7
m 2 6 0
m 3 0 5
m 1 4 9
b 1
g 1 6 1
m 2 1 6
f 2
m 3 2 6
m 3 3 0
m 1 3 7
m 1 6 7
q 1
m 2 3 5
m 2 0 8
f 2
m 3 4 7
p
m 2 5 7
m 2 2 1
m 3 5 3
m 3 5 5
m 1 4 0
m 1 8 7
m 2 6 4
m 2 6 1
q 2
g 2 5 4
m 1 4 7
m 1 2 4
m 2 7 0
m 3 0 7
m 3 5 4
m 1 0 1
f 1
p
m 2 0 9
m 2 3 0
m 3 5 7
m 3 1 6
m 1 9 7
m 1 3 5
b 1
m 2 5 6
m 3 6 9
m 3 2 6
m 1 6 4
m 2 9 4
m 3 2 9
m 1 2 5
m 1 0 3
m 2 2 5
f 2
q 2
m 3 4 1
m 3 5 1
m 1 6 4
q 1
m 2 7 1
m 2 0 1
m 3 0 9
m 1 0 0
m 1 4 1
f 1
g 1 1 0
m 2 3 7
m 3 6 9
m 3 8 4
m 1 8 1
m 2 8 1
q 2
m 3 2 0
f 3
q 1
m 2 1 6
m 2 0 5
m 3 2 5
m 1 3 7
p
m 2 5 2
m 2 2 7
m 3 4 1
b 3
m 1 2 6
m 2 0 8
m 1 0 9
b 1
m 2 6 4
g 2 3 3
p
m 3 0 4
m 3 4 1
m 1 4 1
m 2 8 1
m 2 6 6
g 2 3 7
m 3 9 0
m 3 4 4
m 1 9 1
g 1 5 8
m 2 0 1
m 3 0 1
f 3
g 3 1 9
m 1 0 6
g 1 8 4
m 2 9 4
m 2 0 0
m 1 6 4
m 2 6 4
g 2 2 1
m 3 8 1

