B 10 7 2 12
m 1 5 8
f 1
g 1 3 6
m 2 1 0
m 2 8 2
m 1 3 9
p
m 2 2 4
m 2 7 5
g 2 6 6
m 1 6 9
b 1
m 2 1 4
m 1 5 6
b 1
m 2 4 8
m 1 3 5
m 2 4 2
m 2 3 2
b 2
q 2
m 1 5 4
g 1 0 1
m 2 4 0
m 1 0 4
m 1 5 0
b 1
m 2 1 0
m 1 2 2
m 1 5 6
m 2 0 3
m 2 0 4
f 2
p
m 1 3 9
m 1 4 0
m 2 3 1
m 2 3 1
g 2 4 0
m 1 2 9
m 2 1 4
m 1 2 9
m 2 9 2
f 2
q 2
m 1 1 2
m 2 7 1
m 1 2 0
m 2 6 1
q 2
m 1 5 3
m 2 3 9
m 2 7 4
m 1 4 3
m 2 6 2
m 2 7 2
m 1 7 5
m 2 3 2
m 2 3 3
m 1 6 3
m 1 4 4
m 2 5 6
m 2 8 3
f 2
m 1 5 2
m 1 9 0
m 2 1 2
m 2 1 5
m 1 3 9
m 2 6 6
f 2
m 1 6 2
m 2 4 5
m 1 1 4
m 2 3 1
m 2 3 1
m 2 3 9
m 1 5 9
m 1 7 3
m 2 8 6
q 2
m 1 7 5
m 1 0 5
q 1
m 2 5 8
m 1 7 0
m 1 6 2
m 2 3 9
m 2 7 4
m 1 1 5
m 1 0 3
m 2 2 2
m 1 7 1
q 1
m 2 0 8
q 2
m 1 0 8
m 1 2 6
m 2 1 5
b 2
q 2
m 1 3 4
m 1 2 5
m 2 0 6
m 2 1 2
b 2
m 1 1 1
m 1 5 4
m 2 4 6
m 1 1 2
b 1
q 1
m 2 1 2
m 1 1 6
m 1 1 3
m 2 1 6
m 2 2 4
m 1 1 2
m 2 5 8
f 2
m 1 3 2
q 1
m 2 6 9
m 2 8 4
f 2
m 1 5 1
m 1 8 4
m 2 0 0
m 1 1 2
m 2 7 4
p
m 1 1 0
m 1 9 4
m 2 3 2
m 1 7 0
m 2 6 2
q 2
m 1 8 2
m 2 5 8
m 2 0 3
m 1 4 6
m 2 5 6
q 2
m 1 2 2
m 2 7 5
m 2 9 5
f 2
m 1 6 7
m 1 7 6
m 2 1 6
m 2 1 5
m 1 5 8
m 1 0 5
m 2 0 4
m 2 8 5
q 2
m 1 4 6
m 2 2 0
m 2 6 6
m 1 6 9
m 1 3 1
m 2 5 6
m 1 1 4
m 1 0 0
m 2 5 2
m 1 0 6
m 1 3 5
m 2 4 6
m 2 7 1
m 1 0 6
m 2 0 6
m 2 7 6
b 2
m 1 0 6
f 1
m 2 0 2
m 2 7 1
m 1 1 2
m 1 9 2
m 2 6 9
q 2
m 1 5 2
m 1 4 0
m 2 3 9
m 1 7 4
g 1 2 8
m 1 1 8
q 1
m 2 1 2
m 1 4 6
m 1 4 2
b 1
m 2 1 8
m 2 8 5
q 2
m 1 3 9
b 1
f 1
q 1
m 2 1 0
m 2 7 3
m 1 1 0
m 2 9 3
m 2 5 4
f 2
m 1 9 0
b 1
m 2 0 6
m 2 1 8
m 1 4 2
m 1 6 0
m 2 5 6
m 1 2 3
m 2 5 5
m 1 1 8
m 2 5 6
m 2 8 3
q 2
m 1 1 9
m 1 5 1
f 1
p
m 2 0 8
m 2 7 5
m 1 1 8
m 1 4 6
q 1
m 2 9 5
m 2 5 2
q 2
m 1 5 6
m 1 0 1
m 2 0 8
m 2 4 6
q 2
m 1 6 3
b 1
f 1
m 2 1 4
m 1 7 5
m 1 9 3
p
m 2 1 4
m 2 8 6
q 2
m 1 2 6
m 1 9 4
m 2 1 2
m 1 5 6
m 1 6 5
b 2
m 1 5 0
q 1
m 2 4 6
m 1 1 2
m 1 0 2
m 2 6 9
b 2

