B 9 4 6 6
m 1 0 6
m 2 6 1
m 3 2 6
m 3 8 2
b 3
f 3
m 4 2 1
m 5 1 0
m 5 6 1
m 6 0 7
m 6 7 3
m 1 2 3
m 2 2 2
m 2 2 1
f 2
q 2
m 3 2 6
g 3 1 2
m 4 2 4
m 4 8 2
m 5 1 3
m 5 5 0
m 6 3 3
m 6 8 1
q 6
m 1 2 3
m 2 1 0
g 2 1 2
m 3 0 6
m 4 0 2
b 4
q 4
m 5 1 7
m 6 1 3
m 6 6 2
m 1 4 2
m 1 8 0
f 1
p
m 2 0 2
b 2
m 3 0 6
m 3 2 3
m 4 7 2
m 4 0 1
m 5 4 2
b 5
m 6 6 1
m 1 1 5
m 2 5 2
m 3 3 3
m 3 5 0
q 3
m 4 0 4
m 4 6 2
q 4
m 5 0 0
m 5 7 2
m 6 1 4
m 6 0 1
m 1 0 0
m 2 0 2
m 2 2 3
b 2
m 3 1 7
m 3 5 3
m 4 6 3
b 4
m 5 2 3
m 5 3 1
m 6 2 1
f 6
m 1 0 6
m 1 7 1
m 2 6 2
m 3 2 1
q 3
m 4 0 0
m 4 5 0
m 5 2 1
m 6 2 1
m 6 8 3
f 6
m 1 2 2
m 2 0 7
g 3 3 2
m 4 5 1
m 5 3 4
m 6 5 2
q 6
m 1 5 1
m 1 3 3
b 1
m 2 0 4
m 3 8 3
m 4 0 3
q 4
m 5 3 4
m 6 0 7
m 6 3 0
f 6
m 1 0 4
f 1
m 2 7 2
m 2 8 3
m 3 0 1
m 3 2 1
m 4 0 4
m 4 2 2
b 4
m 5 0 4
m 6 1 1
m 6 3 3
m 1 2 3
m 2 2 3
b 2
m 3 0 6
q 3
m 4 5 2
m 4 3 1
m 5 1 4
m 5 4 0
q 5
m 6 0 7
m 6 4 0
b 6
m 2 1 4
m 2 6 1
m 3 3 4
m 3 1 2
g 3 0 4
m 4 3 2
m 4 4 0
m 5 0 2
m 5 5 3
m 6 7 3

