B 5 9 5 4
m 1 2 2
m 1 4 0
m 2 1 3
m 2 1 1
m 3 6 1
m 3 4 8
m 4 7 4
m 5 7 1
m 5 4 2
q 5
m 1 2 1
m 2 0 2
m 2 3 0
q 2
m 3 4 5
m 3 2 1
b 3
m 4 2 0
m 5 7 0
m 5 2 1
g 5 0 4
m 1 3 2
m 2 4 7
m 3 7 3
m 4 5 0
m 4 3 7
b 4
m 5 4 3
m 5 1 8
f 5
m 1 4 2
m 1 4 0
q 1
g 1 3 4
m 2 7 0
m 2 4 3
q 2
m 3 1 0
q 3
m 4 1 4
m 4 1 0
m 5 8 2
m 5 4 0
b 5
m 1 8 2
m 2 6 1
m 2 2 5
m 3 3 0
q 3
p
m 4 6 4
m 4 3 2
m 5 3 1
m 1 6 0
m 2 7 2
m 3 3 4
m 4 0 7
m 5 0 8
m 1 5 0
m 2 4 2
m 2 3 3
m 3 2 1
m 3 3 7
f 3
m 4 8 3
m 4 2 1
b 4
m 5 8 3
m 5 4 0
m 1 0 0
m 2 7 4
m 2 3 1
f 2
m 3 0 7
m 3 2 0
m 4 3 6
g 4 3 1
m 5 6 0
b 5
m 1 3 0
m 2 2 6
m 3 0 4
m 4 4 0
f 4
m 5 3 1
m 2 2 1
m 2 4 0
b 2
q 2
q 3
m 4 7 1
m 4 2 2
m 5 0 0
q 5
m 1 1 1
m 2 3 4
m 3 0 7
m 3 3 1
m 4 3 4
p
m 5 7 1
m 5 0 8
b 5
m 1 2 0
m 1 0 1
m 2 3 2
m 2 3 2
m 3 7 1
m 4 3 8
m 5 5 1
m 1 4 6
g 1 1 3
m 2 2 1
m 3 3 3
m 3 4 3
m 4 4 2
m 4 0 1
b 4
m 5 3 4
m 5 0 4
q 5
m 1 6 2
b 1
q 1
m 2 3 3
m 3 8 2
m 4 5 2
m 5 6 1
m 5 4 6
m 1 2 0
m 1 0 2
m 2 5 0
m 3 2 0
m 3 2 8
m 4 6 1
g 4 3 3
m 5 3 0
m 5 2 5
q 5
m 1 4 2
m 1 3 2
m 2 0 4
b 2
f 2
m 4 7 4
m 4 1 6
g 4 1 3
m 5 5 0
f 5
m 1 5 1
m 1 4 7
q 1
m 2 3 2
m 2 3 7
m 3 5 2
m 3 2 0
m 4 5 0
m 4 1 8
f 4
m 5 5 3
m 5 1 4
m 2 3 0
f 2
m 3 5 0
q 3
m 4 5 0
m 4 4 8
m 5 6 0
g 5 6 4

