B 12 9 3 35
m 1 5 2
m 1 6 2
m 2 4 7
m 2 5 5
m 3 3 6
p
m 1 0 6
m 2 9 8
q 2
m 3 6 10
m 3 1 3
m 1 4 7
m 1 11 1
m 2 7 5
m 2 8 7
m 3 2 1
m 1 4 7
m 1 1 7
b 1
g 1 8 1
m 2 11 7
m 3 8 5
m 1 2 3
m 2 8 10
m 2 8 6
m 3 1 6
m 3 7 3
m 1 2 10
m 1 3 7
m 2 8 8
m 3 6 6
m 1 2 1
m 1 4 5
m 2 3 8
m 3 0 9
m 3 11 5
m 1 0 8
m 1 3 8
m 2 8 7
q 2
g 2 2 5
m 3 8 10
m 1 4 10
m 1 11 2
m 2 5 4
m 3 10 7
m 3 1 1
q 3
m 1 6 11
f 1
m 2 0 6
m 2 4 4
p
m 3 0 0
g 3 7 8
p
m 1 6 7
f 1
m 2 4 3
m 3 2 9
m 1 6 7
m 1 8 7
m 2 8 11
m 3 10 4
m 1 6 7
m 2 3 5
m 2 6 5
m 3 4 6
m 3 10 1
m 1 10 8
m 2 0 3
b 2
f 2
m 3 6 7
m 1 4 9
m 2 11 2
m 3 0 10
m 1 0 3
b 1
m 2 4 7
m 3 9 4
m 3 2 7
m 1 7 0
m 1 11 0
m 2 8 1
g 2 6 3
m 3 1 7
m 3 11 4
f 3
m 1 3 10
m 2 0 4
m 3 0 2
q 3
m 1 7 2
f 2
m 3 5 4
m 3 11 7
m 1 2 4
m 1 3 7
m 2 4 7
f 2
p
m 3 8 7
f 3
p
m 1 5 1
m 2 6 1
m 2 11 3
f 2
m 3 7 0
m 3 9 8
m 1 6 4
m 1 10 3
q 1
m 2 1 3
m 2 0 2
b 2
m 3 8 1
m 3 11 8
m 1 5 7
m 1 4 1
q 1
m 2 1 3
m 2 7 1
g 2 2 0
m 3 1 9
m 2 3 9
m 2 0 1
m 3 0 3
m 3 10 8
m 1 11 5
m 2 2 3
m 3 4 8
m 1 8 8
m 2 8 6
f 3
m 1 1 6
m 2 2 3
m 3 2 10
m 3 5 4
f 3
m 1 3 6
m 1 2 8
m 2 8 7
m 3 8 5
m 3 2 4
m 1 1 8
m 1 2 6
q 1
m 2 9 8
m 2 0 0
m 3 0 2
m 1 3 6
b 1
m 2 7 5
f 2
m 3 2 8
q 3
m 1 0 2
m 1 6 0
f 1
q 2
m 3 4 1
m 3 2 5
m 1 3 0
m 1 1 4
m 2 7 0
q 2
m 3 10 0
m 3 2 2
m 1 2 4
p
f 2
m 3 1 1
m 1 5 10
m 1 2 7
m 2 7 9
m 2 9 0
m 3 7 0
m 3 0 7
m 1 3 8
m 1 2 3
b 1
m 2 1 9
m 2 1 1
p
m 3 5 7
m 1 2 9
m 2 6 9
m 3 2 8
m 1 0 5
m 1 10 7
f 1
m 2 10 8
m 3 8 5
m 3 6 7
m 1 10 0
m 2 6 11
f 2
m 3 7 2
m 1 9 2
m 2 6 10
f 2
m 3 8 6
b 3
m 1 0 5
m 1 4 6
m 2 2 1
m 2 10 8
m 1 0 4
m 2 0 5
m 2 5 2
m 3 6 1
m 3 1 6
m 1 6 5
m 1 1 7
m 2 3 9
m 3 2 4
m 1 1 9
m 2 0 4
m 2 3 5
m 3 2 1
m 1 7 7
p
m 2 3 3
f 2
m 3 8 6
p
m 1 2 3
m 1 3 7
q 1
m 2 0 8
m 2 4 1
b 2
f 2
m 3 2 10
m 1 3 8
m 1 8 7
m 2 3 9
m 2 6 0
m 3 9 8
m 3 3 7
q 3
m 1 4 8
m 1 4 4
m 2 4 8
m 3 8 5
m 1 4 8
m 1 6 7
f 1
m 2 0 5
m 2 2 3
m 3 3 5
m 3 9 7
m 1 6 9
m 1 7 6
b 1
m 2 3 4
b 2
m 1 2 3
m 2 0 5
m 2 8 0
m 3 2 4
m 3 8 0
p
m 1 7 7
p
m 3 4 0
m 3 6 6
m 1 2 8
m 2 3 1
m 3 6 11
f 3
q 3
m 1 7 8
g 1 7 6
m 3 6 6
g 3 1 7
g 1 6 1
m 2 5 1
m 3 0 5
m 1 6 10
m 2 3 6
b 2
m 3 8 7
m 3 11 0
f 3
q 1
m 2 7 7
m 3 4 7
q 3
m 1 6 3
m 2 0 5
m 3 0 2
m 3 5 3
m 1 6 11
m 1 4 5
m 2 6 5
m 2 3 0
b 2
m 3 8 6
q 3
m 1 10 8
m 1 10 8
m 2 6 11
f 2
m 3 3 6
g 3 3 4
p
m 1 1 9
m 2 0 2
m 2 6 1
m 1 6 3
q 1
m 2 2 3
m 2 7 4
m 3 6 4
m 1 6 9
m 1 3 8
f 1
m 2 3 8
m 2 5 3
m 3 6 3
m 1 3 8
m 2 6 10
m 2 1 2
m 3 5 10
m 1 5 6
p
m 2 6 11
m 3 2 10
m 1 7 2
m 1 4 3
m 2 0 1
m 2 2 0
m 3 5 3
b 3
m 1 2 8
q 1
m 2 8 6
m 3 8 2
m 1 7 5
m 1 3 6
m 2 5 9
m 2 11 3
m 3 0 1
m 1 5 1
m 2 2 3
m 2 3 4
m 3 10 4
m 1 1 9
m 2 4 8
q 3
p
m 1 2 10
m 1 7 7
b 1
m 2 0 1
m 2 5 0
m 3 8 5
m 3 3 3
b 3
m 1 3 9
f 1
m 2 6 11
m 3 2 5
m 1 3 9
q 1
m 2 6 9
m 3 8 6
m 3 10 6
b 3
q 3

