B 9 9 5 12
m 2 4 2
m 3 3 6
q 3
g 3 2 4
m 4 2 7
b 4
m 5 5 2
m 1 4 3
m 2 4 0
f 2
q 2
m 3 8 7
m 3 6 0
f 3
q 3
m 4 1 3
m 4 4 5
q 4
m 5 5 1
m 1 4 0
m 2 4 8
f 2
m 3 2 8
m 4 2 7
m 5 4 1
b 5
m 1 2 7
m 1 7 8
m 2 0 2
q 2
m 3 6 0
m 4 3 2
b 4
m 5 7 5
q 5
m 1 2 8
m 2 5 8
q 2
m 3 6 8
m 5 3 2
b 5
m 1 3 8
m 1 1 4
b 1
f 1
q 1
m 2 8 0
m 2 4 2
m 3 0 4
m 3 4 7
m 4 3 7
m 5 5 5
m 5 8 5
m 1 5 6
m 2 7 2
m 3 2 5
b 3
m 4 7 6
m 4 0 4
q 4
m 5 3 1
m 5 0 7
m 1 4 6
m 2 7 6
m 3 6 3
m 4 0 8
m 4 2 1
m 5 3 5
m 5 0 5
m 1 2 1
m 1 3 1
m 2 4 2
p
m 3 6 8
m 4 2 0
m 4 4 1
m 5 6 4
m 1 7 6
q 1
m 2 6 4
m 3 2 8
m 3 2 8
m 4 3 1
m 5 7 1
m 1 8 1
m 1 1 6
m 2 8 1
m 2 6 7
m 3 8 1
m 4 0 0
m 4 0 4
m 5 7 5
b 5
m 2 5 6
m 3 0 0
m 3 0 3
m 5 8 1
m 5 5 2
m 1 0 1
m 2 3 3
m 2 8 6
f 2
m 3 4 4
m 3 8 7
m 4 0 1
m 4 8 3
b 4
m 5 8 8
m 5 5 6
m 1 2 1
p
m 2 7 6
m 2 0 8
m 4 5 6
m 4 3 3
m 5 7 0
m 1 1 0
m 2 4 5
m 3 1 1
b 3
m 4 1 6
m 4 5 4
m 5 4 8
m 5 7 1
q 5
m 1 6 6
m 1 4 2
m 2 2 1
p
m 3 2 1
m 4 5 1
b 4
m 5 5 3
m 5 3 3
b 5
m 1 0 5
m 1 3 1
m 2 7 3
b 2
m 3 4 8
m 3 2 4
m 4 0 8
m 4 1 0
q 4
m 1 7 1
m 2 4 8
m 3 1 6
m 4 7 0
b 4
m 5 0 5
m 1 4 7
m 2 2 6
g 2 6 4
m 3 2 3
m 3 7 3
m 4 1 0
m 4 1 4
m 5 4 3
m 5 0 8
b 5
m 1 7 7
b 1
m 2 6 0
m 2 5 5
m 3 8 4
m 4 1 6
m 4 8 3
m 5 2 6
m 5 5 7
m 1 8 1
m 1 8 3
q 1
m 2 4 3
m 3 2 2
f 3
m 4 4 3
m 5 8 1
m 1 4 8
m 2 8 1
m 2 5 1
f 2
m 3 5 6
p
m 4 0 5
g 4 2 5
m 5 1 6
m 5 8 1
m 1 4 3
m 2 4 3
m 2 8 7
b 2
m 3 0 5
m 4 2 8
m 5 0 3
m 1 1 6
b 1
f 1
m 3 1 1
m 4 0 3
m 5 0 3
m 5 0 5
p
m 1 2 6
m 1 3 0
b 1
m 2 6 8
m 3 6 8
m 4 6 0
m 4 2 4
m 5 1 6
m 1 2 8
q 1
g 1 3 8
m 2 2 1
f 2
p
m 3 5 1
m 3 6 8
m 4 5 1
m 5 7 1
m 5 5 6
f 5
q 5
m 2 0 4
m 2 5 8
m 3 3 1
p
p
m 5 5 6
m 1 6 1
m 1 0 1
q 1
m 2 8 1
m 2 1 8
m 3 4 3
p
m 4 2 8
m 4 6 2
b 4
p
m 5 4 3
m 5 4 4
f 5
b 1
m 2 8 7
f 2
b 3
q 3
m 4 4 7
q 4
m 1 6 2
q 1
m 2 5 1
m 2 2 7
m 3 6 0
m 4 4 3
m 5 5 6
b 5
m 1 1 0
m 2 2 1
q 2
m 3 5 1
m 3 1 8
m 4 5 6
p
m 5 0 5
m 5 1 7
p
m 1 0 5
m 1 6 5
m 2 0 5
m 3 2 1
g 4 1 8
m 5 2 8
m 5 7 3
m 1 8 1
m 1 6 7
m 2 2 1
m 2 0 6
g 2 1 4

