B 6 9 6 9
m 1 7 3
q 1
m 2 5 3
m 3 2 0
b 3
m 4 3 4
f 4
m 5 7 2
m 5 2 2
q 5
m 6 8 1
m 1 3 7
m 1 3 4
m 2 8 3
m 2 1 2
m 3 4 2
m 5 5 0
m 5 3 8
m 6 2 3
m 6 5 6
b 6
m 1 1 2
m 1 3 3
b 1
g 1 4 3
m 2 1 2
p
m 3 0 0
m 3 3 1
m 4 1 2
m 4 4 4
m 5 2 8
m 5 1 0
m 6 4 7
f 6
m 1 3 3
m 2 5 6
b 2
g 2 3 2
m 3 0 0
m 3 1 7
m 4 5 6
m 5 1 0
m 5 3 5
m 6 5 8
m 1 3 1
m 1 4 7
m 2 0 6
m 3 7 5
m 3 0 2
m 4 1 8
m 5 5 4
m 6 1 1
m 6 3 3
p
m 1 4 3
m 2 7 0
m 2 5 4
m 3 3 5
b 3
m 4 2 5
f 4
m 5 3 3
m 5 4 5
m 6 2 5
m 6 4 4
m 1 5 3
m 1 5 7
m 3 0 2
m 3 3 1
m 4 0 4
m 5 6 1
m 5 0 6
b 5
f 5
m 6 0 7
m 6 5 7
f 6
p
m 1 6 4
m 2 4 4
m 2 1 5
g 2 8 1
m 3 4 1
m 3 1 3
m 4 6 4
m 4 4 2
m 5 2 7
q 5
m 6 4 3
m 6 0 2
m 1 0 4
f 2
p
m 3 0 3
m 3 0 6
q 3
m 6 4 8
f 6
m 1 6 3
m 3 1 3
m 3 2 4
m 4 1 0
m 5 1 5
m 6 5 1
b 6
m 1 0 0
m 1 5 5
f 1
m 2 4 1
m 3 6 3
m 3 0 3
m 4 2 5
m 5 6 1
m 6 0 0
m 6 5 1
m 1 4 1
p
m 2 6 3
m 2 1 2
p
m 3 5 0
m 4 2 3
m 5 0 3
m 5 3 7
m 6 3 2
m 1 5 6
m 1 1 5
b 1
m 3 1 2
m 3 3 7
f 3
g 3 2 1
m 4 0 5
m 5 2 5
m 6 4 1
m 1 3 3
f 1
m 2 8 0
m 3 6 1
m 3 4 5
m 4 4 1
m 5 8 0
m 5 5 8
m 6 1 0
m 1 0 7
m 1 4 6
m 2 3 8
m 3 1 2
m 4 6 3
m 4 5 0
m 5 0 3
m 1 1 2
m 2 5 8
m 3 6 2
m 3 5 4
m 4 0 4
m 4 5 5
m 5 6 2
m 6 8 0
m 1 4 1
m 1 1 3
q 1
m 2 0 6
b 2
g 2 2 3
m 3 6 2
m 4 6 2
m 5 1 1
m 6 2 5
m 6 1 8
b 6
m 1 2 5
p
m 2 4 7
m 3 3 0
m 4 1 2
m 5 6 3
m 6 2 5

