B 5 5 6 2
m 1 1 0
m 1 1 3
p
m 2 0 3
m 2 0 4
m 3 3 3
m 4 2 2
m 5 3 1
m 6 2 0
m 6 3 3
p
m 1 4 3
m 1 3 2
m 2 1 2
m 3 1 2
m 3 4 1
f 3
m 4 1 1
m 4 0 4
m 5 0 0
m 5 4 2
m 6 0 4
m 6 1 1
f 6
m 1 3 4
m 1 3 2
m 2 2 0
m 2 3 2
m 3 4 4
m 3 2 1
b 3
m 5 2 1
m 6 3 2
m 6 1 4
m 1 0 3
m 2 2 1
m 3 4 1
m 4 4 3
m 4 1 2
m 5 2 0
m 6 3 2
m 1 4 1
m 1 1 3
m 2 4 3
m 3 4 2
m 4 0 4
m 4 0 1
m 5 3 4
q 5
m 6 2 0
p
m 1 4 4
m 2 0 3
m 2 0 1
p
m 3 0 1
m 3 4 2
m 4 4 2
m 4 1 1
q 4
m 5 4 4
m 6 3 1
b 6
m 1 0 3
m 1 4 1
p
m 2 0 3
b 2
m 3 2 0
m 3 3 1
m 4 0 4
q 4
m 5 4 2
m 6 3 4
m 6 2 2
m 1 4 4
b 1
m 2 4 4
m 2 2 0
m 3 2 0
m 3 1 4
m 4 4 4
m 4 0 2
f 4
m 5 0 3
m 5 0 4
q 5
m 6 4 2
m 6 0 1
b 6
m 1 0 3
m 1 4 0
b 1
q 1
m 2 4 0
p

