B 6 5 6 3
m 1 3 4
b 1
m 2 2 0
b 2
m 3 5 2
f 3
m 4 3 4
m 5 1 4
f 5
q 5
g 5 0 2
m 6 4 0
m 3 2 2
m 4 5 1
m 4 5 3
m 5 3 1
m 5 2 3
b 5
p
m 1 0 2
g 1 1 3
m 2 1 0
m 3 1 2
m 3 4 4
m 4 3 4
m 4 5 4
m 5 1 4
m 5 2 1
m 6 2 2
m 1 0 3
m 1 1 3
m 2 1 0
m 3 2 1
m 4 2 0
m 5 1 1
m 5 0 3
m 6 2 4
m 6 4 0
m 1 1 4
m 2 0 5
q 2
m 3 1 3
m 3 2 2
m 4 1 0
m 5 3 4
m 6 1 0
m 1 1 4
m 1 3 3
m 2 2 0
p
m 3 0 3
b 3
p
m 4 1 0
m 4 0 4
b 4
f 4
m 5 1 0
g 5 4 2
m 6 0 0
m 6 5 4
f 6
m 1 2 4
m 2 4 4
f 2
m 3 0 3
g 4 0 1
m 6 0 1
m 6 1 3
m 1 0 2
m 1 1 4
m 2 3 4
m 3 0 5
m 3 3 3
m 4 1 4
m 5 0 3
m 6 2 3
p
m 1 0 0
m 1 2 1
f 1
q 1
m 2 2 1
m 3 1 4
m 4 2 3
f 4
m 5 2 3
b 5
m 6 0 5
b 6
m 1 5 0
m 1 4 0
f 1
g 1 4 4
p
m 3 0 3
m 3 4 1
m 4 0 3
m 4 0 0
g 4 0 1
f 5
q 5
m 6 0 3
q 6

