B 13 17 6 37
m 1 14 1
b 1
m 2 16 12
m 3 10 3
m 3 2 0
m 4 6 13
m 4 5 14
m 5 5 7
m 6 11 3
m 6 12 10
m 2 14 0
m 3 9 5
p
m 4 8 9
m 5 0 2
m 6 10 9
m 6 11 0
m 1 2 15
b 1
m 2 10 11
b 2
m 3 3 6
m 3 2 4
b 3
q 3
m 4 14 11
m 4 6 5
m 5 16 0
m 5 7 3
m 6 8 16
m 1 2 4
m 1 0 5
g 1 2 0
m 2 11 1
m 3 4 0
m 4 4 6
q 4
m 5 10 3
m 5 11 12
m 6 7 0
m 1 3 2
m 1 7 11
f 1
m 2 15 4
p
m 3 14 11
m 3 11 1
m 4 10 9
m 4 1 6
m 6 6 4
f 6
m 1 6 10
m 2 14 8
m 3 16 3
m 4 9 16
m 5 12 0
m 5 4 8
m 1 11 4
q 1
m 2 15 8
b 2
m 4 15 1
m 5 3 9
m 5 6 9
m 6 0 4
m 1 7 4
m 2 12 4
m 2 10 14
b 2
m 3 10 10
m 4 4 16
m 4 5 4
b 4
m 5 14 2
m 5 3 6
m 6 11 8
m 6 3 16
m 1 12 1
m 1 7 9
m 2 2 11
m 3 5 2
f 3
m 4 2 2
f 4
m 5 4 9
m 5 1 8
f 5
m 6 3 6
m 1 14 2
m 2 6 2
m 3 11 0
m 3 2 3
m 4 13 12
m 4 1 10
m 5 12 5
m 5 7 5
m 6 8 7
m 1 11 9
f 1
m 2 0 5
m 2 11 0
q 2
m 3 8 8
m 4 7 9
m 4 7 4
m 5 6 8
m 5 2 11
q 5
m 6 12 9
m 6 2 0
p
m 1 0 0
b 1
g 1 3 7
m 2 0 13
p
m 3 6 0
m 4 3 6
m 4 9 5
m 5 10 8
m 5 2 5
f 5
p
m 6 5 11
m 1 4 3
m 2 12 5
m 2 10 6
m 3 9 5
m 3 7 4
m 4 15 8
m 4 11 8
m 5 4 1
m 5 3 3
m 6 10 11
m 1 3 13
m 2 9 7
m 2 4 1
f 2
p
m 3 0 5
m 3 0 3
m 4 3 8
m 5 4 0
q 5
m 6 14 1
m 6 8 13
m 1 7 12
m 1 8 6
m 2 4 1
m 2 9 3
m 3 2 5
m 3 11 14
m 4 14 9
m 5 13 5
m 6 0 14
m 1 12 6
p
m 2 13 7
m 2 4 13
m 3 5 1
m 4 1 6
m 5 6 5
m 5 9 7
m 6 14 9
m 6 4 11
b 6
q 6
m 1 7 13
p
m 3 8 15
m 4 7 14
m 4 4 1
m 5 8 7
m 6 6 11
m 1 6 6
m 1 5 15
m 2 10 0
m 3 3 12
m 3 7 12
f 3
q 3
m 4 12 1
q 4
m 6 15 9
m 1 4 4
m 1 9 14
m 2 15 4
m 2 2 16
m 3 6 6
m 3 6 15
q 3
m 4 8 2
m 5 2 12
m 6 3 16
f 6
q 1
p
m 2 12 8
m 3 13 10
m 3 11 16
g 3 7 9
m 4 11 1
m 4 7 14
m 5 6 11
m 6 0 9
m 6 4 11
m 1 14 8
m 1 12 3
f 1
g 1 4 2
m 2 9 9
m 2 12 10
m 3 6 15
f 3
m 4 16 6
m 4 0 13
m 5 15 0
m 5 6 3
g 5 14 0
m 6 14 3
m 6 7 14
b 6
m 1 8 13
b 1
m 2 7 1
m 2 6 0
m 3 9 5
m 3 12 8
m 4 5 5
f 4
m 5 2 12
m 6 7 8
m 2 13 1
m 3 7 6
f 3
m 4 6 8
p
m 6 16 12
m 1 0 5
b 1
m 2 1 3
m 3 14 1
m 3 7 4
b 3
q 3
g 3 7 5
m 4 16 7
m 4 8 8
b 4
m 5 5 16
m 5 4 3
m 6 0 3
m 1 8 10
m 2 5 3
m 2 10 14
m 3 13 9
m 4 16 12
m 4 4 11
g 4 14 11
m 5 10 3
m 5 6 6
m 6 12 5
m 6 6 4
m 1 12 13
m 1 4 15
m 2 1 9
f 2
m 3 1 1
m 5 11 7
g 5 6 1
m 6 3 13
m 6 6 6
m 1 15 12
m 1 12 8
m 2 0 8
q 2
m 3 7 6
m 3 0 16
q 3
m 4 12 3
m 4 2 5
m 5 13 2
m 6 7 11
m 1 8 8
m 2 10 7
m 2 6 8
m 3 7 7
b 3
m 4 0 2
m 4 6 9
b 4
m 5 10 2
m 6 1 6
m 6 9 0
m 1 6 11
m 1 12 16
f 1
m 2 9 1
m 3 4 3
m 3 9 8
b 3
m 4 12 14
b 4
q 4
m 5 10 3
m 6 7 0
m 1 9 5
m 2 4 8
m 2 6 7
m 3 12 9
m 3 4 7
m 4 0 7
m 4 1 4
m 5 2 5
m 5 10 15
m 6 7 14
m 6 3 6
g 6 15 0
m 1 3 15
m 3 12 0
m 3 6 9
m 4 14 3
m 4 4 11
m 6 5 7
m 6 1 0
m 1 6 11
m 1 10 4
m 2 5 11
m 3 1 8
m 4 6 4
q 4
p
m 5 3 8
m 1 7 2
m 2 3 0
m 2 3 4
m 3 6 2
m 4 1 3
b 4
f 4
m 5 10 9
q 5
g 5 6 6
m 6 7 8
q 6
m 1 10 11
m 1 4 8
f 1
m 2 15 12
b 2
m 3 12 12
m 4 16 10
m 4 6 1
p
m 5 2 5
m 5 5 9
f 5
m 6 16 10
m 6 6 12
m 2 0 5
b 2
q 2
m 3 13 2
m 4 13 10
m 4 9 16
m 5 10 7
m 6 9 2
m 6 3 4
m 1 2 14
m 2 11 13
m 3 5 4
m 3 7 12
q 3
m 4 10 4
m 4 1 14
m 5 0 9
m 5 11 14
m 6 2 1
m 1 10 11
m 1 4 10
m 3 16 1
m 4 0 8
m 5 10 2
m 5 8 12
m 6 7 2
m 1 9 8
m 1 8 2
f 1
p
m 2 7 1
m 2 11 7
m 3 15 9
m 3 10 10
q 3
m 4 6 11
m 4 12 12
g 4 1 1
m 5 6 0
m 5 2 2
m 6 11 12
m 1 3 10
m 2 1 9
m 3 14 8
m 3 2 4
m 5 14 6
m 5 6 2
m 6 9 7
m 1 6 7
m 1 6 0
m 2 14 6
m 3 0 6
m 4 6 8
m 5 11 11
m 5 9 10
m 6 11 3
b 6
p
m 1 0 8
m 1 7 4
m 2 5 1
f 2
m 3 11 0
m 4 2 11
m 4 7 1
f 4
p
m 5 5 10
f 5
q 5
q 6
m 1 11 1
g 1 14 1
m 2 5 13
m 2 4 12
m 3 5 1
m 4 2 8
m 5 5 11
m 6 8 5
m 6 6 5
m 1 10 0
m 1 11 13
m 2 4 7
m 3 3 8
m 3 8 1
b 3
m 4 12 1
m 4 10 5
m 5 3 7
m 5 10 14
m 6 9 2
m 6 7 14
m 1 12 5
m 1 4 7
m 2 14 3
m 3 15 1
m 4 11 12
m 5 7 4
m 6 15 7
m 1 2 11
m 2 7 1
m 2 12 5
b 2
g 2 7 8
m 3 16 1
m 3 0 0
m 4 12 10
m 4 0 12
m 5 10 11
m 5 10 11
p
m 6 12 9
m 6 4 15
m 1 13 2
m 2 16 1
m 2 6 10
m 3 5 4
m 3 0 9
m 4 14 3
m 4 3 13
m 5 15 11
m 6 11 3
m 1 15 11
m 1 2 5
m 2 2 16
m 2 4 6
m 3 9 15
m 3 0 0
q 3
m 4 6 5
m 6 9 0
m 1 8 0
m 1 5 9
b 1
m 2 13 2
m 3 11 3
m 3 4 2
f 4
m 5 9 7
q 5
m 6 10 0
m 1 15 11
q 1
m 2 6 8
m 3 15 11
m 3 7 4
m 4 4 5
m 5 6 0
m 5 10 2
m 6 7 13
m 6 9 14
f 6
q 6
m 1 15 0
m 1 2 8
m 2 11 8
m 3 11 0
m 4 3 1
m 5 10 0
m 5 4 13
m 6 1 11
m 6 8 10
b 6
m 1 15 11
m 1 12 0
m 2 10 13
m 3 16 1
m 3 12 2
m 4 7 1
m 4 3 14
m 5 10 0
m 6 10 15
p
m 1 8 5
g 1 4 6
m 2 10 0
m 2 1 10
f 2
m 3 12 1
m 3 7 14
b 3
f 3
m 4 9 15
m 5 11 0
f 5
m 6 9 2
m 6 5 5
m 1 16 7
m 2 1 10
m 2 7 6
f 2
m 3 16 10
m 3 11 10
b 3
g 3 13 10
m 4 16 1
m 4 11 13
q 4
m 5 1 9
b 5
m 6 10 7
m 1 16 6
q 1
m 2 5 16
m 3 1 0
m 3 6 0
m 4 2 11
m 4 0 9
m 5 10 7
m 5 1 9
f 5
m 6 12 15
m 6 8 15
m 1 5 1
m 2 12 9
m 2 5 15
q 2
m 3 8 5
m 4 6 5
m 4 7 11
m 6 3 8
m 6 8 5
m 1 12 1
m 1 3 15
b 1
m 2 16 7
m 2 3 5
g 2 8 8
m 3 2 16
m 4 9 2
m 4 4 16
p
m 6 13 1
m 6 6 12
m 1 10 12
m 1 3 12
q 1
m 2 15 7
q 2
m 3 14 4
m 3 0 11
m 4 12 5
g 4 14 10
m 5 14 6
m 5 8 13
m 6 0 5
m 6 8 10
g 6 2 10
m 1 8 5
m 2 10 0
m 3 11 8
m 3 7 2
m 5 8 5
m 5 1 2
m 6 0 5
m 1 12 1
m 1 9 0
g 1 15 8
m 2 6 5
m 2 11 12
m 3 10 2
m 3 6 1
f 4
m 5 12 3
m 6 9 2
m 1 12 13
p
m 2 11 12
m 2 7 10
m 3 2 1
m 4 4 1
m 5 4 6
m 6 12 11
q 6
g 6 1 7
m 1 7 12
m 1 9 1
m 2 6 7
m 2 8 4
f 2
m 3 5 11
m 4 5 1
m 5 3 3
m 5 2 6
q 5
m 6 3 14
m 1 0 5
b 1
m 2 6 11
p
m 3 15 0
m 4 12 2
m 5 1 0
m 6 12 9
m 6 9 14
f 6
m 1 12 9
m 2 7 12
m 2 0 1
m 3 6 9
m 4 6 9
m 4 1 4
m 5 7 1
m 5 12 4
m 6 15 11
q 6
p
m 1 15 0
m 1 0 3
p
m 2 4 4
q 2
m 3 8 6
m 4 11 8
m 4 4 14
m 5 11 9
f 5
m 1 16 6
m 1 2 2
p
m 2 4 9
m 3 1 11
m 4 11 9
m 4 9 4
f 4
m 5 1 10
m 5 0 1
m 6 13 1
m 6 10 4
m 1 6 4
q 1
m 2 12 9
m 2 2 9
f 2
m 3 11 6
m 4 4 16
m 4 11 5
f 4
m 5 3 14
m 5 7 13
m 6 16 10
m 6 1 14
m 1 12 5
m 1 10 9
m 2 11 8
m 3 4 14
b 3
m 4 15 1
m 4 7 12
q 4
m 5 11 8
b 5
m 6 16 6
m 6 11 15
m 1 16 1
m 1 5 9
b 1
m 2 16 1
m 2 0 16
m 3 10 2
q 3
m 4 0 10
m 5 1 10
m 5 12 9
b 5
m 6 15 0
f 6
m 1 8 7
b 1
m 2 0 4
m 3 2 10
m 3 11 15
m 4 11 9
m 5 5 16
m 5 6 10
m 6 7 12
m 6 8 1
m 1 10 16
m 1 9 14
m 2 15 7
m 3 7 12
m 4 13 9
m 5 11 9
m 6 1 10
m 1 2 11
m 1 4 3
m 2 7 2
m 2 4 5
m 3 13 2
m 3 5 5
m 4 5 1
m 4 1 6
m 5 6 3
m 5 12 14
m 6 15 0
m 1 2 11
m 1 12 14
m 2 2 8
b 2
m 3 16 6
m 4 6 5
m 5 7 12
m 6 12 9
m 6 4 13
m 1 16 6
m 1 8 12
f 1
m 2 6 5
m 3 6 10
m 3 1 15
m 4 3 3
b 4
m 5 11 9
m 5 5 4
f 5
m 6 10 16
m 6 10 8
m 1 5 1
m 1 6 5
m 2 8 5
m 2 0 5
m 3 0 5
m 4 8 5
m 4 7 9
b 4

