B 6 10 4 17
m 1 4 1
m 1 2 8
b 1
q 1
m 2 4 9
f 2
m 3 8 0
f 3
q 3
m 4 5 1
m 4 5 1
m 1 5 2
m 2 3 9
m 2 3 2
m 3 1 2
m 4 3 4
m 1 6 5
m 2 2 1
m 2 3 8
m 3 3 5
m 4 3 8
m 4 0 6
m 2 1 0
m 2 0 0
m 3 1 1
p
m 1 1 0
m 1 3 6
m 2 9 0
m 2 4 4
b 2
m 3 5 0
m 4 5 2
m 1 3 9
f 1
g 1 5 3
m 2 7 4
m 3 4 5
m 3 5 4
m 4 3 1
m 1 2 7
b 1
m 2 2 2
p
m 3 5 0
m 4 3 2
m 1 4 9
m 1 2 5
f 1
m 2 5 7
m 3 4 0
m 3 4 4
f 3
m 4 2 5
g 4 2 5
m 1 0 6
m 2 0 9
f 2
m 3 2 6
m 4 7 3
f 4
m 1 4 0
m 2 9 5
m 3 8 4
m 4 5 5
m 1 4 0
m 1 2 7
m 2 1 0
b 2
m 3 2 0
m 4 9 1
b 4
m 1 5 1
m 2 2 1
m 2 2 9
m 3 3 1
m 4 2 4
m 4 1 9
m 1 0 3
m 1 2 5
m 2 2 0
m 2 3 5
f 2
m 3 4 4
b 3
m 4 7 0
m 4 2 5
m 1 2 1
m 1 4 4
m 2 8 1
f 2
m 3 8 4
m 4 2 1
m 1 0 3
m 2 8 5
m 2 4 4
p
b 3
m 4 7 4
m 1 8 0
m 1 0 3
p
m 2 3 1
m 2 2 2
m 3 7 0
m 3 4 4
m 4 3 2
m 1 2 6
m 2 5 0
m 3 6 5
q 3
m 4 5 9
b 4
g 4 6 3
m 1 2 3
m 1 5 4
m 2 3 4
m 2 2 6
b 2
g 2 2 5
m 3 2 8
m 3 1 9
b 4
m 1 6 5
m 2 3 2
m 3 4 1
m 4 5 0
b 4
m 1 3 8
m 1 1 3
m 2 7 4
m 2 1 8
b 2
m 3 4 9
m 3 4 1
g 3 3 2
m 4 8 5
m 4 2 0
q 4
m 1 4 0
m 2 2 8
m 2 5 4
b 2
m 3 3 4
m 3 2 5
f 3
m 4 7 3
m 1 1 0
m 1 4 6
m 2 5 3
m 2 0 1
m 3 6 1
f 3
m 4 3 2
m 1 2 4
m 1 5 5
m 2 6 5
b 3
f 3
m 4 6 1
f 4
m 1 3 3
f 1
m 2 0 9
m 3 7 3
m 3 0 5
m 4 4 1
f 4
m 1 3 4
m 1 5 3
m 3 7 0
m 4 2 0
m 4 1 8
m 1 5 8
m 2 7 1
b 2
m 3 3 9
m 3 4 4
p
m 4 1 9
m 4 1 3
b 4
m 1 4 1
m 2 4 1
b 2
m 3 1 5
m 3 0 4
m 4 7 4
m 1 7 4
f 1
q 1
m 2 3 2
g 2 9 1
m 3 6 1
m 3 4 3
m 4 0 4
m 1 2 0
m 1 0 1
q 1
g 1 9 1
m 2 1 6
m 4 6 5
m 4 1 2
g 4 6 0
m 1 7 1
m 2 0 1
m 3 2 4
m 3 1 9
m 4 2 9

