B 10 9 4 9
m 1 7 2
m 1 6 0
m 2 8 7
b 2
m 3 9 6
m 1 6 0
m 1 2 8
g 1 7 8
m 2 6 8
m 2 6 8
m 3 7 8
m 3 1 3
f 3
m 4 5 8
f 4
m 2 0 1
m 2 5 7
b 2
m 3 2 1
f 4
m 1 4 3
m 1 0 2
b 1
m 2 2 3
m 3 0 5
m 3 7 0
m 4 6 0
m 1 3 0
m 2 3 8
m 2 1 4
m 3 2 4
m 4 4 5
b 4
m 1 1 6
m 1 5 3
m 2 0 9
m 2 6 4
f 2
p
m 3 5 6
f 3
q 3
m 4 7 0
p
m 1 0 1
f 1
q 1
f 2
m 3 6 4
m 1 8 8
m 2 1 0
m 2 4 7
m 3 6 0
m 3 8 2
m 4 3 0
f 4
m 1 6 4
m 2 1 5
m 3 5 1
m 3 5 0
m 4 7 9
q 4
m 2 2 1
m 3 1 9
m 3 5 3
m 4 8 9
q 4
m 1 1 5
m 2 0 4
m 2 8 0
b 2
m 3 9 1
m 3 2 8
m 4 8 1
m 1 4 4
f 1
m 2 2 9
m 3 3 0
m 3 2 3
m 4 7 6
m 1 9 8
m 1 7 0
m 2 0 1
m 3 3 8
q 3
m 4 3 0
m 4 6 5
m 1 1 3
m 1 8 5
p
m 2 5 9
m 2 5 0
m 3 4 8
m 3 3 7
m 4 7 9
f 4
m 1 2 4
m 1 2 4
m 2 4 1
m 3 6 8
m 3 1 6
f 3
m 4 3 5
q 4
p
m 1 4 8
m 2 2 4
m 2 7 3
q 2
m 3 7 1
m 4 6 5
m 1 3 8
m 1 5 6
m 2 3 7
q 2
m 3 3 0
f 3
m 4 8 4
m 4 7 1
m 1 3 7
m 1 6 1
m 2 6 4
m 3 0 5
m 4 3 3
f 4
m 2 1 5
m 2 0 1
m 3 2 1
f 3
m 4 6 4
m 4 8 2
m 1 8 1
m 3 4 6
m 3 2 0
m 4 6 0
q 4
m 1 1 9
m 2 3 2
m 3 1 1
m 4 1 9
m 4 8 3
b 4
m 1 2 4
m 2 7 7
b 2
f 2
m 3 4 9
m 4 5 5
m 4 8 5
m 1 0 1
m 1 9 3
m 2 3 6
b 2
m 3 7 1
b 3
m 4 6 3
m 4 1 8
m 1 4 7
g 1 4 6
m 2 3 7
m 3 7 6
m 4 7 1
f 4
q 4
m 1 4 7
g 1 6 7
m 2 2 9
m 3 0 9
m 3 4 2
m 4 6 5
m 1 0 7
m 2 6 5
m 2 5 5
m 3 1 2
m 3 4 6
b 3
m 4 6 6
m 4 3 1
b 4
m 1 8 1
m 2 4 3
m 2 9 7
m 3 6 8
m 3 2 6
m 4 1 9
m 4 6 1
m 1 0 0
m 1 8 2
p
m 2 4 3
m 3 9 6
m 4 2 4
m 1 1 0
m 1 7 7
b 1
q 1
m 2 2 2
m 2 4 2
m 3 4 5
m 4 4 3
m 4 3 5
m 1 8 0
m 1 0 7
m 2 2 5
m 2 0 7
p
m 3 2 6
m 4 5 7
m 4 5 5
f 4
p
m 1 0 4
g 1 4 1
p
m 2 9 0
m 2 9 4
b 2
m 3 1 2
m 3 2 2
m 4 0 0
m 4 2 8
m 1 4 0
f 1
g 1 5 1
m 2 5 1
b 2
m 3 8 1
m 3 5 4
m 4 4 4
g 1 6 4
m 2 8 4
m 3 6 0
m 3 0 5
m 4 5 0
m 4 9 1
m 1 7 3
m 1 9 1
b 1
m 2 6 5
m 2 8 1
m 4 8 4
m 4 1 8
m 1 7 2
q 1
m 2 8 4
m 3 8 4
m 3 5 2
m 4 6 8
m 1 7 1
m 1 7 7
m 2 8 0
m 3 5 9
g 3 8 1
m 4 7 1
m 4 6 4
m 1 3 9
m 1 5 1
m 2 0 9
f 2
m 4 1 4
m 1 3 0
m 1 0 6
q 1
m 2 2 6
m 2 7 5
p
m 4 4 3
m 4 0 3
m 1 4 3
m 1 1 0
m 2 0 8
m 4 4 9
f 4
m 1 4 3
m 2 1 4
m 2 7 3
f 2
m 3 3 8
b 3
m 4 6 8
m 4 9 6
q 4
m 1 6 8
m 2 7 2
m 2 0 6
m 3 0 5
m 3 0 0
m 4 5 3
m 4 2 5
m 1 7 2
m 1 5 4
f 1
m 2 2 5
m 3 4 7
f 3
b 4
m 1 7 6
m 1 8 0
f 1
m 2 4 3
b 2
m 3 3 9
m 3 4 7
b 3
m 4 9 5
b 4
m 1 1 4
m 1 9 4
m 2 4 9
m 3 4 9
q 3
m 4 7 6
m 4 8 6
f 4
m 1 0 6
b 1
m 2 2 6
m 2 5 6
p
m 3 2 6
q 3
m 4 5 0
m 4 2 4

