B 8 10 4 13
m 2 5 4
m 2 3 1
m 3 3 2
m 4 0 2
m 4 6 4
f 4
m 1 9 7
m 2 3 5
m 3 7 7
m 4 8 2
m 1 6 4
m 1 5 6
b 1
m 2 4 2
m 3 8 6
m 3 3 2
m 4 4 0
m 4 0 1
p
m 1 2 0
m 1 5 2
f 1
m 2 8 5
p
m 4 1 2
m 1 0 1
m 1 2 9
m 2 8 7
m 2 2 8
q 3
m 4 7 4
m 1 6 0
q 1
m 2 1 1
m 2 1 7
m 3 6 3
q 3
m 4 7 4
m 1 6 6
m 1 5 9
m 2 3 5
m 3 9 1
m 4 3 7
m 4 0 5
f 4
m 1 3 4
m 1 3 6
m 2 1 7
f 2
m 3 2 6
m 4 0 5
p
m 1 7 6
m 1 6 6
m 2 2 6
m 2 6 7
p
m 3 1 7
m 4 3 0
m 1 3 1
m 2 5 1
m 3 9 0
m 4 2 6
b 4
m 1 5 7
m 2 8 3
m 2 2 9
m 3 3 5
b 3
g 3 9 2
p
m 4 2 6
f 4
m 1 4 4
m 1 1 0
m 2 5 1
q 2
m 3 2 7
m 3 4 0
m 4 3 3
b 4
m 1 8 6
b 1
m 2 0 2
f 2
m 3 0 7
m 3 4 8
m 4 3 2
m 1 7 5
m 1 5 6
g 1 6 2
m 2 6 9
m 2 2 9
m 3 0 7
m 4 8 6
m 4 7 6
q 4
m 1 4 1
m 2 3 2
m 2 6 6
m 3 3 4
f 3
m 4 2 1
q 4
m 1 7 5
m 2 4 0
m 2 7 9
m 3 7 4
p
m 4 5 4
m 1 9 4
m 2 8 5
m 2 3 0
m 3 2 6
m 3 6 5
f 3
m 4 3 4
m 1 5 5
m 1 5 2
m 2 9 0
m 2 2 6
m 3 1 6
m 4 3 1
m 4 7 8
m 1 9 1
b 1
m 2 5 4
m 3 1 9
f 3
m 4 9 4
m 1 3 4
m 2 4 0
m 3 2 4
m 3 5 7
m 4 0 5
f 1
m 2 9 3
m 2 7 6
m 3 3 2
b 3
m 4 7 7
m 1 5 2
m 2 8 5
f 2
m 3 2 8
m 4 6 9
b 4
f 4
q 4
g 4 1 5
m 1 5 2
m 1 2 1
f 1
m 2 1 7
m 3 3 9
m 3 2 3
q 3
m 1 2 6
m 1 6 5
m 3 7 6
m 4 2 7
m 4 7 1
f 4
g 4 9 1
m 1 2 6
m 1 5 0
q 1
m 2 2 9
m 3 5 1
m 3 1 8
m 4 3 4
m 1 0 0
m 1 6 1
f 1
m 2 3 7
m 2 1 7
q 2
m 4 3 1
m 4 3 3
f 4
m 1 2 6
q 1
m 2 5 6
m 3 7 6
m 4 6 4
m 4 3 9
m 1 3 4
b 1
g 1 1 5
m 2 2 7
g 2 5 7
m 3 7 9
q 3
m 4 9 0
m 4 7 5
m 3 3 2
m 3 2 7
m 4 3 5
m 1 5 2
m 1 6 1
m 2 7 7
m 3 3 7
m 3 1 6
m 4 8 0
m 1 1 0
m 1 1 0
g 1 1 3
m 2 3 4
m 3 3 5
m 1 9 0
q 1
m 2 8 6
m 2 6 3
q 2
m 3 0 7
f 3
m 4 6 9
m 1 3 5
b 1
m 3 3 4
m 3 6 7
q 4
m 1 2 9
b 2
f 2
m 4 3 5
m 4 7 5
m 1 5 4
m 1 5 8
m 2 3 1
m 3 5 1
m 3 4 6
m 4 1 6
m 1 4 1
m 2 5 2
m 3 8 3
p
m 4 5 2
m 1 5 4
m 1 1 5
m 2 2 6
f 2
g 2 6 6
m 4 9 0
b 4
m 1 8 0
m 2 8 0
m 3 9 0
m 3 6 4
m 4 2 6
m 4 6 8
m 1 0 7
m 1 6 6
m 2 3 1
m 3 7 1
m 3 0 6
f 3
b 4
m 1 2 5
m 2 7 7
m 3 7 1
b 3
m 4 3 0
f 4

