B 8 5 5 7
m 1 7 1
m 1 5 0
m 2 4 2
q 2
m 3 2 3
q 4
m 5 7 1
b 5
p
m 1 3 3
m 2 5 2
m 3 7 0
m 4 4 4
b 4
m 5 3 0
m 5 1 0
m 1 1 4
m 1 4 2
f 1
m 2 3 5
m 2 5 3
m 3 6 2
m 4 3 4
m 4 7 4
q 4
m 5 6 0
m 5 0 2
m 1 2 1
m 1 5 1
m 2 0 0
m 2 3 4
f 2
m 3 2 3
m 4 1 0
m 5 0 4
m 5 2 1
m 1 0 0
b 1
p
m 2 2 7
m 3 1 4
m 4 1 1
m 5 1 4
m 5 7 3
m 1 4 5
m 2 0 1
m 3 0 2
m 3 7 4
m 4 4 3
m 4 6 0
m 5 1 6
m 1 0 2
m 1 0 1
f 1
q 1
m 3 2 1
m 4 0 4
f 4
m 5 2 3
m 2 4 5
b 2
m 3 1 6
m 3 2 0
m 4 5 3
b 4
q 4
m 5 2 3
m 1 3 3
f 1
m 2 3 1
q 2
m 3 2 1
m 3 1 1
m 4 2 2
q 4
m 5 0 3
m 1 4 2
m 2 1 4
m 2 0 1
m 3 4 5
m 3 7 1
m 4 2 7
m 4 7 1
m 5 3 1
m 1 2 3
m 1 0 3
m 2 4 6
m 2 6 3
m 3 4 5
m 4 7 1
f 4
m 5 1 4
q 5
m 1 4 4
b 1
m 2 2 1
f 2
m 3 5 2
m 4 6 3
m 5 2 1
m 1 4 6
m 1 4 2
b 1
m 2 2 1
m 3 4 5
m 4 4 1
f 4
m 5 3 1
m 5 4 0
m 1 4 5
m 1 3 3
m 2 0 1
m 4 2 1
m 4 2 2
m 5 3 0
b 5
m 1 6 3
m 1 4 0
p
m 2 3 1
m 3 6 2
q 3
m 4 1 0
m 4 2 4
m 5 2 1
m 5 7 3
q 5
m 1 2 7
m 1 6 4
b 1
q 1
m 2 1 6
m 2 1 4
m 3 3 1
m 3 6 3
q 4
m 5 4 5
m 5 7 3

