B 5 10 6 10
m 2 3 0
m 2 2 1
m 3 3 4
m 3 1 5
m 4 4 6
m 4 3 7
f 4
m 5 3 1
m 5 1 2
m 6 4 2
m 1 1 3
m 2 5 2
m 2 2 6
m 3 4 6
m 4 3 0
m 5 3 2
m 5 2 4
m 6 4 0
m 6 4 1
m 1 0 1
m 1 0 8
m 2 0 0
m 2 2 0
m 3 3 3
m 3 3 3
m 4 0 2
m 4 1 0
m 5 5 2
m 5 1 3
m 6 7 0
m 6 0 9
g 6 1 3
m 1 1 2
m 1 0 8
m 2 0 9
b 2
m 3 9 1
m 4 1 1
m 6 4 0
f 1
b 2
m 3 2 9
m 4 9 4
m 4 3 5
p
m 5 5 4
m 5 4 6
m 6 2 2
m 1 0 3
m 2 6 1
m 2 1 9
m 3 6 0
f 3
m 4 2 6
b 4
m 5 3 9
m 6 0 8
q 6
m 1 6 0
m 1 0 7
f 1
q 1
m 2 2 4
m 3 1 4
f 3
m 4 7 2
m 4 3 3
m 5 0 0
g 6 4 3
m 1 1 8
m 1 1 1
m 2 3 2
m 2 4 5
m 3 4 7
m 4 8 3
q 4
m 5 8 2
q 5
m 6 5 0
m 6 2 5
p
m 1 4 4
m 1 0 7
m 2 9 4
q 2
m 3 8 3
m 3 4 9
m 4 3 3
b 4
f 4
m 5 0 5
m 6 4 2
m 1 6 0
m 1 4 1
m 2 7 2
m 2 4 3
m 3 8 2
g 3 2 1
m 4 8 2
m 4 1 7
f 5
m 6 4 7
m 6 1 2
g 6 5 4
m 1 6 3
m 1 0 6
m 2 3 0
m 3 6 3
m 3 4 7
m 4 4 0
m 5 6 3
m 5 3 5
m 1 1 0
m 1 2 8
f 2
q 2
m 3 4 0
m 3 3 2
m 4 8 4
m 5 3 1
m 6 3 0
b 6
m 1 0 6
m 1 2 3
m 2 1 4
m 3 6 3
m 4 4 0
m 5 6 1
b 5
m 1 6 1
m 1 0 9
q 1
m 2 3 3
m 3 6 1
m 3 1 6
m 4 7 2
m 5 1 8
m 6 4 0
m 6 0 2
q 6
m 1 4 3
m 2 2 7
m 2 3 0
m 3 6 3
m 4 8 4
m 5 1 3
m 5 1 4
m 6 4 0
m 6 2 7
m 1 0 1
m 2 8 4
m 2 3 6
m 3 8 3
m 3 0 7
m 4 4 5
m 5 8 4
m 1 8 3
m 2 1 7
p
m 4 4 0
m 4 1 6

