B 9 5 5 6
m 1 3 3
m 2 8 0
q 2
m 3 3 6
m 3 6 1
m 4 2 2
m 4 0 1
m 5 0 4
m 5 7 3
m 1 5 3
m 1 6 2
b 1
m 2 0 0
m 3 7 3
m 3 8 0
m 4 0 6
m 5 0 6
b 5
m 1 4 7
g 1 1 6
m 2 7 2
m 2 0 1
q 2
m 3 4 2
m 3 7 2
m 4 4 7
m 4 8 1
m 5 4 6
m 5 1 2
m 1 1 3
m 1 8 2
m 2 5 4
m 3 4 8
m 3 3 4
b 3
m 4 1 3
m 4 4 0
m 5 2 3
m 5 3 4
m 1 4 4
m 1 8 0
m 2 1 2
m 2 3 4
m 3 1 2
f 3
m 4 5 0
m 4 8 2
g 4 4 4
m 5 0 3
m 5 6 0
m 1 0 3
m 2 8 0
m 2 5 1
m 3 8 1
m 4 4 2
m 1 2 3
m 1 6 1
m 2 2 3
m 2 4 4
m 3 1 3
m 4 3 6
m 4 6 2
b 4
m 5 2 0
m 1 3 3
p
m 3 2 0
m 3 2 3
g 3 3 7
m 5 8 3
m 1 0 3
m 1 1 4
m 2 4 8
m 2 0 1
m 3 5 3
m 4 0 3
p
m 5 7 3
m 1 8 4
m 2 3 0
m 3 3 4
m 3 8 3
m 4 3 6
b 4
f 4
m 5 8 4
m 1 3 4
m 1 2 2
m 2 1 3
m 3 2 0
m 3 2 4
q 3
m 5 7 0
m 5 5 4
m 1 0 2
m 2 0 4
q 2
m 3 2 3
m 4 1 3
p
m 5 1 1
f 5
m 1 2 1
m 2 0 0
f 2
m 3 1 3
f 3
q 3
m 4 1 3
m 4 7 3
b 4
m 5 1 3
m 1 2 3
m 2 7 4
q 2
m 3 1 2
m 3 3 3
q 3
m 4 1 2
m 4 0 1
m 5 5 0
m 5 1 1
m 1 1 3
m 2 4 0
b 2
q 2
m 3 0 1
m 4 1 4
m 5 7 2
f 5
m 1 3 6
m 1 7 2
m 2 1 4
m 2 1 1
m 3 1 4
m 4 5 1
m 4 2 1
m 5 0 1
m 5 3 3
m 1 3 4
m 1 6 4
m 2 1 3
g 2 1 0
m 4 4 6
m 4 0 1
m 5 4 6
m 5 5 1
m 1 6 1
m 1 4 4
m 2 3 0
m 3 3 4
m 3 6 3
m 4 3 3
m 4 2 3
m 5 4 6
m 5 6 2

