B 6 4 4 7
m 1 1 3
m 1 4 1
m 2 0 5
m 2 5 1
m 3 2 4
m 4 2 2
m 1 2 0
m206
m 3 3 2
m 3 4 0
m1334
m 4 3 2
m 1 0 3
m 1 5 3
m 2 2 0
m 2 4 2
f 2
m 3 2 1
f 3
g 3 1 0
m 4 3 0
m 2 0 0
m 2 0 2
m 4 3 4
b4
m 1 0 5
m 1 3 0
m 2 2 2
b2
m 3 1 3
m 4 0 1
m 1 0 1
b 2
m 3 3 4
m30-
m 4 2 5
m 4 3 3
m 1 5 2
b 1
m 2 2 1
m 3 5 2
f 3
m 4 0 1
m 4 0 1
m 1 2 1
m 2 1 3
b 2
m 3 4 2
m 4 3 2
m 1 3 1
m 2 3 2
m301
m 3 4 0
m 1 2 1
m 1 4 1
q 1
m 2 0 5
m 2 3 2
f 2
m 3 5 2
m 4 3 2
m 4 3 0
m 1 0 3
f 1
m 2 2 1
m 3 1 1
q-7
m 4 0 5
m 4 5 3
m 1 4 0
b 1
q 1
m 2 3 4
m 2 0 2
m 3 0 5
m4481
p

