B 8 4 4 2
m 1 4 1
q 1
m 2 1 1
m 2 7 3
m 3 0 3
m 3 3 0
m 4 2 1
m110
m 1 6 1
g 1 1 2
m 2 2 5
m 3 0 7
m 3 6 1
m 1 2 0
m 2 0 2
m 3 3 3
m 4 3 2
m 4 4 2
m 1 2 0
m 1 1 3
g 1 3 0
m 3 1 6
m 4 2 3
m 1 1 6
m 1 1 3
m 2 3 3
m 2 2 0
b 2
f 2
m 3 2 1
m 4 2 5
m 4 4 0
m152
m 2 3 3
m 2 4 3
q 2
m 3 1 6
m 3 5 3
m4100
m 4 0 2
q 4
m130
620m
m 3 1 2
m 3 0 1
q 3
m 4 2 1
m 1 2 5
m 1 7 2
q 1
g 1 3 7
m 2 0 2
m331v6
m1310
m 1 3 0
m 2 2 3
m315
q 3
m 4 3 3
m470
f 4
q 4
m 1 2 3
m 1 4 3
f 1
m233
m 3 2 6
m 3 6 1
m 4 2 7
m 1 0 3
m 2 6 1
m 2 5 2
m 3 2 1
m 3 0 2
m 4 3 1
m 1 0 0
m 2 2 2
m 2 5 3
m 4 2 1
m 1 0 7
m 1 0 3
b 1
m 3 7 3
m 3 1 2
m 4 1 0
m 1 3 1
m 1 4 1
m 2 2 5
m23
m 3 7 2
m 3 4 3
m 4 0 5
m 4 6 2
m 1 2 0
m 2 0 4
m 2 4 1
m 3 2 2
m 3 7 1
m 4 3 6
m 4 7 3
m 1 3 1
m112
q 2
m 3 3 6
m 4 0 1

