B 5 5 6 5
m 1 4 0
m 2 3 2
m 3 4 1
Sm3±43
b 3
m 4 3 2
m 4 0 0
q 4
m 5 0 1
m 5 0 4
m 6 3 1
m 1 2 1
m 1 2 1
f 1
m 2 3 0
m 3 2 2
m 4 2 1
m 5 1 1
m 6 4 1
m 6 2 1
m 1 3 4
q 1
m 2 2 4
m 3 3 0
m432
m 5 3 1
m 5 1 2
m631
m 6 2 2
m 1 3 0
m 1 1 0
b 1
m 2 0 0
m 3 2 0
m 4 3 2
m 4 2 1
b 4
m 5 3 0
m 5 1 1
m 6 3 0
m 6 3 4
m 1 2 4
m 1 3 0
b 1
m 2 3 0
b 2
m341
m 4 2 4
m 5 4 0
m 6 3 0
m 1 0 1
m 3 1 4
f 3
m 4 3 3
m 4 3 2
q 4
m 5 3 0
m 5 4 1
b 5
m 6 3 0
m 6 3 3
m 1 2 4
m 1 4 0
f 1
m 2 2 4
m 2 1 4
q 2
m 3 3 0
m 3 3 3
m 4 2 0
m 4 2 0
m 5 4 4
m 5 3 2
p
m 6 3 2
m 6 2 1
m 1 3 0
m 2 3 1
m 3 2 0
m 4 2 0
Zm41/8
q 4
m 5 2 0
m512
b 5
m 6 1 2
m 1 3 2
m 2 3 1
q 2

