B 5 6 5 3
m 1 3 3
m 2 0 2
f 2
m 3 5 3
m 3 4 3
m 4 4 2
m 5 3 1
m 5 0 0
m 1 2 2
b 1
m 2 1 5
m 2 1 3
m 3 0 1
m 4 4 1
m501
m 1 1 1
p
m 2 0 3
m324
q 3
m 4 5 3
m 5 5 0
b 5
m 1 5 0
m 2 5 2
m 2 2 0
m 3 0 1
m 3 2 5
q 3
m 4 0 4
m 4 4 3
b 4
m 5 4 1
m 5 3 3
p
m 1 0 4
m 2 1 2
p
m 3 2 3
m 3 3 3
m 4 0 4
m 4 4 5
b 4
m 5 1 4
m 1 0 3
m 2 4 3
m 2 1 3
m 3 5 3
m 4 5 0
m504
f 5
m 1 4 4
m 2 5 3
m 3 4 1
m 4 4 3
m 4 3 2
m 5 0 3
m 1 0 3
m 1 1 5
m 3 0 1
m 3 1 0
b 3
m 4 1 2
m 1 5 0
m 1 0 4
m 2 5 3
f 2
m 3 4 3
m 4 1 2
m 4 4 5
m 5 3 1
b 5
m 1 5 0
m 1 2 2
ïb1
q 1
m 2 4 3
m 2 3 5
m 3 5 3
m 3 4 2
m 4 3 5
m 5 4 4
m 5 4 4
q 5
m 1 3 4
m 1 4 3
m 2 5 0
m 3 4 4
m 3 0 1
m 4 0 1
m501
b 1
m 2 0 1
m 3 1 2
m 4 0 1
m 5 0 3
m 5 0 3
q 5

