B 5 6 3 4
m 1 2 3
m 1 1 0
m 2 1 0
m 2 1 3
m 3 5 0
m 3 4 0
m102
p
m 2 4 1
m201
m 3 0 3
m 1 3 0
m 1 4 0
m 2 3 4
g 2 2 0
m 3 0 0
m 1 2 0
m 2 4 1
m225
f 2
m 3 5 2
m 3 1 1
m 1 0 5
m 1 2 3
b 1
m 2 1 2
m 3 5 3
030m
m 1 4 2
m 2 3 4
b 2
m 3 5 1
m 3 2 5
m 1 4 4
m 3 5 3
m 3 2 5
m144
f 1
m 2 4 2
m 3 2 3
m 1 2 2
m 2 4 1
f 2
q 2
m 3 4 2
m 1 4 0
m 2 0 1
m 3 3 1
m 1 2 3
m 1 0 1
m 2 0 5
m 3 2 3
m 3 2 4
m 1 4 4
m 2 0 1
m 2 0 3
m 3 5 1
m 3 2 3
m 1 5 4
m 1 4 5
m 2 4 2
m 3 2 3
b3
m 1 1 5
m 2 4 4
f 2
m 3 0 1
m 1 4 5
m 1 2 0
p
m 3 5 2
m 1 3 2
m 1 4 0
m 2 1 3
m 2 4 5
g 2 5 0
m 3 4 1
m 3 2 3
f 3
q 3
m132
m 2 2 2
m 3 3 3
g 3 0 3
p
m233
m 2 2 0
m 3 3 4
m 1 1 4
p
m 3 4 2
m 3 4 1
m 1 3 4
m 2 4 2
m213
m 3 4 2
b 3

