B 5 4 4 2
m 1 3 0
m 1 0 1
m 2 3 4
b2
m 3 1 4
m 4 1 4
f 4
m 1 2 4
m 1 2 0
b 1
m 2 4 0
m 2 3 2
m 3 4 0
m420
f 4
m 1 2 0
m 1 0 1
m 2 1 2
m 3 0 0
m 3 1 2
m 4 3 3
m 1 0 1
m 2 1 2
m 2 4 3
q 2
m 3 1 2
m 3 0 2
m 4 1 2
m 4 4 1
m 1 1 2
m 1 1 3
m 2 1 2
m 2 3 3
p
m 3 1 2
m 4 3 3
f 4
q 4
m 1 1 2
m 2 1 0
m 3 3 4
m 3 1 0
q 3
m 4 2 3
m211
m 2 3 0
m 2 2 0
m 3 2 2
m 3 3 2
m 4 2 1
m 1 3 1
m 1 2 1
f 1
m 2 3 0
m248
m 3 3 1
m 3 0 2
m 4 3 1
m 1 3 4
m 1 2 3
p
m 2 3 1
m 3 3 4
m 3 2 2
m 4 0 2
p
m 1 3 0
m 1 0 0
f 1
p
m 4 2 2
m 4 1 0

