B 8 5 5 3
m 1 0 4
p
m 2 3 2
m 3 4 5
m 3 2 4
m 4 1 2
m434
q 4
m 5 1 0
p
m 1 4 4
m 1 6 1
b1
m 2 0 4
m 3 1 7
m 4 1 0
m 5 0 5
p
m 1 4 5
m 1 0 1
m 2 1 7
m 2 7 4
b 2
f 2
m 3 3 1
m 3 7 2
f 4
m 5 2 4
f5
m 1 3 0
m 2 1 0
m 2 1 1
m 3 6 2
g 4 4 2
m 1 1 3
m 2 4 1
m 2 5 1
m 3 4 1
m 4 0 2
m 4 6 4
m 5 3 7
f 5
m 1 1 1
m 1 3 1
m 2 3 3
m 2 7 3
m 3 1 7
m 4 0 6
m 4 2 2
m 5 5 2
m 1 0 3
f 1
q 1
m 2 4 1
m 3 0 7
m 3 6 1
m 4 3 4
m 5 0 5
b 5
m 1 6 2
m 2 0 0
m 2 2 0
m 3 0 0
m 3 6 4
b 3
m 4 0 3
m 4 5 0
m 5 5 2
f 5
m 1 6 1
m 2 0 4
m 2 3 3
m 3 0 3
b 3
f 3
q 3
m 4 1 0
m 5 0 7
m 1 4 5
m 1 6 1
m 2 2 0
m 3 3 2
m 4 2 4
m 4 5 2
m 5 2 3
m 5 2 1
m 1 5 4
m 1 7 1
m 2 0 6
m302
m 4 0 3
m 5 0 3
m 1 1 2
f 1
m 2 7 1
m 3 0 6
m 3 6 0
m 4 2 4
m 5 4 0
m 5 7 3
q 5
m 1 7 4
m 1 7 0
m 3 4 4
q 3
m 4 0 4
m 5 1 0
f-1
m 1 5 4
m 1 4 0
m 2 3 5
f-6
m 3 5 4
m 4 3 1
m 4 7 0
b 4
m150
m 2 5 4
g 2 2 5
m 3 3 1
m 3 6 0
p
m 4 0 0
m 4 0 0
m131
m215
q 2
m 5 2 4
m 5 1 2

