B 7 4 3 9
m 1 2 3
m 2 0 3
m 2 3 2
m 3 3 6
b 3
q 3
m 1 3 3
m 2 4 0
m 3 0 1
m 3 0 2
m 1 2 0
m 2 2 1
m 3 3 4
m 3 5 1
m 1 0 5
m 2 1 6
m 2 6 0
q 2
m 3 6 2
m 3 5 2
m 1 3 6
m 2 3 1
m24
b 2
q 2
m324
m 3 4 3
m 1 3 1
p
m 2 2 4
g 2 3 3
m 3 0 3
m 3 1 3
m 1 0 0
m 2 3 6
m 2 1 3
m 3 2 4
m 1 0 3
m 1 5 1
m 2 0 3
m 2 0 3
m 3 2 2
m 3 4 3
q 3
p
m 1 1 6
m 1 1 1
m 2 2 4
b2
m 3 0 5
m 3 0 3
q 3
p
m 1 2 4
p
m 2 3 3
m 2 1 2
q 2
g 2 2 0
m 3 0 1
m 3 5 1
b 3
m 1 0 1
m 1 0 1
f 1
m 2 3 1
m 3 3 5
m 3 0 0
m 1 2 1
m 1 6 3
m 2 0 5
m 3 0 3
q 3
m 1 1 2
b 1
m 2 1 4
m 3 5 2
m 1 1 4
m 1 0 3
m 2 0 3
m 2 6 0
f 2
m 3 1 6
m 3 1 3
m 1 0 0
b 1
m 2 1 6
m 2 5 2
p
m 3 0 5
m 1 1 2
m 2 1 6
m 3 1 6
m 1 0 5
m 1 4 1
q 1
m 3 3 2
m 1 3 0
m 2 2 4
m-102092653333461498715906619460297093697671933431592704116054825995550454310185844203215417865142343856653598276902650583304813125238171911031500045124929242062689618166112404213095535066282134739905074691487419074673324227506974663435377817944716712369155487396930558898728188384280714866009458149291762431770300817287470348756014572967896987664709063108222146951946723081561942313993572363637973885407545484440318361818723398416511037346350395549895916129234167628635481458844684230311418599089519430171650717621415057419844910521912501022415473076581482752729303843870620850608913841540691461000720225829752548963338638631903786492259184831195321821062328794360399154978890748256738476361272971056735060250004856239103827168832343386245888480154958000416960392999431619172841181174032648773399788360900129721483755634812853927839392156632559701398900761841011225341113507139559813331430045097135031	6687184482361326583651630321818429112950199881700491914389850855136822411705312826101878277879737750577025783431291152512723282499326668230811058765750070864115052509359047675243884394090803981042299233555300177026918798916810690262634124024446240187808494941503148199001493963804898316078261600518156669799201468627801746635928663043035
m 3 1 0
q 3
m 1 0 5
m 2 1 6

