B 5 5 5 5
m 1 1 1
m 1 0 2
q 1
m 2 1 4
m 3 3 2
m 4 0 2
m 4 4 2
m 1 3 3
m 1 3 4
m202
m 2 2 3
m 3 0 1
m 3 0 0
m472
m 4 0 4
m 5 4 1
m 5 2 3
g 1 4 1
m 2 3 2
m 3 4 4
m 3 4 2
m 4 3 0
m 4 4 3
f 4
m 5 0 4
m 5 1 4
m 1 1 2
f 1
m 2 1 3
f 2
m 3 4 3
m 4 2 4
m 4 0 4
g 4 1 0
m 5 0 1
m 5 4 4
m 1 0 4
m 2 2 2
f 2
m 3 1 2
m 4 0 2
m 4 0 4
q 4
g 4 4 4
m 5 0 4
m 5 4 1
m 1 1 3
m 2 0 4
b 2
m 3 1 3
m 3 0 0
m 4 1 3
m 4 4 4
m 5 4 0
m 5 0 2
m 1 1 2
m 2 2 0
m 3 1 3
q 3
p
m 4 4 4
q 4
m 5 1 3
m 5 4 0
b 5
p
m 1 0 1
m 1 1 4
m 2 0 1
m 3 4 3
m 3 2 4
m 5 4 1
m 1 0 1
m 1 4 1
m 2 3 2
b 2
f 2
m 3 0 1
m403
m 5 1 3
352m
m 1 1 2
m 1 3 2
f 1
p
m 2 0 1
m 3 0 1
m 3 2 3
b 3
m 4 0 1
m 5 0 4

