B 5 4 4 6
m 1 1 0
m 1 1 3
f-5
m 3 4 3
p
m 4 0 3
g 4 0 1
m 1 1 3
m 2 2 1
m 2 1 2
m 3 0 0
m 4 2 0
m 1 3 3
m222
m 2 0 0
m 3 0 3
m 3 0 3
m 4 0 3
m 4 2 2
b 4
m 1 1 1
m 1 1 0
q 1
m 2 0 3
p
m 3 1 0
f 3
m 4 1 0
b 4
g 1 0 2
m 2 4 1
m 2 2 3
f2
q 2
m 3 1 0
m 4 1 2
b 4
m 1 3 3
m 2 2 4
m 2 1 0
m 3 2 4
m 3 4 2
b 3
m 4 2 0
p
m 1 1 3
m 2 0 4
m 3 1 3
f 3
m 4 4 0
m 4 4 1
b 4
m 1 1 3
m 3 1 3
m 3 4 0
m 4 0 3
m 4 1 3
m 1 2 3
m 1 1 2
q 1
m 2 2 0
g 2 0 0
m 4 2 0
m 4 0 2
m 1 1 3
m 1 1 1
m 2 0 3
m 3 2 3
b 3
q 3
m 4 1 0
m410

