B 4 5 6 2
m 1 3 1
m 1 0 0
m 2 2 2
q 2
m 3 3 3
f 4
m 5 0 0
f 5
q 5
g 5 1 3
m 6 4 2
b 6
m112
m 2 1 2
m 2 0 3
m 3 4 0
m 3 3 0
m 4 3 4
g 4 0 0
m 5 4 1
b 5
f 5
m 6 4 0
m 6 1 1
m 1 3 0
m 1 1 2
p
m 2 1 2
m 2 1 1
g 2 1 3
m 3 2 0
m 3 3 0
m 4 1 4
m 4 0 2
m 5 3 3
f 5
m 6 1 4
m 6 0 3
m 2 4 2
f 2
g 2 0 2
m 3 3 2
m 4 3 2
m 4 3 4
m 5 4 2
m 6 3 2
m 1 2 0
m 2 4 2
m 2 0 3
g 2 0 0
m 3 4 2
m 4 2 1
m 4 2 0
m 5 1 2
m 5 0 0
m 6 4 0
m 6 0 1
q 6
m 2 0 1
m 3 1 2
m 3 1 4
m 4 4 0
g 4 4 1
m 5 1 2
m 5 0 2
m 6 1 2
m 6 1 4
b 6
m 1 3 1
m 2 1 2
m 3 3 2
m 4 3 2

