B 7 5 6 6
m 1 1 3
q 1
m 2 3 3
m 2 1 0
q 2
m 3 0 4
b 3
m 4 0 1
m 4 6 2
m 5 4 1
m 5 1 0
m 6 3 1
f 6
q 6
m 1 4 3
g 1 1 3
m 2 0 0
m 3 2 5
m451
m 4 2 2
b 4
5m46
m 6 1 2
m 6 4 4
m 1 1 6
m 2 3 5
m 2 0 4
q 2
m 3 2 3
g 3 2 6
m 4 5 2
m 4 0 3
m 5 3 3
f 5
m 6 1 1
m 1 3 5
q 1
m 2 1 0
m 3 6 0
m 3 1 4
m 4 1 2
b 4
m 5 3 3
m 5 6 4
m 6 0 2
m 6 3 3
m 1 4 5
m 1 0 1
b1
m 2 0 5
m 2 3 3
m 3 4 2
m 3 5 3
m 4 3 6
m5K60
m 6 4 5
m 1 3 6
m 1 2 1
m 2 1 6
m 2 4 4
m 3 4 2
b 3
m 4 0 1
m 4 2 0
m 5 0 3
m 6 0 4
b 6
m103
m 1 6 4
m 2 0 0
m 2 1 0
q 2
m 3 2 3
m 3 5 4
m 4 3 6
m 5 1 6
m 5 2 2
f 5
q 5
m 6 2 3
m 6 1 4
b 6
m 1 3 1
q 1
g 1 4 4
m 2 4 3
m 2 6 4
m 3 0 3
m 3 4 1
m 4 0 4
m 4 4 0
f 4
p
m 5 0 5
f 5
m 6 5 0
m 1 6 3
g 1 1 4
m 2 0 3
m 2 2 3
m 3 2 2
m 4 4 3
m 4 1 0
m 5 3 1
b 5
f 5
g 5 4 3
m 6 6 0
p
m 1 2 3
m24-3
m 2 0 3
m305
m 3 1 0
q 3
m 4 1 5
m 4 6 4
f 4
m 5 0 3
m 6 4 3
m 1 4 3
m 1 1 2
m 2 6 4
m 3 1 6
m423
m 4 6 2
p
m 5 4 2
b 5
m 6 1 2
b 6
m16
m 1 5 2
m 2 0 3
m 3 2 3
f3
m 4 4 4

