B 5 6 6 6
m 1 1 1
m 1 0 2
m 2 4 4
m 3 3 4
m 3 3 4
m422
m 5 5 3
m623
m 1 3 3
m 2 1 3
m 3 1 3
m 4 1 4
g 5 2 0
m 6 5 1
m 6 0 3
m 1 5 4
m 1 0 0
m 2 0 1
m 2 0 2
m 3 1 3
m 3 2 2
b
m 4 0 5
b 4
f 4
m 5 0 3
m 5 0 3
q 5
m 6 0 1
m 6 4 4
m 1 4 2
m 1 3 1
q 1
g 1 3 1
m 2 1 2
m211
m 3 1 2
m 3 3 2
m24
m 5 0 2
m 5 3 4
m 6 0 2
m 1 5 1
m 3 0 1
m 3 4 3
m 4 0 4
m 4 1 5
m 5 4 4
g 5 3 4
m 6 0 5
m 6 4 3
m 1 5 3
m 2 0 3
m 2 2 2
q 2
m 3 5 2
m 3 3 4
f 3
g 3 4 2
m 4 4 2
m 5 5 4
m 5 3 2
m 6 5 4
m 6 2 2
p
m 1 5 4
m 1 4 5
f 1
m 2 4 2
m 2 4 5
p
m 4 1 1
m 4 1 5
m 6 0 3
m 6 3 4
p
m 1 3 5
m 3 3 4
m 4 3 3
m 4 1 5
m 5 0 1
b-1
m 6 1 4
m 1 0 2
p
m 2 0 1
m 2 0 0
m 3 2 5
m 4 0 3
m 4 1 5
g 4 1 1
m 6 1 1
m 1 0 4
m 1 2 3
m 3 4 2
m 3 0 3
m 4 0 1
m 5 2 0
m 6 0 3
m 6 0 5

