B 5 4 5 4
m 1 1 0
q 1
m 2 0 0
m 3 1 1
m 3 1 2
g 3 0 0
m 4 1 0
m 5 0 4
m 5 0 3
b 5
m 1 0 1
m 2 3 3
m 3 3 2
m 3 2 0
m 4 2 2
m 4 0 0
g 4 0 2
m 5 0 3
m 2 1 0
f 2
m 3 3 4
m 4 1 2
m 5 0 3
f 5
m 1 1 0
m 2 3 1
m 2 0 2
m 4 1 4
f 4
q 4
m 5 3 4
m 1 0 1
m 2 3 1
m 3 0 1
m33
m 4 1 4
m 4 1 2
q 4
m 5 3 2
f 5
g 5 0 0
m 1 3 4
m 1 1 3
q 1
m 2 3 2
m232
f 2
m 3 0 4
m 3 0 0
m 4 1 2
m 4 1 0
f4
m 5 2 4
q1
m 2 0 1
m 2 3 3
b 2
m 3 1 1
f 3
q 3
m 4 3 4
m 4 3 3
m 5 0 3
m 5 2 0
m 1 1 2
m 2 3 2
m 3 0 4
m 3 3 0
m 4 0 2
m 4 0 2
m 5 2 4

