B 4 8 5 2
m 1 2 5
m 2 1 3
q 2
m 3 1 5
m 3 3 0
m 4 1 5
m 5 0 4
q 5
m 1 3 3
m 2 0 5
g 2 4 0
m 3 7 2
m 3 1 5
m 4 5 3
m 5 4 2
b 5
m 1 0 1
m 2 0 1
m 3 0 1
m 3 2 7
m 4 0 1
p
m 5 7 1
f 5
m 1 2 1
m160
m 2 3 3
m 3 2 2
m 4 2 4
m 5 2 2
m 1 3 7
m 2 1 0
m 3 1 7
m 3 1 0
m 4 1 3
f14
m 1 3 2
m 1 1 6
m 2 7 1
m 2 3 4
m 3 1 2
m410
m 5 3 0
m 1 6 0
m 1 1 7
m 2 4 3
f 2
m 3 1 2
q 3
b 4
m53
m 5 1 0
m 1 5 3
m 1 2 7
b 1
m 2 4 1
a²3m6å1
m 4 3 5
m 5 6 2
m 5 2 2
m 1 1 5
m 1 1 0
m202
p
m 3 3 4
m 4 5 3
m 4 1 6
m 5 0 5
m507
b 5
f 5
m 1 1 3
m 1 1 6
m 2 3 0
m 2 1 0
f 2
m 3 0 1
m 3 0 3
f 3
m 4 1 2
m 4 2 4
b 4
m561
m 1 1 3
m 1 0 0
m 2 0 0
m 3 1 5
m 3 0 0
m 4 0 2
m 4 0 5
f 4
m 5 0 2
m 5 2 3
m 1 6 0
m 1 0 4
f1
g 1 3 2
m 2 1 4
m 2 0 4
m 3 0 2
m 3 3 6
m 4 6 1
m 1 1 3
m 2 2 1
m 2 3 0
g 2 1 0
m 3 1 2
m 3 2 6
f 3
m 4 0 2
m 4 3 0

