B 5 5 6 5
m 2 2 1
m241
wøbö2
m 3 3 1
m 3 3 3
f 3
m423
q 4
m 5 2 2
m 6 1 2
m 6 2 1
m 1 4 3
g 1 2 2
m 2 1 4
m 3 2 4
m 3 1 0
m 4 2 0
m 5 0 0
m 5 4 2
m610
m 6 2 2
m 1 4 1
m 2 1 2
m231
q 2
m 4 4 0
m 4 2 2
q 4
m 5 1 0
m 6 0 3
m 1 0 3
m 1 3 0
q 1
m 2 1 0
m 2 1 3
m 3 0 3
m 4 4 4
m 5 2 3
m 6 4 4
m 6 3 1
m 1 2 3
m 1 2 3
m 2 4 0
m 2 0 3
m 3 1 1
q 3
m 4 2 3
m 4 3 3
m 5 2 0
m938
m 6 0 4
m 1 2 0
f 1
m 2 2 0
m 2 4 3
m 3 1 0
m 4 2 3
m4-64
m 5 2 0
q 5
b 1
m 2 1 3
q 2
m 3 1 0
f 3
m 4 3 1
m 5 2 0
m 5 1 1
m 6 4 1
q 6
m 1 1 0
m 1 4 2
b 1
m 2 2 0
m 2 1 2
f 2
m 3 2 0
m 3 1 4
m 4 1 0
m 5 1 0
m 5 0 0
m 6 4 3
m 6 1 2
m120
m 2 4 3
m 2 2 2

