B 4 7 4 6
m 1 6 2
m 1 3 4
m 2 2 5
m 3 6 2
m 4 1 2
m 1 3 2
m 2 1 2
g 2 4 3
m 3 1 6
m 3 2 0
m 4 5 3
m 4 3 0
p
m 2 6 3
m 3 0 1
q 3
p
m 4 3 2
m 4 1 6
m 1 3 3
m 2 6 0
m 3 2 4
m410
q 4
m 1 3 0
m 2 3 1
m 2 1 0
m 3 4 0
m441
m 1 1 1
m 1 3 3
p
m 2 5 1
m 2 1 4
q 2
m 3 0 0
m 4 5 0
m 4 0 2
m130
m 2 1 0
m223
m 3 3 5
m 4 1 2
m 4 1 6
m 1 0 2
m126
m 2 0 0
m 2 2 0
f 2
m 3 3 0
f 3
m 4 3 1
m 4 1 3
m 1 1 1
m 2 6 3
m 2 1 6
m 3 4 0
m 4 3 0
m 1 0 6
g 1 3 1
m 3 6 3
m 4 4 0
m 1 1 1
m 2 1 2
m 2 1 4
m 3 6 3
m 3 2 5
m 4 1 2
m 4 1 6
m 1 1 4
m 2 3 6
m 3 1 0
m 3 1 0
m 4 0 2
m 1 1 1
m 1 0 4
q 1
m 2 2 2
m 2 2 4
m 3 0 1
m 4 5 0
m 4 1 3
b 4
g 4 6 0
m105
m 1 2 4
m 2 1 3
m 2 1 3
m 3 5 1
m 4 5 1
m 4 0 6

