B 4 6 6 3
g 1 4 0
p
m 2 4 0
m 2 2 5
b 2
m 3 0 0
m 3 0 0
b 3
q 3
m 4 0 5
m 5 3 2
m 6 4 0
m 1 1 4
m 2 3 1
m 3 2 2
m 3 2 3
m440
m 5 5 1
m 5 2 5
f 5
m 6 4 2
m 6 3 3
m12327607175893762161475407620360812796911839189604230530662380144943688058539328111473040822573475089310552786362201125926080339844373871769254053062371294329506278021449841570346127003826558859091416718093384538436651675067618943581039235000334929985104804837319916033425853623398228639653203837491536190387231949919879271276510435253283061949415331880225438850492201258832634989649030617855908281932098912887990575574154084440737265025052251471502814464011291057917904193257027835979794101341889126935094175057361903704417945604522792748518831758946180886662019085624199952031685887781550637606991751665048812596173444423088438914284983052314056031894167h961201505725178936600301548281013693333379316347596239797999785105119230<8773428743553546604391164275717421905227931Î55219922034615427788145949552596081121303482826377350667757846028021382153326055152270745667553222795218471904412181812353627137971082106779941985870099955648434473930475275459981102829314119589580866280039352682884194405511123993179631353690419857406866349490126359113196044949664471011680781444274031228020432952129458337269419081630532423115240205793939253968748000999027309557969910207315786562724844703247934416690260739924897730147818538209945369326829843337
p
m 2 4 0
m 2 0 3
m 3 0 3
m 3 1 0
m 4 0 0
b 4
m 5 2 0
m 5 2 0
p
m 6 2 1
m 6 0 2
q 6
g 6 0 0
m 1 2 1
m 1 3 5
m 2 3 1
m 2 0 0
m 3 1 0
b 3
q 3
m 4 3 1
m 4 2 5
q4
m 5 1 0
m 5 2 1
m 6 3 3
m 1 2 1
m 1 3 0
f 1
m 2 0 3
m 3 4 3
m 3 0 0
m 4 1 4
m 5 1 0
m 6 4 2
m110
m 2 2 4
m 3 1 1
m 3 0 3
m 4 3 1
f 4
m 5 0 4
m 6 2 1
m613
m135
q 1
g 1 4 0
m 2 3 2
m 2 3 1
m 3 4 3
m 3 3 1
m 5 4 3
m 6 5 1
m 6 3 5
m 1 2 0
b1
q 1
m 2 2 0
m 2 3 3
m 4 4 3
m 4 0 4
m 5 2 1
m 5 2 5
f 5
m 6 1 2

