B 5 7 3 5
m 1 4 4
m 2 3 3
m 2 1 3
f 2
m 3 0 0
m 3 1 1
q 3
g 3 4 4
m 1 4 3
m136
m 2 0 3
f 2
q 2
g-511
$¶p
m 3 4 4
m 1 3 4
p
m 2 0 1
f 2
m 3 2 0
m 3 0 2
m 1 0 3
m 1 2 0
m 2 2 1
m 2 0 0
m 3 0 1
m 3 3 4
m 1 3 2
m 2 1 3
m 3 1 5
m152
m 1 0 2
q 1
m 3 3 0
m 1 5 0
m 1 0 3
m 2 0 2
q 2
m 3 5 2
p
m 1 5 2
q 1
m 2 5 0
p
m 3 1 5
m 1 6 4
m 2 2 2
m 2 2 5
m 3 0 1
m 1 0 1
m 2 2 4
m 3 3 2
m 3 1 5
f 3
m 1 1 3
m 2 6 2
f 2
m 1 1 4
m 1 0 4
q 1
m 2 0 1
m210
m 3 6 1
m 3 3 6
m 1 2 1
m 2 6 0
m 2 1 1
f 2
m 3 0 0
b 3
m 1 4 2
q 1
m 2 5 3
m 3 1 4
m 1 1 4
b 1
m 2 5 3
f 2
m 1 6 1
m 1 0 4
m 2 5 0
b-8
g 2 2 4
m 1 5 0
m 2 0 1
m 3 0 4
m 3 4 3
b 3
m 1 4 1
q 1
m 2 5 3
m 3 3 2
m 1 6 2
m2Í44
m 2 2 0
m 3 4 0
m 3 0 5
b 3
m 1 2 1
g 1 5 0
m 2 6 2
m 3 3 3
m 1 1 2
m 2 0 2
m 1 5 3
m 2 1 5
m 2 4 1
m 3 1 3
m 3 1 4
m 2 6 0
m 3 5 3
m 3 3 2
q 3
m 1 5 3
m 1 0 6

