B 5 4 5 1
m 1 3 2
m 1 3 1
m 2 3 2
m 2 3 3
m 3 3 1
m 4 0 0
m 4 1 2
m 5 0 4
m 1 0 3
m 2 3 1
m 3 1 0
m 4 3 2
m 5 0 0
m 5 2 0
q 5
m 1 3 2
m 1 3 1
f 1
p
m 2 2 3
m 2 3 3
f 2
m 3 1 2
m 3 1 3
f 3
g 3 1 3
m 4 1 2
m 5 1 2
m 1 1 4
m 2 3 4
p
m 3 4 2
m 3 2 3
m 4 4 1
m 5 3 0
m 5 0 2
q 5
m 1 0 4
m 1 4 3
m 2 2 1
g 2 0 1
m 3 1 2
m 4 4 1
m 4 0 1
m543
m 5 3 2
m 1 3 4
m³204
m 2 1 3
m 3 2 3
m 3 4 3
m 5 2 3
m 5 3 3
p
m 1 2 4
m 1 0 2
f 1
m 2 4 3
m 2 2 1
b 2
m 3 3 0
m 4 1 1
m 5 0 4
m 1 4 2
m 1 0 0
g 2 1 1
m 3 3 0
p
m 4 2 2
m 4 4 2
b 4
m520

