B 8 4 3 6
m 1 1 0
m 2 2 7
m 2 6 1
m 3 5 3
b 3
m 2 1 5
m 2 3 1
m 3 1 7
m 3 3 2
m 1 3 7
m 2 1 3
m 3 1 4
m 1 3 1
m 1 4 3
g 1 1 3
m 2 1 1
m 3 0 4
m 1 0 0
g 1 3 5
m 2 2 2
m 2 6 0
m 3 7 3
m 1 2 4
f 1
m200
m 2 0 2
b 2
m 3 1 4
q 3
m 1 4 3
m 1 1 1
m 2 1 0
m 2 7 1
m 3 0 4
m 1 3 0
b 1
m 2 1 0
b 2
m 3 5 3
m 1 3 2
m 2 2 2
m 2 1 0
m 1 0 3
m 2 3 2
q 2
m 3 2 1
m 3 1 1
m 1 2 6
b 1
q 1
m 2 2 2
m 3 0 4
p
m 1 3 6
m 1 3 1
m 2 3 3
g 2 0 1
m 3 3 2
m 3 3 0
m 1 0 2
m 1 3 3
b1
m 2 4 0
m 2 7 1
m 3 1 4
m 3 6 3
m 1 1 3
m 2 1 4
q 3
m 1 0 2
m 3 0 2
m 1 3 2
m 1 1 3
m 2 0 3
m 2 0 0
m 3 2 5
B$p
m 1 3 2
m 1 3 3
m 2 1 5
m 2 2 3
q 2
m 3 0 4
b 3
m 1 2 0
q 1
g 1 1 3
m 3 7 2
m370
b 3
m 1 2 6
m152
m 2 2 1
m 2 4 3
b 2
p
m 3 1 5
m 3 0 3
m104
m 2 1 0
m250
m310
m 3 4 3
m 1 0 4
m 1 2 0
m 2 2 4
q 2
m3140
m 3 6 2
q 3
m 1 2 4
m 1 0 2

