B 8 6 5 8
m 1 4 2
m 1 3 2
m 2 6 4
m 3 2 0
m 3 4 4
p
m 4 3 4
m 4 5 4
m 5 7 2
q 5
m 1 0 6
m 1 6 3
f1
m 2 4 0
m 3 5 4
m 3 1 2
m416
m 5 4 2
m 1 4 2
m 1 1 2
m 2 2 4
Fq2
m 3 1 2
g 3 2 7
m 4 3 5
g 4 4 2
m 5 3 1
m 5 2 1
m 1 0 5
m 1 0 5
q 1
m 2 0 3
m 2 1 1
m 3 4 5
m 3 4 1
m 4 0 2
m 5 5 7
m 5 2 3
b 5
m 1 1 5
m 2 2 6
m 3 3 2
m 3 1 4
m4-55
m 4 3 5
m 5 4 7
g 5 3 0
m 1 1 6
m101
m 2 3 5
m 3 4 0
m 3 3 1
m 4 0 5
m 5 0 3
b 5
m 1 3 2
m 1 2 4
b 1
f 1
m 2 1 7
f 2
m 3 2 5
m 4 0 5
p
m 5 5 0
m 2 2 6
m 3 6 3
m 4 4 0
m 4 4 5
m 5 3 5
m 1 1 7
b 1
m 2 7 1
m 2 3 5
m 3 0 0
q 3
m 4 4 7
m 5 0 7
m 1 3 3
m 1 0 3
m 2 5 7
m 3 5 6
m 3 3 5
m 4 2 2
m 4 0 5
m506
m 1 3 4
m 2 5 7
m 2 7 3
m 3 4 0
m 3 4 4
b 3
m 4 1 5
m470
f 4
m 5 2 5
m 1 1 1
m 1 1 1
m 2 3 1
f 2
m 3 5 6
g 3 2 0
m 4 1 0
m 5 0 6
m 5 6 0
p
m 1 1 5
m 1 6 5
p
m 2 0 3
m 3 4 7
m 3 1 0
m 4 2 5
m 4 2 5
m 5 4 7
q 5
m135
m 1 1 2
g 1 2 7
m 2 3 3
m 3 3 4
p
m255
m 4 4 3
m 5 1 1
f 5
p
m 1 3 5
m 2 2 6
m 3 5 7
b 3
m 4 3 0
m 5 3 5
m 1 0 5
m 2 3 0
b 2
m 3 1 5
q 3
m 4 1 5
m 4 4 4
m 5 1 5
m 5 3 5
p
m 1 1 5
m 2 1 4
m 3 3 5
m 3 2 1
b 3
m 4 4 7
m 4 3 1
m 5 7 5
m 5 3 0
m 1 1 1
q 1
m 2 4 0
m 2 6 3
m 3 2 6
f 3
m 4 3 1
m 4 1 4
m 5 5 4
m 1 2 6
m 1 6 3
m 2 4 7
m 3 4 0
m 3 7 2
m 4 0 0
f 4
153m
m 1 1 0

