B 8 5 3 5
m 1 2 0
m 2 0 3
m 3 4 0
m 1 4 2
m 1 1 0
b 2
p
m 3 3 2
f 3
m 1 4 3
f 1
m 2 4 4
m 2 6 4
m 3 3 2
m 1 2 1
b 1
m 2 2 0
m 2 2 3
f2
m 3 4 2
m 3 6 4
p
q 1
m 2 1 1
m 3 1 0
m 3 3 2
m 2 2 7
m 3 3 1
m116
m 2 4 1
m 2 0 1
m 3 5 3
m 3 7 4
m 1 4 2
m 1 4 1
m 2 7 4
m 2 7 0
f 2
m 3 1 7
m 3 4 3
m 2 1 7
g 2 2 4
m 3 0 7
m 3 3 4
p
m 3 1 6
m 3 4 0
b 3
m 1 2 5
m 1 5 4
b 1
m 2 2 0
m 2 6 4
m 3 0 3
q3
m 1 7 1
m 1 5 0
q 1
m 2 1 6
m 2 7 2
m 3 5 2
m 1 1 5
m 1 2 3
m 2 5 3
m 2 2 0
m 3 3 7
m 1 4 1
m 1 7 1
m 2 6 4
f
m 3 0 0
m 3 5 0
m 1 4 1
m123
m 2 2 4
m 2 6 4
m 3 2 0
m 1 1 6
m 1 3 3
b 1
m 2 4 1
m 2 6 4
b 2
f2
m 3 2 1
m 1 7 2
m 1 5 4
g 2 2 7
m 3 0 6
b 3
m 1 1 1
m 2 2 1
m 2 3 4
m 3 5 1
q 3
m 1 2 0
m221
m 2 7 0
q 2
m 3 0 0
m 1 0 3
m 2 0 0
m 2 7 3
m 3 0 6
m 3 7 1
q 3
m 1 2 2
m 1 3 2
m 2 0 7
b 2
m 3 6 3
m 1 7 3
m 1 4 2
f 1
m 2 1 3
q 2
m 3 2 6
m 3 1 1
m 1 4 1
m 1 1 4
m221
m 2 7 4
m 3 4 1
m 1 1 6
m 1 1 1
m 2 0 3
m 2 3 0
m 3 2 1
m 3 4 3
q 3
m 1 6 4
m 1 7 3
m 2 0 3
m 2 7 2
m302
m 1 0 6
m 1 0 2
m 2 2 0
m 2 3 0
b 2
m 3 2 2
m 1 2 6
m 1 0 4
q 1
p
m 2 5 4

