B 6 4 4 3
m 1 0 0
m 1 2 1
m242
m 3 5 2
m 4 2 3
q 4
m 1 1 1
m 2 2 2
m 3 5 1
m 4 0 5
m 4 4 2
b 4
m 1 3 1
f 1
q 1
m 2 2 1
f 2
m 3 3 4
g 3 3 2
m 4 3 5
m 1 3 1
m 2 2 3
f 2
m 3 0 5
m 4 5 0
m 4 0 3
m 1 1 3
m 1 1 3
m 2 0 3
m 2 1 3
q 2
m 3 5 2
m 3 5 0
m 4 0 2
p
m 1 3 3
p
m 2 3 5
m 2 4 1
m 3 3 4
m 3 4 3
f-10
m 4 0 2
m 4 4 1
m 1 3 0
p
m 2 1 1
m 3 0 4
m 3 1 3
m 4 1 0
m 1 0 1
m 1 0 1
m 2 0 1
m 2 1 3
m 3 2 3
m 4 3 5
m4ÿú5¡3
m 1 2 2
m 1 5 2
m 2 0 4
m 3 0 4
m 3 4 0
m 4 2 2
m 1 3 3
m 2 3 5
m 2 2 1
b 2
m 3 0 1
m 3 3 0
m 4 0 1
m 4 3 1
m 1 1 1
m 2 2 1
m 3 3 5
m 4 0 1
m 4 2 0
f 4
b1
f 1
m 2 4 2
m 3 3 3
m 4 3 5
p

