B 8 4 3 7
m 1 5 3
m 2 3 0
m 2 3 1
f 2
m 3 3 3
m 1 3 0
m 1 1 2
b 2
m 3 5 2
m 1 5 2
m 2 2 0
m 3 3 0
m 3 1 1
m 1 3 2
m 1 6 2
m 2 2 7
m 1 2 2
m 1 2 0
b 1
m 2 1 7
m 2 6 2
m 3 2 0
m 3 1 1
q 3
m 2 0 4
g 2 1 1
m 3 0 7
m 3 2 3
m 1 0 6
g 1 0 2
m 2 0 0
m 2 2 3
m 3 1 6
m 3 6 2
m 1 6 3
f 1
m 2 3 4
m 3 5 1
m 1 3 7
m 1 3 1
m 2 0 6
m203
m 3 1 6
m 3 0 2
m 1 1 7
m 2 4 0
m 3 0 7
m 3 2 2
b 3
m 1 1 7
m 1 1 2
f 1
m 2 3 3
m 2 1 0
m 3 1 6
m 3 0 2
m 1 0 5
m 2 2 4
m 2 6 2
m 3 3 1
m361
m 1 6 0
m 1 5 3
m 2 2 2
m 2 5 3
m 3 2 2
p
m 1 1 2
m 1 4 1
p
m 2 7 2
m 2 6 1
m 3 3 1
m 1 0 7
m 2 0 0
m 3 1 7
m 3 5 3
p
m 1 0 5
m 1 1 3
q 1
m 2 2 4
m 2 7 0
m3-07
q 3
m 1 3 7
m 1 4 0
m 2 7 2
m 2 2 0
m 3 0 5
m 3 2 3
m 1 3 0
m 2 0 5
p
m 3 0 5
m 3 3 1
m 1 2 4
m 1 3 0
f 1
m 2 3 7
m 3 1 0
m 3 5 1
m 1 1 2
m 1 0 0
q 1
m 2 0 5
q 2
m 3 1 2
m 1 0 5
m 1 5 0
q 1
m 2 3 4
m 2 0 3
m 3 3 7
f 3
p
f 1

