B 4 7 4 7
m162
m 1 3 1
m 2 2 2
m-522
m 3 5 0
m 4 3 1
f 4
m 1 5 0
q 1
m 3 3 3
m 3 1 5
q 3
m 4 1 1
m 4 0 1
g422
m 1 6 2
m 1 2 4
m 2 3 1
m 2 0 5
b 2
p
m 3 0 1
m 3 3 5
m 4 3 1
m 4 2 0
f 4
m 1 2 3
f 1
ûm­ä26
m 2 1 1
m 3 6 2
m 3 1 0
m 4 6 0
m 1 1 2
m 2 2 0
m 2 3 6
b 2
f 2
f 3
q 3
m 4 5 2
m 4 1 4
p
m 1 2 0
m 1 2 5
m 2 0 0
m 2 1 5
m 3 6 2
m 2 2 3
m 3 1 0
q 3
m431
m 4 1 0
m 1 0 3
m 2 3 0
m 3 4 3
m 3 1 3
g 4 0 3
p
m 1 1 2
m 1 2 3
g 2 0 2
m 3 2 3
m 3 1 3
m 4 4 3
m 4 1 0
m 1 0 6
m 2 2 3
b 2
f 2
m 3 2 6
g 3 6 0
m 4 4 0
m 4 0 4
m 1 2 0
m 1 3 4
m 2 6 1
m 2 2 4
b2
m34
m 3 1 0
m 4 2 0
m 4 3 3
f 4
m 1 0 4
m 1 1 5
m 2 2 3
m 2 0 5
m 3 2 3
m 3 2 6
m 4 2 5
m40-2
p
m 1 0 1
m 2 6 1
b 2
m 3 2 3
m 3 0 6
m 4 2 0
m 1 6 1
m 2 1 6
m 2 0 5
m 3 1 2
g 3 6 3
m420

