B 7 6 3 3
m 1 5 3
m 2 0 2
f 2
m 3 3 3
m 1 5 6
m 1 4 1
m-700
m 2 0 5
m 3 3 4
m 3 2 2
b 3
m 1 5 3
m 1 6 4
m 2 0 5
b 2
m300
m 1 5 5
m 2 1 2
m230
f 2
m 3 0 2
m 1 2 4
m 2 6 1
m 3 3 4
b 3
m 1 2 0
m 2 3 1
m 2 4 4
q 2
m 3 1 3
m 1 0 6
m 1 2 0
f 1
p
m 2 1 0
m 2 6 1
q 2
m 3 1 5
p
m153
m 1 1 2
m 2 3 4
m 3 4 5
m 1 4 1
f 1
m 2 2 4
m 3 4 1
m 1 4 4
f 1
m 2 0 4
m 2 0 0
b 2
m 3 2 1
m 1 5 4
m 2 1 3
m 3 0 5
m 3 0 1
g 3 5 0
m 1 5 3
q 1
m 2 0 2
m 2 6 5
m 3 2 4
m 3 4 1
m 1 2 3
m 2 1 3
m 3 4 4
m 3 4 2
m 1 5 6
m 2 5 0
m 2 3 3
m 3 1 5
m 1 0 6
m 1 3 5
m 2 3 0
m 3 1 5
b 3
m 1 2 3
m 1 6 5
b 1
m 2 3 0
m35
m 1 3 4
m 1 4 3
m 2 4 3
m 2 1 5
m 3 0 2
m 3 1 1
m 1 1 0
q1
m 2 1 5
m 3 0 5
m324
m 1 4 3
m 1 0 1
m 2 5 0
m 2 0 1
m 3 0 3
f 3
m 1 3 3
m 1 5 4
m 2 0 3
m 2 1 2
m 3 4 1
m34
b 3
g 3 3 4
m 1 5 3
m 1 2 4
m 2 2 5
m 2 5 0
f 2
q 2
m 3 2 5
f 3
m 1 1 1
m 2 6 2
b 2
m 3 6 3
m 1 5 4
m 1 0 4
m 2 1 6
m 2 2 4
f 2
m 3 1 5
m 1 5 3
m 2 0 2
m 2 1 1
b 2
p
m 3 6 5
m 3 2 0
b 3
f 1
q1
m 2 2 5
m 3 0 5
m 3 3 1
m 1 4 1
m150
g 1 0 5
m 2 0 6
m 2 5 5
m353
m 1 5 2
m 1 1 5
m 2 4 1
m 2 6 1
q 2
m 3 3 3
m 3 5 4
m 1 0 6
m 1 3 3
g 2 3 3
m 3 0 3

