B 8 7 4 6
m 1 5 0
m 1 7 2
m 2 3 2
m215
m 3 0 6
m 3 5 1
m 4 2 0
m 2 6 5
m 2 1 2
m 3 4 3
m 4 3 6
m465
m 1 7 0
b 1
m 2 1 5
m 3 6 1
m 4 3 6
m 2 1 3
m 2 0 3
q 2
m 3 6 6
m 3 0 3
g 3 2 1
m 4 3 7
m 1 7 6
m 1 1 1
f 1
m 2 2 5
m 3 6 2
m 4 5 7
m 4 1 3
f 4
q 4
m 1 2 0
m 1 2 4
m-243
m 3 5 5
m 3 2 0
m 4 5 4
q-6
m 1 1 3
m 1 5 3
m 2 4 1
b 2
q 2
g 2 1 1
p
m300
m 3 0 4
m 4 5 3
m 1 4 1
m 2 1 7
m353
m 3 0 2
m 4 2 2
m 1 6 2
m 2 6 1
m 2 3 1
f2
m 3 0 6
m 3 3 3
b 3
m 4 3 5
m 4 3 2
q 4
m 1 5 7
m 1 1 4
m 2 6 3
m 3 1 2
b 3
m 4 0 4
m 1 1 6
m 2 4 4
m 2 3 1
q 2
m 3 3 2
m 4 6 1
m 4 1 0
m 1 4 3
m 2 6 4
m331
m 4 2 4
m 4 4 4
b 4
m 1 5 0
m 1 2 5
m 2 0 4
m 3 4 7
m 3 5 6
m 4 6 4
f 4
m 1 2 4
m17
m2Â4~5
f 2
p
m 3 1 3
m 3 7 0
m 4 4 7
m 1 4 7
m 2 4 7
m 3 2 5
m 3 4 5
m 4 2 4
m 4 0 0
q 4
m 1 1 3
m 2 6 6
m 3 5 1
m 1 1 4
m206
m 2 5 1
m310
m 3 1 1
m4-73
f 4
m 1 6 2
m 1 5 5
m 2 3 2
m 2 7 1
m 3 4 3
m321
p
m 4 7 6
m 1 5 0
m 1 2 2
m 2 0 5
m 3 2 1
m 3 2 1
m 4 2 4
m 1 7 5
m 2 2 5
m 2 0 1
m 3 1 3
m 4 4 7
m11-1
m 1 6 3
m 2 2 5
m 2 6 5
p
m 3 4 0
b 3
m 4 0 4
m 4 1 1
g 1 1 5
m 2 4 7
m20
g 2 1 5
m 3 2 4
m 4 3 2
m 1 7 3
m 3 0 6
m 3 3 1
q 3
m 4 5 4
m 4 5 3
m 1 0 4
m 1 6 6
m 2 4 3
p
m 3 0 3
m 1 0 0
m 2 2 0
p
mb36L0
q 3
0m|4Âº64
m 1 4 1
m 2 2 4
m 2 0 2
q 2
m 4 5 2
b 4
g 4 4 1
m 1 4 2
q-8
m 2 1 6
m 2 1 6
m 3 4 7
q 3
m 4 6 2
m 4 7 3
q 4
m 1 3 2
m 2 3 2
m 3 4 7

