B 8 6 3 7
m 1 4 3
m 1 2 1
f 1
m 2 5 1
m 2 6 4
m 3 2 1
m 3 7 4
f 1
m 2 6 5
b 2
p
m 3 3 3
b 3
q12
m 2 2 2
m 2 7 2
m 3 4 4
m 1 6 0
m 2 2 1
m 3 3 2
m 3 5 4
b 3
f-1
m 1 5 3
m 2 4 1
m 3 1 1
m 3 5 2
m102
m 2 4 2
m 2 0 5
m 3 5 1
m 3 0 2
m 1 5 2
m 2 3 7
m 2 2 2
b 2
m 3 5 4
m 1 5 4
m 1 2 3
m 2 3 6
m244
m 3 1 1
m 3 4 0
b 3
m 1 3 1
m 1 2 4
m 2 0 3
m 3 2 6
m 1 2 3
m 1 4 1
m 2 1 0
m 2 1 1
m 3 5 2
m152
m 1 4 0
m20-8
m 2 5 3
m 3 0 5
m 1 5 7
m 1 4 4
m 2 0 0
m 2 5 5
m 3 2 4
m 3 4 3
m 1 3 1
m 1 2 1
m 2 0 7
Ab2
f 2
m 3 3 4
m 3 4 4
m 1 4 0
q 1
m271
b 2
m 3 2 6
f 3
m 1 1 6
m 2 1 4
f 2
m 3 2 6
m 3 1 3
m 1 1 0
m 2 0 3
m 2 1 4
m 3 5 3
m 3 3 4
m 1 1 6
m 1 3 0
b 1
m 2 2 4
m 2 0 3
m 3 4 0
m 3 2 2
b 3
m 1 5 4
b 1
m 2 5 3
m 2 3 3
m 3 1 6
m 3 1 4
m 1 3 1
b 1
m 3 1 6
m 1 0 7
m 2 0 7
q 3
m 1 3 7
m 1 6 0
m240
m 3 4 0
m 1 7 0
m221
m 2 4 3
m 3 1 0
m 2 6 5
m 3 5 7
m 3 6 5
b 3
m 1 5 1
m 2 3 7
m 3 2 6
m 1 2 6
Ðm16è0
f 3
m 1 0 2
m 1 4 4
m 2 0 5
m 2 6 5
f 2
m 3 2 1
m 3 1 4
m 1 5 7
m 1 0 2
m 2 3 6
m 3 5 2
m 1 2 1
m 1 0 3
m 2 4 3
m 3 5 4
m 3 6 0
m 1 0 4
m 1 3 2
f 1
m 2 2 1
m520
f 2
g 2 1 2
p
m 3 3 7
f 3
m 1 5 2
m 2 4 0
m 2 7 4
m 3 1 1
m 1 5 4
q6
m 2 3 7
m 3 5 3
m 1 5 0
m 2 1 0
b 2
m 3 1 0
m 3 1 1
b 3

