B 7 8 4 18
m 1 0 0
m 1 1 6
m 2 6 0
m 3 0 0
m 3 2 7
m 4 5 4
m 4 1 1
m 1 3 0
m 1 0 6
m 2 1 3
f
m 3 1 1
p
m 4 6 3
m 4 3 7
m 4 4 6
m 4 6 4
9Tq
m 1 4 3
b0
m 2 7 1
m 3 5 3
m 3 6 2
f 4
m 1 5 2
m 2 3 7
m 2 4 2
m 4 0 1
q 4
m221
m 2 3 5
m 3 0 4
m 3 1 5
f 3
p
m 4 3 0
m 4 2 6
m 1 4 2
m 1 1 7
m 2 3 0
m 2 3 1
m 3 4 3
q 3
m 4 6 3
m 1 0 2
m 2 3 3
m 3 4 1
m 1 4 2
m 1 5 4
m 2 5 2
m 3 6 6
m 3 6 3
m412
m204
m 2 6 7
m 3 1 7
m 4 4 2
m 1 4 1
m 2 2 3
m 4 0 2
m136)
m 2 0 2
m 4 5 6
m 1 2 5
m 2 7 0
m 3 5 6
m 4 0 5
m 1 2 5
m 2 2 2
m 3 2 5
m 3 6 5
b 3
f 3
q 3
m 4 4 3
m 4 3 0
q 4
m 1 2 2
m 1 1 2
q 1
m 2 5 7
m363
m 3 6 7
m 4 2 2
q 4
m 1 5 1
m127
g 1 7 2
m 2 7 0
m 2 0 7
g 2 5 2
m330
m 4 0 1
m 4 6 4
m 1 2 5
m 2 5 5
m 2 4 3
m 3 7 4
m 3 0 7
q 3
m 4 6 3
m 4 6 6
g 4 7 3
m 1 7 4
q 1
m 2 0 4
m 3 5 2
m 4 4 3
m 1 4 4
m 2 3 0
m 2 0 4
q 2
p
m341
m 4 6 1
m 4 3 5
m162
m 2 4 3
m 2 6 3
m 3 4 2
p
m 4 6 3
m 1 0 1
m 1 3 7
m 2 6 2
f 2
m 3 6 3
m 4 0 2
m 4 3 4
m 1 1 2
b 1
f1
m 2 6 3
m 3 0 5
m 3 2 3
p
m 4 4 2
m 1 0 4
q 1
m 2 0 4
m 3 0 1
g 3 4 4
m 4 7 4
m 1 3 7
q 1
mè223
m 4 6 4
m 4 6 1
f 4
m 1 4 3
m20
m 2 3 2
q 2
m 3 4 2
f 3
p
m 4 3 0
m 4 4 0
q 4
m 1 0 1
m 1 5 5
q 1
m205
m 3 5 4
q 3
m 4 0 1
m 4 4 1
m 1 4 5
m 2 0 1
m 2 5 5
m 3 4 1
m 4 0 5
b 4
q 4
m 1 0 1
m 1 4 2
m 2 6 3
m 2 4 5
m 3 0 5
m 3 6 7
p
m 4 5 0

