B-8452B 7 4 5 2
m 1 5 3
m 2 0 6
m 3 3 0
m 3 3 1
f 3
m 4 6 1
m 4 3 3
m 5 2 2
m 5 1 0
m 1 0 2
m 2 1 4
m 3 3 1
m 3 6 3
m 4 1 0
m 5 3 1
m 5 6 3
m 1 2 6
m 1 1 1
b 1
g113
m 2 2 3
m 3 2 4
m 3 6 2
m 5 3 0
m 1 2 1
g11Ø6
m 2 0 2
m 2 1 1
q 2
m 3 2 5
f 3
m 4 1 0
m 4 2 1
b 4
m 5 2 4
m 5 6 2
m 1 3 4
m 1 3 1
m 2 1 4
m 2 0 0
m 3 0 2
m 3 5 1
m160
m 5 2 4
m 5 2 3
f 5
m 1 2 1
b 1
m 2 0 1
f 2
q 2
m 3 2 4
m 4 0 2
g 4 0 1
m 5 3 3
m 5 3 3
m 1 0 0
m324
m421
m513
m 1 0 5
b 1
ßy|p
m 2 2 1
m 2 0 0
q 2
m 3 0 2
m 4 2 5
f4
q 4
g 4 1 0
m 5 2 4
m 5 2 3
m 1 0 3
m 1 6 0
f2
g 2 1 3
m 3 6 1
m405
m 4 1 0
m 5 2 4
m 5 5 2
f 5
m 1 3 4
m 1 2 2
m 2 2 5
m 2 6 0
m363
f 3
f 5
m 1 2 5
m 2 2 4
m 2 0 2
m 3 3 1
m 4 0 3
f 4
m 5 3 4
m 5 5 1
m 1 0 2
m 1 0 3

