B 6 5 5 3
m 1 3 0
m132
m 2 0 0
m 2 5 0
m 3 2 1
m31
m 4 4 4
g 4 0 0
mà52©û1
m 5 1 3
m 1 5 2
m 2 1 0
m 3 1 3
m 4 1 5
m 5 1 4
m 1 3 4
m 1 1 2
m 2 0 4
m 2 4 0
m 3 1 4
m 3 5 1
m 4 2 4
m 4 4 1
m 5 4 3
m 5 3 0
m 1 3 5
m 1 4 4
m 2 1 1
m 2 2 3
b2
q 2
m 3 3 2
q3
m 4 2 2
m 4 3 3
m 5 1 4
m 5 4 4
m 1 2 4
m 2 2 2
m 2 4 1
m 3 3 3
m 3 3 2
q 3
m 4 2 0
m 4 3 3
m541
m 1 3 1
m 2 3 3
m 3 2 0
m 4 3 2
f 4
m 5 1 2
m 5 1 3
b 5
m 1 3 5
m 1 3 3
b 1
m 2 2 2
m32-
m 3 2 2
m 4 3 0
b 4
m 5 3 2
m 1 3 4
m 2 0 1
m 2 1 1
m 3 0 3
q 3
m 4 2 0
m 4 0 1
m 5 3 2
m 1 4 5
m245
m 3 4 5
b 3
m 4 2 0
m 4 4 4
m 5 2 0
m542
m 1 2 0
m 1 5 2
m 2 3 2
m 3 3 2
m 3 0 3
m435
m 4 2 2
m 5 3 5
m 5 2 3
m 1 2 0
q 1
m25ñ4
m 3 3 5
m35
m 4 4 5
m 4 5 4
m 5 2 0
m 5 4 3
m 1 3 2
m 2 1 4
m 2 2 3
f 2
m32-9
m 3 0 1
m 4 2 4
m 4 1 1
m 5 3 2

