B 5 4 6 3
m 1 0 0
m 1 4 1
m 2 1 3
m 2 4 2
q 2
m 3 3 4
m 3 4 3
p
m 4 0 1
m411
m 5 2 3
m 5 4 2
q 5
m 6 4 2
m 1 2 1
m 2 0 3
b 2
g 2 1 0
m 3 0 4
m 4 3 1
m 5 2 2
g 5 1 0
m 6 0 3
m 1 2 1
m 1 1 0
p
f 2
m 3 3 3
m 3 0 0
q 3
m 4 0 4
b 4
m 5 2 1
m5Ú32
f5
q 5
m 6 0 1
q 6
m 1 3 3
m 1 0 3
m 2 0 2
m 2 0 2
m 3 1 1
g31
m 4 0 2
m 4 4 1
g 4 3 2
m 5 3 3
q 5
m 6 0 4
m 6 2 1
g 6 0 1
m 1 4 2
m 1 1 2
m 2 2 1
m 3 0 4
q 3
m 5 2 1
m 6 0 3
m 6 0 0
m 1 0 3
m 1 4 0
b 1
m 2 2 1
m 2 4 2
m 3 0 2
m 4 0 2
ËWm]523
m 5 3 0
m 6 2 0
m 1 2 1
f 1
q 1
m 3 2 1
b 3
g 3 2 4
m 4 2 2

