B 5 4 6 3
m 1 2 4
m 2 4 0
m 2 4 2
m 3 1 0
p
m420
f 4
m 5 3 0
m 6 3 3
g 6 0 3
m 1 2 3
f1
q 1
m 2 3 4
m 2 4 0
m 3 2 1
m 3 0 0
m 4 3 4
m1142
b 4
m 5 1 3
m 5 2 2
b 5
q 5
m62
f5
m 1 3 4
m 2 0 2
m 3 4 0
m 3 0 0
m 4 1 1
m 4 4 2
m 5 1 3
m 5 2 0
m 6 4 2
m 1 2 3
m132
m 2 2 1
m 2 4 3
m 3 1 0
m 3 2 3
f 3
m 4 1 4
m 5 4 1
m 6 1 3
f 6
m 1 1 4
b 1
m 2 2 1
m 2 3 0
m 3 3 0
m 4 3 2
f 4
m 5 2 0
m 6 0 3
m 6 1 2
m 1 0 3
m 2 1 4
m 2 0 0
m 3 3 3
m 4 2 1
m 5 1 0
m 5 2 1
p
m 6 1 2
m 6 0 3
g 6 2 3
p
m 1 1 0
m 1 2 2
m240
m 3 1 0
m 4 3 3

