B 4 7 5 2
m 2 2 3
m 4 0 2
m 5 2 3
p
m 1 3 1
m 1 1 5
m 2 2 2
m 3 4 0
m 3 1 6
m 4 6 2
m 5 0 2
m 5 0 4
m 1 5 0
m 1 2 4
m 2 3 4
m 2 1 2
f 2
m 3 2 4
m 3 1 5
m 4 6 0
m 5 6 2
m 5 3 5
p
m 1 2 6
m 1 3 4
m 2 2 5
m 3 3 1
m 3 3 6
m 4 0 3
m 5 0 2
m 1 4 1
m 2 1 6
m 2 1 5
m 3 0 2
q 3
046m
m 5 1 0
m 1 2 1
m 2 3 0
m 3 2 6
m 3 1 6
m 4 0 3
m 4 0 5
b 4
m 5 3 5
m 5 3 3
p
m 1 0 2
m 2 3 1
m222
b 2
m 3 5 2
m 3 0 6
q3
m 4 0 2
q 4
m 5 1 0
m 1 1 1
m 1 2 4
b 1
m 2 1 6
m 2 2 5
f 2
g 2 5 3
m 3 1 0
m 4 0 1
m 4 3 3
q 4
m 5 0 2
m 1 6 3
m 1 0 6
b 1
m 2 0 2
m 3 3 5
m 4 3 1
f 4
q 4
m351
g 5 3 2
m 1 1 0
m 2 3 3
m 2 3 5
q 2
g 2 6 0
m 4 0 2
m 5 0 2
m 1 4 1
m 1 1 3
m 2 2 3
p
m 3 2 5
m 4 4 1
m 5 0 3
m 5 2 2
m 1 1 1

