B 4 6 6 4
m 1 3 4
m 2 5 2
m 2 1 4
m 3 0 0
m 3 0 4
m402
m 5 2 0
f 5
m 6 2 3
m 6 0 5
f 6
m 1 0 4
m 1 1 4
m 2 2 5
m 2 3 5
q
m 3 3 2
m 3 1 5
m 4 4 2
m 4 0 3
m 5 3 1
m 5 0 1
m 6 3 3
m 1 1 3
m 3 1 4
m 3 0 4
f 3
m41
m401
m 5 1 5
m 5 1 1
q 5
m 6 4 2
m 6 1 4
b6
m 1 1 0
m 1 0 4
m 2 2 2
b 2
p
m 3 1 2
m 3 0 4
m 4 1 2
m 4 2 5
m 5 2 5
m 5 3 3
f 5
m 6 1 5
m 6 0 2
m 1 1 2
m 2 1 2
m213
m 3 2 1
m 3 2 1
m 4 0 3
m 4 0 1
q 4
m 6 2 3
b 6
m 1 1 2
m 1 2 0
m 2 3 0
m 2 1 1
m 3 4 2
m 5 4 2
m 5 3 4
m 6 2 0
m 1 1 2
m 2 4 2
m-305
m 4 1 2
m 4 3 0
m 5 4 2
m 6 1 0
m 2 1 2
m 2 2 5
p
m 3 4 2
m 3 1 1
m 4 3 0
15m2
m 5 0 3
m 6 4 2
p

