B 5 6 5 3
m 1 0 3
m 1 4 0
f 1
m21-3
m 3 1 3
m 3 4 2
m 4 1 4
m 5 5 4
m 5 1 1
m 1 4 4
m 2 1 4
b2
m 3 0 2
g341
m 4 1 0
f 4
m 5 2 1
m 1 0 2
m 1 3 0
m 2 0 1
b 2
m 3 3 3
m 3 2 0
m 4 0 5
m542
m 5 2 3
m 1 3 3
m 1 0 4
m 2 0 2
m 3 5 3
m422
q 4
m 5 4 1
m 1 1 3
p
m 2 4 5
m 3 2 3
m 4 4 2
p
m 5 4 2
m 5 3 4
m 1 0 0
m 2 4 3
m 3 0 1
f 3
m 4 5 2
m 5 0 0
q 5
m 1 4 2
m 2 2 3
m 3 4 3
m 4 0 2
m 4 4 2
m 5 4 3
m 5 4 5
q 1
m25-4
m 2 0 5
f 2
m 3 1 3
b 3
m 4 0 2
m 5 4 3
m 1 0 2
b 1
m 2 4 3
m 3 2 1
m 4 3 5
q 4
p
m 1 5 3
m 2 2 5
f 2
m 3 0 2
m 3 3 1
m 4 0 3
b 4
m 1 0 2
m 1 3 3
m 2 5 2
m 2 4 2
m 3 1 3
b 4
m 5 4 3
m 5 3 4
q 5
m 1 1 3
m 2 2 1
m 2 3 1
m 3 0 1
m 4 2 4
m 4 4 3
m 5 3 2

