B 6 5 5 2
m 1 5 4
m 2 5 1
m 3 3 0
m 4 3 0
m 5 0 1
m 1 0 2
m 2 1 1
m34
m 4 4 1
m 4 0 2
q 4
m 5 2 4
m 5 1 3
m 1 4 0
m 1 4 1
m 2 2 3
m 2 2 2
f 2
m 3 3 1
m 3 5 3
f 3
m 4 3 3
m 4 3 3
m 5 2 3
m 5 1 0
m 1 2 3
p
m 2 0 0
b 2
m 3 2 2
m 4 4 2
m 4 5 0
g 4 4 5
m 5 5 1
g520
m 1 2 1
m 1 4 4
m 2 2 2
m 2 1 4
m232
m 3 2 4
g 3 1 4
m 4 2 2
m 5 0 4
f 5
m 1 5 2
m 1 3 2
b 2
q 3
m 4 2 4
m 1 2 1
m223
m 2 3 3
m 3 3 4
m 4 4 0
m 4 4 0
m 5 3 1
m 1 2 1
m 2 2 2
m 3 4 3
m 3 1 2
m 4 2 5
m 4 2 0
m 5 0 5
m 1 3 5
m 2 1 1
m 2 0 4
m 3 2 1
m 4 3 5
m 4 5 4
g 4 4 5
g 5 4 5
m 1 2 5
m 2 5 1
m 3 5 3
m 4 4 0
m 4 2 2
m 5 2 1
m 2 0 1
m 3 2 5
m 3 3 1
q 4
p
m 1 0 0
m 1 4 4
m 2 0 5
m 2 2 1
m 3 2 3
q 3
m 5 2 3

