B48-511B 4 8 3 11
m 1 7 2
m 2 7 0
m 2 0 1
m 3 5 0
m 1 0 1
m 1 2 1
m 2 5 0
m 2 1 2
m 3 6 3
m 1 5 1
m124
m 2 3 4
m340
b 3
m 1 3 2
m 1 2 4
m 2 3 0
m 3 1 3
m 3 2 5
b 3
m 1 3 3
m 2 3 2
m 3 2 6
m 3 3 6
b 3
m 1 1 3
m 2 5 0
m 2 1 7
m 3 2 2
m 3 1 4
g 3 4 3
m 1 6 0
q 1
m 2 2 6
m 3 1 1
m 3 2 2
m 1 0 1
m 1 1 3
m 2 0 6
m 3 7 2
m 3 2 2
g 3 2 3
m 1 3 0
m 1 1 4
p
m 2 7 3
b 2
m 3 2 0
m 2 7 2
b 2
m 3 0 6
m 1 2 0
p
m 2 5 0
m20
b 2
m 3 0 2
b 3
m 1 3 4
m 2 5 1
m 2 2 3
m 3 5 3
m 3 0 0
m 1 5 1
m220
m 2 0 1
m 3 1 3
g 3 1 2
m 1 1 3
b 1
m 2 0 1
m 1 2 5
m 2 2 7
m 2 0 5
q 2
m 3 0 1
f 3
m 1 3 0
m 2 7 0
m 3 3 4
m 1 1 6
b 1
m 2 0 7
m 3 4 0
m 1 4 0
m 2 3 0
m 3 1 4
m 3 0 2
p
m 1 5 3
m 3 3 0
m 1 3 5
m 2 4 0
p
m 3 0 1
m 3 1 0
m 1 3 6
m112
m 2 4 0
m 2 2 1
m 3 4 0
f 3
m 1 3 0

