B 5 5 4 8
m 1 3 2
m 2 2 0
m 2 2 1
q 2
p
m 3 0 1
m 3 0 2
p
m 4 2 4
m 1 0 3
m 2 0 3
m 2 4 4
m 3 4 2
m 4 0 0
m 1 4 0
m 1 3 2
b 1
q 1
m 2 4 4
f 2
m 3 2 1
m 3 1 4
m431
m440
m 1 0 3
m 1 3 1
p
m 2 3 2
m 3 0 1
m 3 1 4
b 3
q 3
m 4 3 1
m 1 2 2
m 1 2 3
f 1
q 1
m 2 0 2
m 3 3 1
f 3
m 4 0 0
m 4 0 1
m 1 4 0
m 1 3 4
m 2 2 4
m 3 2 1
m 3 3 4
m 4 3 1
m 4 0 0
m 1 1 1
m 2 2 1
m 3 3 4
b 3
m 4 0 2
m 4 1 0
b1
m 2 1 4
m 2 3 2
g 2 4 3
m 3 0 0
m300
m 4 3 1
m 1 0 3
m 1 1 0
g 1 2 0
m 2 1 4
m 2 0 4
b 2
m 3 3 3
m 3 1 1
m 4 1 0
m 1 3 4
m 2 3 4
m 2 2 2
m 3 3 4
m 3 2 3
m 4 0 3
m 1 3 4
m 1 4 1
m 2 0 3
m 2 1 3
m 3 0 4
m 3 3 0
m 4 3 4
m413
m 1 0 4
m334
b 3
q 3
m 4 4 3
m 4 4 2
m 1 0 1
m 2 2 1
q 2

