B 6 5 5 2
m 1 3 2
f 1
m 2 4 1
m 3 2 4
m 3 3 1
f 3
m 4 5 2
q 4
m 5 4 0
m 1 4 1
m 2 2 0
f 2
m 3 2 2
m 4 4 4
m 4 2 3
m 5 5 0
m 1 3 2
m 2 3 2
m 3 1 0
m310
m 4 5 1
f 4
m 5 3 3
m 5 4 0
g 5 2 3
m 1 4 5
m 1 2 1
q 1
g11
m 2 3 5
m 3 0 3
m 4 4 3
m 5 2 1
m 5 5 1
b 5
p
f 3
q 3
m 4 3 2
m 4 1 3
m 5 3 0
m 1 3 2
m 1 1 3
q 1
m 2 1 1
m 3 1 1
m 3 4 4
f 3
m 4 2 4
m 5 1 0
m 5 0 0
f 5
m 1 2 1
m 1 2 1
m 2 1 0
m241
m341
m342
m 4 3 0
m 5 4 5
m 1 2 1
m 1 1 0
q 1
m 2 2 2
m 3 5 2
m 3 3 1
m 4 3 5
m 5 2 4
m 1 2 2
m 2 3 1
m 3 2 1
m 3 3 0
m 4 4 3
f 4
m 5 2 1
m 5 2 3
b 5
m 1 0 2
q 1
m 2 3 1
m 2 5 0
m 3 1 0
m 5 4 1
m 5 1 3
m 1 0 4
q 1
m 2 4 3
m 2 3 3
m 3 2 4
m 3 0 1
m 4 5 2
m 4 4 1
5m35
b 5
m 2 1 1
q 2
m 3 2 4
m 5 3 5
f 5

