B 4 5 4 4
m 1 3 4
m 2 2 3
b
m300
m 3 2 3
m 4 2 3
m 1 2 0
m 1 1 2
q1
m 2 0 3
m 2 3 2
m 3 3 1
m 4 3 3
m 4 3 1
m 1 3 4
m 1 2 1
m 2 3 1
m 2 0 2
q 2
m 3 2 2
m 4 2 3
m 1 3 1
m 1 0 1
m 2 4 1
m 2 0 2
m 3 0 3
m 3 0 0
m 4 2 0
m 1 0 3
m 2 0 1
m 2 1 1
m 3 3 1
m 4 0 3
m 1 3 4
m 1 2 0
m 2 0 1
m 2 2 1
m 3 4 1
m 3 3 2
m 1 1 1
b 1
m 2 1 4
m234
f 2
m 3 0 2
m 4 2 3
m 1 3 1
m 2 2 4
m 2 0 2
m 3 4 0
m 3 2 1
f 3
g311
m 4 3 2
m140
m 1 2 0
m231
m 2 1 2
m303
m 3 2 1
m 4 4 0
m424
q 4
m 1 2 1
m 1 2 4
m 2 3 1
m 2 1 1
m 3 3 1
m 4 0 1
f 4

