B 5 7 4 6
m 1 4 2
b 1
m 2 1 4
m 2 2 0
m 4 2 1
m 1 3 6
m 2 4 2
q 2
m 3 5 3
m 3 3 6
m 4 4 2
m 1 6 1
m 2 6 2
m 2 3 1
m322
m448
m 1 4 3
m 1 0 6
m 2 0 3
g 2 3 4
m 3 5 2
m 3 3 5
m 4 3 2
m 1 2 6
b 1
m-603
f 2
g 2 4 1
m 3 4 0
f3
m 4 5 4
m 4 3 4
g 4 5 3
m 1 0 2
b 1
b 2
m 3 3 2
m411
m 1 6 4
m 1 0 6
m 2 4 0
m 2 1 2
m 3 5 1
m 3 0 2
m 4 1 0
m 1 3 3
m 1 0 3
m 2 3 2
m 3 3 1
m 3 4 6
m 4 1 0
m 1 3 1
q­®1
m25
m 2 1 4
m 3 5 0
m 4 5 4
b 4
f 4
m 1 3 1
m 1 1 1
m 2 3 5
f 2
g 2 1 2
m 3 2 3
m 3 2 2
b 3
m 4 5 1
m 1 5 4
m 2 4 0
m 3 0 0
m 3 1 5
m 4 1 0
m 1 2 4
m 2 4 0
m 2 2 2
m 3 5 4
m 4 1 4
m434
m 1 5 4
m 1 4 4
m 2 3 1
m 3 3 4
f 3
m 4 0 3
m 1 5 4
m 2 2 3
m 3 4 0
p
m 4 4 0
m 4 2 5
b 4
m 1 4 0
q 1
m 2 4 0
m 2 4 3
m 3 1 4
m 4 1 2
m 4 4 5
m 1 3 2
m 2 1 0
m314
m 4 4 4
m140
m 1 2 6
m 2 5 0
m 2 2 4
b 2
f 2
m 3 4 0
m 3 0 4
m 4 2 4
m 4 0 1
g 4 2 4
m 1 4 0
m 1 1 3
m 2 3 3

