B 5 7 4 4
m 1 2 4
m 2 2 4
m 2 1 0
m 4 2 3
m 4 2 1
m103
m 1 3 0
f 1
f 2
p
m 3 5 2
m 3 4 3
m 4 1 1
m 1 0 2
m 1 4 5
p
m 2 3 6
m 2 3 0
m 3 2 6
m 3 4 1
b 3
q3
p
m 4 5 3
q 4
m 1 2 3
m 2 4 3
q 2
m 3 6 0
m340
m 4 5 3
m433
m 1 2 6
m 1 4 3
m 3 0 0
m 3 4 4
m 1 1 6
m 2 2 6
m 2 0 6
p
m 3 5 2
b 3
m 4 2 4
m 4 1 4
m 1 1 3
m 2 5 1
m 2 1 5
m 3 4 2
f 3
q3
q 4
m 1 2 1
m 1 1 4
m 2 4 0
m 2 2 0
b 2
m 3 2 2
b 3
m 4 6 4
m 4 2 3
b 4
m123
m 1 0 1
m 2 2 3
m 2 1 4
m 3 5 0
f 3
m 4 4 3
m 1 3 3
m146
f 1
g 1 0 1
m 2 1 3
m 2 4 6
m 3 3 3
g 3 0 2
m 4 2 4
m 4 3 3
m 1 2 1
m 1 2 5
f1
m 2 6 1
m 3 3 0
m 3 4 3
p
m 4 1 3
m 4 4 2
m 1 6 1
m 2 2 3
m 3 4 3
m 4 5 3
m 4 4 4
b 4
m 1 6 1
q 1
m 2 2 4
m 2 2 0
m 3 2 3
m 4 4 0
m 4 1 4
b 4
m 1 0 2
b 1
m 2 3 3
m 3 1 3
m 3 1 6
m 4 2 1
m 4 0 5
m 2 2 1
m 2 3 0
m 3 5 3
q-2
m 4 5 3
m 4 0 1
m 1 0 6
b 1
m 2 4 0
m 2 2 6
q 2
m 3 0 1
m 4 5 3
m 4 2 0
m 1 1 0
q 1
m 2 1 3
m 3 2 5
m322
m 4 4 5
m 1 2 3
m 2 2 1
m 2 3 0

