B 7 8 3 7
m 1 5 3
f 1
m 2 3 0
m 2 4 5
f 2
m 3 7 1
m 1 2 1
m 1 5 7
m 2 4 2
m 3 0 2
m 1 4 5
m415
m 2 3 3
m 2 4 3
f 2
m 3 1 6
m 1 1 4
m136
m 2 6 0
m 2 0 6
m 3 5 6
m 3 5 0
m 1 7 0
q 1
m 2 0 0
m 2 2 5
m 3 6 5
m 1 2 2
m 1 2 5
m 2 5 1
m26
m 3 4 3
m 3 4 1
m 1 3 7
g 1 2 0
m 2 1 5
m 3 2 3
m 1 0 4
m 1 0 2
m 2 0 1
m215
b2
m 3 4 2
m 1 6 4
m 1 6 3
f 1
m 2 7 1
m 3 3 1
f 3
m 1 7 2
m 2 2 6
m 2 2 1
m 3 1 6
p
m 1 4 2
b 1
m 2 4 2
m 2 4 5
m 3 4 2
m 1 1 4
m121
q
m 2 5 1
m 2 2 3
m 3 5 0
m 3 2 3
b3
g 3 7 5
m 1 0 1
q 1
m 2 5 2
m 2 6 1
m 3 4 5
m 3 5 4
m 1 7 6
m 1 6 5
m23
b 2
m 3 6 5
m 1 2 6
m 1 4 7
m 2 5 3
m 2 6 5
f 2
m 3 2 1
m 1 4 0
m211
q 2
m 3 4 5
m 3 2 7
m 2 4 7
m 2 0 1
q 2
m 3 2 6
m 1 2 6
m 2 3 0
m 2 1 2
m 3 6 4
m 3 5 3
q 3
m 1 6 1
m 2 3 0
f2
q 2
m 3 5 0
m 3 2 2
m 1 4 1
q 1
m 2 5 3
m 2 4 3
q 2
¢mÒ455
m 1 3 7
m 1 4 3
m 2 4 2
m 2 1 1
m 3 3 0
m 1 5 0
m 2 5 2
m 3 7 2
m354
m 1 3 1
m 2 5 0
m 3 5 3
m 1 1 5
m 1 3 0
q1
m 2 7 0
m 2 1 5
m 3 0 0
m 3 0 4
m 1 0 1
m 2 1 5
q 2
m 3 6 0
m 3 3 3
g 3 1 0
m 1 2 6
m 1 4 1
q 1
m216
m 2 3 4
m 3 5 3
m 3 6 4
q 3
m 1 6 2
g 1 2 2
m 2 4 7
m 3 0 3
m 3 0 3
m 1 3 3
m131
m 2 1 2
m 2 1 5
m323
m 3 3 7
m 1 4 4
m 1 1 7
m 2 4 1
m 2 3 1
m 3 5 3
b3
m 1 5 3
m 1 0 6
p
m 2 2 3
m 3 5 4
m 3 2 5
q 3
m 1 5 5
m 1 6 5
m 2 3 5
b 2
m 3 6 6
m 3 6 5
f 3
m 1 5 0
m 1 3 5
m 2 4 3
m 3 5 1
p
m 1 4 2
q 1
g105
m 2 2 3
b 2
m 3 2 6
m 3 4 1
q 3
m 1 2 2
m-472
m 2 5 5
m 3 7 2
m 3 0 4
m 1 1 0
m 2 7 0
m 2 5 2
f 2
m32r7
m 3 4 1
b 3
q 3
m 1 4 2
m 1 3 3
p
m 2 0 1
m 2 1 6
q 2
m 3 7 0
b 3
m 1 3 0
m 1 2 1
m 2 4 6
m 2 6 5
q 2
m 3 4 2
m 3 3 4
b3
m 1 5 0
m 1 6 7
b 1

