B 7 6 3 16
m 1 1 6
m 1 0 2
b 1
p
m 2 0 1
m 2 5 1
f 2
m 1 1 2
m 3 5 0
q 3
m 1 2 0
m 1 6 0
m241
m323
m 1 3 3
m 1 6 3
b 1
m241
m 2 1 4
m 3 2 4
m 3 1 0
g 3 3 3
m 1 5 4
m 2 1 2
m 3 2 5
m 1 0 4
m 1 2 3
m 2 5 1
m 3 5 4
f 3
m 1 5 5
m 2 0 3
m 3 0 2
q 3
m 1 2 6
m 2 1 0
m 3 6 1
m 1 5 4
m 2 5 4
m 2 0 3
m 3 2 3
m 3 4 2
m 1 0 3
m 1 0 1
m 2 3 4
m 3 3 2
m 3 0 2
m 1 4 4
m 1 4 0
m 3 1 2
q 3
m 1 5 1
b 1
m 2 5 0
m2Êr3
m 3 5 6
p
m 1 3 0
m 2 2 5
m 3 5 1
m 1 5 6
q 1
m 2 5 1
q 2
m 3 5 3
m 3 2 2
q3
m 1 5 1
m 1 0 1
m 2 5 3
m 3 5 4
m 3 1 2
f 3
m 1 1 3
m150
m 2 5 4
m 3 2 5
m 3 2 0
q 3
m 1 4 5
g 1 4 1
m 3 5 3
m 1 1 1
m 2 1 2
m 2 4 3
b 2
m 3 1 4
m 1 5 1
m 1 5 1
m2-46
m 2 0 0
f 2
m350
m 1 5 0
m 1 6 4
m 2 2 5
m 3 1 3
m 3 5 4
q 3
m 1 2 5
m 2 0 4
q 2
m 3 5 5
m 3 1 1
f 3
m 1 1 2
m 1 4 2
b 1
m 2 2 6
f 2
m 3 5 0
m 1 3 4
m2215
m 3 5 4
f 3
b 2
m 3 5 0
m 1 3 2
f 1
p
m 2 6 0
m 2 2 4
m 3 1 2
m 3 2 3
m 1 6 5
m 2 5 1
m325
m 1 0 2
m 1 4 3
g132
m 2 5 3
m 2 0 1
m 3 3 1
m 2 6 4
q 2
m 3 4 4
m 3 0 0
f 3

