B 4 6 5 6
m 1 1 4
m 2 3 4
p
m 3 0 3
p
f 4
m 5 2 4
m 5 3 0
m 1 1 2
f 1
m 2 3 3
m 2 2 0
q
m453
m 4 0 5
m 5 3 4
m 5 3 0
m 1 2 1
m 1 2 2
b 1
q 1
m 2 1 0
m 2 3 4
m 3 2 3
m 4 3 0
m 5 5 1
m 5 3 0
m 1 1 0
m 1 0 4
f 1
m 2 2 0
m 2 2 1
m 3 5 1
m 3 0 2
b 4
m 5 2 1
p
m 1 3 5
m 2 1 1
q 2
m 3 3 1
b 3
m414
m 5 2 5
m 5 3 2
m 1 3 1
m 2 3 1
m 2 0 0
q 2
m 3 3 1
m 4 5 1
b 4
m 5 3 2
m 1 3 1
m 1 3 1
m 2 1 0
m 2 2 0
m 3 5 1
m 3 1 1
m 4 3 2
m 4 0 4
m 5 0 1
m105
m 2 0 4
m 3 1 4
m 4 3 1
m 4 0 3
q 4
m 5 5 1
m 5 2 1
m 1 0 0
m 2 1 0
m 4 5 1
m 4 3 1
b 4
f 4
m 5 2 2
m 1 3 4
m 2 3 1
m 2 1 1
m 3 3 1
m 3 1 3

