B 6 4 3 10
m1e12
m 1 4 3
m 2 1 3
m 2 2 3
g 2 3 4
m 3 2 2
g 3 3 4
m 1 1 5
m 1 4 1
m 2 2 0
m 2 1 3
m 3 1 2
m 3 4 2
m 1 1 0
m 1 0 3
m 2 4 1
m 2 5 3
m 3 3 0
m 1 2 5
m 2 1 2
m 3 2 0
m 1 3 1
m 2 4 3
m 3 1 2
m 1 3 3
m 2 2 5
m 3 1 2
m 3 3 0
m 1 0 4
m 2 2 3
m 3 0 4
m 3 5 0
m 1 0 0
m 1 1 0
m 2 2 3
m 3 2 2
p
m 2 3 2
m 3 1 5
m 3 1 2
b 3
m 1 5 1
m 2 1 2
Wm325
m 3 1 1
m 1 0 4
m 1 4 2
m 2 1 3
g 2 0 5
m 3 2 5
m104
m 1 2 2
m 2 2 5
q 2
m 3 2 0
m 1 0 4
m 2 2 5
m 2 2 1
m 3 1 0
m 3 0 1
m 1 0 4
m 1 0 2
q 1
m 2 2 3
m 2 0 2
q 2
m 3 4 2
m 3 1 0
m 1 2 5
m 2 2 5
m 2 3 0
m 3 2 5
f 1
m204
m 3 0 4
m 3 0 1

