B 4 8 5 6
m117
m 1 3 2
m 2 1 1
m 2 1 0
m 3 0 3
m 3 1 2
b 3
m 4 7 3
m 4 2 6
q 4
m 5 7 0
m 5 0 1
m 1 7 3
m 2 0 0
m 2 0 6
m 3 1 7
m 3 3 2
m 4 4 2
m 4 3 6
q 4
m 5 2 0
m 1 2 3
m 1 1 3
m 2 0 3
m 2 0 3
m 3 4 3
m 3 3 4
m 4 0 3
m 4 1 7
m 1 3 4
m 2 5 3
m 3 5 0
m 4 1 1
g462
m 5 5 0
f 5
m 1 3 7
q 1
g 1 6 2
m 2 3 7
m 3 4 0
m 4 0 7
m 5 3 1
m 5 2 6
b 5
m 1 2 3
m 2 0 0
f2
g21
m 3 3 3
m 3 0 3
m420
m 4 1 1
m 5 1 6
m 1 2 1
m 2 2 7
p
m30
m 4 3 1
m 5 0 7
m 5 1 2
m 1 4 1
m 2 5 0
m 2 0 3
m 3 4 2
m326
m 4 4 1
b 4
m 5 5 2
m 5 2 2
m 1 2 0
m 1 0 0
p
m 2 0 5
m 2 0 4
f 2
q 2
m342
m 4 4 2
m 4 2 5
m 5 5 3
m 5 3 2
m 1 4 1
b3
m 2 0 3
q 2
m 3 3 1
m 4 2 4
g 4 1 3
m 5 2 0
m 5 3 6
m 1 0 4
b 1
m 2 0 3
m 3 5 1
m 4 2 0
m 5 0 1
m 1 0 3
m 1 3 7
q 1
m 2 4 1
m 2 3 6
m 4 0 4
m 4 2 6
m 5 1 3
m 5 1 4
f 5
m 1 0 3
f 1
m 2 5 1
m 2 2 4
f 2
m 3 3 7
m 3 2 2
m 4 0 3

