B 6 4 6 4
m 1 3 4
m103
m 2 3 5
m 2 3 0
q 2
m 3 0 0
m 4 4 0
m 4 2 0
b 4
m 6 4 0
m610
m 1 4 2
m 2 2 5
m 3 5 0
m321
m 4 2 1
m 4 3 0
m 5 2 1
m 5 1 0
q 5
m 6 3 4
m 1 1 3
m103
m 2 2 3
m3-94
m 4 3 4
m 5 1 0
g 5 3 0
m 6 2 2
m 6 3 2
m 1 2 0
m 2 2 0
m 2 0 3
m 3 5 1
m323
f 3
m 4 3 5
m 5 1 4
m 5 0 3
m 6 2 1
b 6
m 1 2 5
m 2 2 0
b 2
f 2
m 3 3 0
m 3 5 2
m 4 2 1
m 5 3 5
m 5 2 2
m 6 2 0
m 6 4 0
m 1 3 4
m 1 1 3
m 2 4 0
m31
m 4 3 4
m 4 3 1
m 5 3 0
m 5 3 3
m 1 5 0
m 2 3 4
m 2 3 3
f 2
m 3 1 0
m 3 0 1
m 4 3 5
m 5 1 4
m 5 0 3
f 5
m 6 1 3
m 1 2 1
m 1 5 2
m 2 2 0
m 2 5 0
m 3 1 4
m 4 3 4
m 5 4 1
m 5 2 2
m 6 1 1
m 6 3 1
p

