B 8 7 4 13
m 1 0 2
m 2 6 0
m 2 6 3
m 3 1 0
p
m 4 2 4
m 4 0 6
m 1 6 1
m 1 3 6
m 2 7 3
m 3 6 2
m 4 6 5
g 4 6 3
m 1 6 4
m 2 5 1
m 2 5 3
m 3 6 4
m36-5
m 4 6 2
m 4 1 4
m 1 4 7
m 1 1 3
m 2 4 7
m 2 6 4
m 3 1 0
m 3 3 3
f 3
m 4 7 1
b 1
m 2 7 0
m 3 6 7
m 3 3 6
m 4 3 0
m 4 3 4
m 1 3 0
m 2 1 0
m 2 2 3
m306
m 3 7 6
m 4 6 4
m 1 0 5
m 2 5 2
m 2 4 2
m 3 5 7
m 3 5 5
f 3
m 4 1 2
m13-4
m105
m 2 1 1
m 2 6 4
f 2
m 3 3 0
m 3 4 3
m 4 3 0
m 2 1 4
p
m 3 4 5
f 3
m 4 4 7
m 4 6 1
m 1 2 7
m 1 7 4
m 2 5 0
m 2 3 6
m 3 0 4
m 3 7 3
g 3 1 1
m 4 3 0
m 4 1 2
m 1 5 2
m140
f 1
m 2 3 0
m 2 4 4
m 3 7 6
b 4
f4
m 1 6 4
p
m 2 1 3
m 2 3 5
b 2
m 3 1 0
m 3 0 1
m 4 5 7
m 1 6 6
m 1 5 5
b 1
m 2 1 5
b 2
q 2
m 3 5 7
m 3 0 4
m433
m 4 6 4
m 1 3 6
b 1
m 2 3 0
m 2 4 5
m 3 1 3
p
m 4 1 3
f 4
m 1 2 2
b 1
m 2 1 4
m 3 2 7
m 3 7 3
m 4 6 5
m14ยบ5
m 2 3 0
q 2
m 3 1 2
m 3 7 0
g 3 1 7
m 4 4 6
m 4 1 2
b 4
m 1 2 3
m103
m 2 2 6
m 3 2 5
m 4 1 2
m664
m 2 0 5
m 3 0 0
m 4 5 7
m 1 1 4
q 1
g 1 2 4
m 2 6 5
m 3 0 2
q3
m 4 5 2
g 4 5 4
m 1 0 4
q 1
m227
g 3 6 4
m 4 1 3
m 4 2 6
m 1 2 7
m 1 3 5
f 1
m 2 1 2
m 3 2 3
m 4 2 7
m 4 3 6
g 4 0 0
m 1 1 3
m 2 5 3
m 3 1 4
b 3
f 3
m 4 4 4
m 1 5 7
p
m 2 2 3
m 2 5 4
m312
f 3
p
m 4 1 2
m 1 6 5
m 2 4 4
m 2 5 6
m 3 0 2
b 3
m 4 2 4
q 1
]ยงm2?12
m 2 1 4
b 2
m 3 1 2
m 3 3 2
b 3
m 4 1 3
m 1 1 2
m 1 2 4
m 2 1 3
b 2
m 3 1 3
m 4 7 2
m 1 1 2
m 2 1 3
m 3 1 2
m 3 3 0
m 4 6 1
m 1 0 2
m 2 0 2
m 3 5 7
m 4 6 1

