B 6 7 4 12
m 1 2 4
m 2 2 5
f 2
q 2
m 3 3 0
p
m 4 5 3
m161
m 1 3 3
q 1
m252
m 2 4 6
q2
m 3 1 3
m 4 4 2
m 4 5 2
m 2 4 1
m 2 1 2
m5ÔZ41
m 4 2 6
m 1 5 1
m 1 1 3
m 2 1 1
m316
m 3 2 0
m 4 3 4
m 1 1 2
m 1 1 6
m 2 2 6
f 2
m 3 5 5
m 4 1 3
g 4 0 3
m 1 5 4
m 1 1 6
m 2 4 4
m 3 4 1
m 4 4 1
m 1 5 4
m 1 4 4
f 1
m 2 4 1
m 2 2 2
b 2
m 3 3 4
m 1 0 0
m 2 3 4
m354
b 3
m 4 4 0
m 4 5 6
m 1 0 5
m 1 3 4
m 3 5 3
m 1 5 4
m 2 6 0
f 2
q 3
m 4 3 1
m 1 0 0
m 2 1 1
f 2
m305
m 4 4 0
m 4 0 0
q 4
p
m 1 4 0
m 2 3 2
m 3 0 5
q 3
m 4 6 0
m 1 1 2
m 1 0 0
m 2 4 0
m 2 4 2
m 3 4 4
m 4 4 1
m 4 0 0
m 1 5 4
m 1 1 0
q 1
m 2 1 6
q 2
m326
q 3
m 4 5 1
m 1 0 2
b 1
m 2 1 2
m 3 3 2
m 4 4 0
m-904
q 4
m 1 3 2
f 1
q 1
m 2 1 2
m 2 4 6
m 3 2 5
m 3 4 4
m 4 0 6
m 1 3 5
b 1
m 2 4 1
m955
m 1 5 4
m 1 0 4
m 2 3 4
m 3 2 6
p
m 4 3 5
m402
g 4 3 1
m 1 1 0
m 1 2 6
m 2 3 0
m 2 5 6
m 3 5 4
m 4 5 1
m 1 1 2
m 1 4 5
m 2 4 1
m 3 0 5
m 4 0 5
m 4 5 2
m 1 4 0
m 1 1 2
m 2 5 1
m 2 3 4
b 2
m 3 0 5
m 3 2 6
m 4 3 4
q 4

