B 4 7 5 6
m 1 5 3
m 1 0 3
b 1
m 2 0 6
m 2 2 6
m 4 1 1
m 5 6 3
m 1 0 2
m 2 2 0
m 3 2 2
m 5 3 2
b 5
m 1 4 2
b 1
m 2 6 3
m 3 3 5
f 3
m 4 0 1
m 4 1 3
m 5 3 2
m 1 6 1
m 1 0 4
m263
m 2 2 6
f2
m 3 0 0
f-
m406
m 4 1 5
f 4
m 1 4 1
m 1 3 1
f 1
m 2 0 2
m 3 1 2
m 4 0 6
g 4 6 0
m 5 4 3
m 5 3 4
m 1 0 3
m 1 3 4
q 1
g 1 2 1
b 2
m 3 0 1
m 3 1 2
q 4
m 5 3 2
m 5 0 3
m 1 5 0
m 1 1 1
m 2 3 2
m 2 3 3
f 2
g 2 2 1
m 3 0 2
m 3 3 5
m441
m 4 3 1
m 5 3 0
m 5 3 4
m 1 0 6
m1122
b 1
m 2 4 2
m-310
m 3 2 5
m 4 1 5
m 4 2 0
m 5 3 2
m 1 2 2
m12
m 2 4 1
m 3 3 1
m 4 4 1
m 4 3 0
q 4
m 5 2 6
m 1 6 1
m 1 3 4
m 2 1 2
m 3 1 2
q3
m 4 5 0
m 5 1 2
m 1 6 1
m 1 0 6
m 3 6 3
m 3 2 2
m 4 3 1
m 4 1 0
m 5 4 1
b 5
m 1 0 1

