B 5 5 3 9
m 1 4 0
m 2 4 3
m 3 3 2
m 3 1 0
m 1 3 4
m 2 0 2
m 2 3 3
m 3 1 3
m 1 2 2
m 1 4 4
m 1 2 1
m 2 1 1
m 3 0 0
m 2 4 1
m 3 2 1
m 3 3 4
m 1 3 0
m 1 0 0
m 2 0 1
m 2 3 1
m 3 1 0
m 3 2 3
m 1 4 3
m 1 3 2
m 2 4 0
f 2
m 3 4 4
m 1 0 0
m 2 2 4
m 3 1 2
m 3 3 4
m 1 3 0
m 1 3 1
m 2 4 1
m 2 2 2
m 3 0 2
m 3 3 3
m102
m 2 3 0
m 2 0 1
m 3 4 1
m 1 0 2
g 1 3 1
m 2 2 4
m 3 2 4
m124
m 1 2 0
q 1
m 2 2 4
m 3 2 2
m 1 2 4
m 2 4 1
q 2
m 1 4 0
m 1 1 4
m 3 3 0
f 3
m121
p
m 2 2 4
m 2 3 4
m34
m 3 0 2
m 1 3 0
m 2 2 3
m 2 0 2
g243
p
m 3 2 4
m 3 3 2
m 1 4 0
m123
b 1

