B 7 8 3 17
m 1 7 0
m 1 5 4
m 2 6 2
m 2 6 5
b 2
m 3 0 1
m336
m 1 3 4
q 1
m 2 6 4
m 2 4 7
m 3 1 1
m 3 1 0
b 3
m 1 0 2
m 1 6 5
f 1
m 2 4 4
m 3 4 4
m 3 2 5
g 3 4 5
m 1 0 4
m 1 2 1
m620
m 3 7 0
m 3 2 6
g 3 4 5
m 1 2 3
m 2 2 2
b 2
m 3 0 2
m 3 5 7
b 3
m 1 6 0
q 1
m 2 6 5
m 3 2 4
m 3 0 5
m 1 6 7
m 1 2 3
b 1
f 1
m 3 7 1
m 3 0 6
f 3
m156
f 1
m 2 0 2
m 2 5 7
m 3 0 0
m 1 5 1
m 1 2 4
b 1
q 1
m 2 4 1
m 2 3 1
m 1 2 1
m 2 2 6
q 2
m 3 1 3
m 1 5 0
q 1
m 2 0 3
m 2 5 6
m 3 2 6
m136
m 2 7 2
m336
m 3 0 4
m 1 5 7
m140
f1
m 2 1 6
m 3 2 3
f 3
m 1 1 6
m 1 5 5
b 1
m 2 4 1
m 2 3 6
m 3 4 1
m 1 0 7
m 2 5 7
m 3 1 6
b 3
f 3
g 3 5 6
m 1 4 1
m 1 0 2
m 2 3 3
m 2 4 7
m306
f 3
m 1 6 3
m 2 0 2
Rm24
g 2 6 5
m 3 0 5
m 3 4 3
f 3
m 1 0 2
m 1 3 6
m 2 6 6
m 2 2 4
m 3 6 4
m 1 0 3
m 2 0 3
m 3 1 2
m 3 5 0
m 1 5 4
b 1
q1
m 2 5 6
m 3 5 4
m 1 7 1
m 2 4 1
m 2 0 7
m 3 2 4
m 3 1 5
f 3
q 3
p
m131
f1
m 2 6 5
g 2 0 4
m 3 3 5
m 3 6 6
m 1 0 2
m 2 6 0
m373
m 3 2 2
f 3
q 3
m 1 0 2
m 1 5 2
m 2 4 1
m 1 1 0
m 1 4 6
b 1
m 2 4 1
m 3 3 3
m 3 4 1
m 1 2 4
m 1 4 4
m 2 1 6
m 2 3 3
m 1 1 0
m 2 7 3
m123
m 1 1 1
p
m 2 4 1
m 2 3 0
m 3 2 4
m 1 5 4
q 1
m 2 7 2
m 2 2 4
b 2
m367
m 1 2 5
m 1 0 1
b 2
m 3 4 2
q 3
m 1 5 7
m 1 1 0
g 1 3 6
p
m 2 7 2
m 3 3 5
b
q 3
m 1 7 1
m 1 5 4
q 1
m 2 3 7
m 2 3 2
f 2
m 3 4 1
m 1 3 5
m 1 6 1
m 2 0 2
m 3 4 1
q 3
b 1
m 2 0 7
m 3 0 2
m 3 1 6
g 3 1 5
m 1 5 4
q 1
m 2 7 2
m 3 7 2
m 3 1 5
m 1 7 2
m 2 1 6
m 2 1 7
f-8
m 3 0 2
m 1 3 0
m 2 3 5
g 2 2 4
m 3 7 2
g 3 2 2
m 1 7 2
m 1 0 0

