B 7 8 5 8
m 1 3 1
m 1 6 0
m 2 6 7
m 3 3 6
b
m 4 2 6
m 4 4 0
m 2 5 6
f-5
m 3 0 0
m 4 1 0
m 5 3 5
m 5 4 5
m 1 5 1
f1
m 2 5 4
m 3 1 2
m 3 4 7
m 4 5 0
m530
m 5 6 6
m 1 6 0
m 2 0 5
m>314
m305
f 3
m 4 3 4
m 4 3 1
b 4
m 5 5 5
m512
m 1 3 4
m 2 2 4
m 3 3 1
m 4 2 2
m 4 0 6
b 4
m 5 2 4
m 5 3 5
g 5 4 2
p
m 1 3 4
m 1 3 0
m 2 3 3
m 3 3 1
m 3 2 0
m46
b 4
m 5 5 2
f 5
m 1 1 0
p
m 2 3 5
m 3 3 1
m 4 1 4
m 4 3 5
m 5 6 5
m 5 6 3
b 5
g 5 6 3
m 1 7 2
m210
m 3 3 7
m 3 1 5
m 4 3 3
q 4
m 5 1 6
m 5 6 5
q 5
m114
q 1
m 2 7 5
m 2 3 7
m 3 4 5
g 3 7 4
m 4 1 6
m 5 1 6
m 1 3 2
m 2 1 6
m 3 3 2
m 3 6 0
m 4 5 6
b 4
m 5 5 3
q 5
f 1
m 2 0 3
m 2 3 2
f 2
m 5 6 4
f 5
m111
g 1 7 6
m 2 4 4
m 2 4 3
p
m 3 7 1
b 3
m470
p
m 5 7 5
b 5
m 1 6 6
p
m 2 7 2
m 2 2 1
m 3 7 0
m 3 4 1
m447
m531
q 5
m 1 5 2
m 1 5 1
f 1
p
m 2 0 0
m 3 7 0
m 4 1 6
m564
m 1 1 6
m 1 2 6
m 2 6 5
m 2 5 2
m 3 6 4
q 3
q 4
m 5 6 0
m 5 2 5
m 1 3 2
m 1 6 4
g 1 6 6
m 2 4 0
m 2 4 7
m 3 7 5
m 3 6 4
g 3 5 4
m 4 2 2
m 5 7 0
m 1 7 1
m 1 3 5
m 2 4 0
m 2 3 2
m 3 7 1
m 3 2 4
q 3
m 4 2 4
m 5 3 2
m 5 4 1
m 1 3 7
m 1 0 4
m 2 4 5
m 2 3 3
m 3 1 4
m 4 7 5
p'
m 5 1 6
m 5 5 0
g 5 6 5
mçJ1!5
m 1 5 5
q 1
m 2 1 2
m 3 1 0
m 4 7 2
m 4 5 1
m 5 6 7
f 1
m 2 2 2
m 2 6 5
f 2
q 2
m 3 7 0
m 3 0 5
m 4 7 0
m 4 3 1
g 5 6 3
m 1 1 7
m143
m 3 0 5
f 3
m 4 6 4
m 4 3 1
g 4 7 5
m 5 2 4
m 1 1 6
m 1 1 5
m 2 2 0
m 3 5 6
m 4 3 2
m 5 5 3
m 5 2 6
m 1 1 0
m 1 0 4
m 2 1 6
m 2 5 3

