B 7 5 5 3
m 1 1 5
g 1 0 5
m 2 1 1
b 2
m 3 1 2
m 4 1 1
m 5 0 3
f3
q 5
m 1 0 2
m 2 4 5
b 2
m 3 1 2
m 3 4 3
m 5 5 1
m 5 5 4
m 1 1 3
m 2 2 4
m 2 3 4
m 3 2 6
m 3 6 1
m 4 1 0
m 4 2 2
m 5 3 3
m 5 0 4
m 1 4 0
f 1
m 2 2 1
m 2 5 0
b 2
3m35
m 3 4 2
p
m 4 4 6
m 4 4 4
m 5 4 6
m 5 6 1
m 1 2 4
p
m 2 4 2
m34
m 3 2 2
b 3
m410
m 5 0 6
m 1 1 0
m 1 6 0
p
m 2 4 1
m 2 6 4
m 3 0 3
g 3 3 1
m 4 0 6
g 4 1 6
m 5 1 4
m 5 3 3
m 1 0 3
m 1 0 2
m 2 2 3
m 3 4 6
m 4 2 4
m 4 0 2
m 5 6 3
m 5 2 0
q 5
m 1 1 0
g 1 4 2
m 2 2 6
m 3 3 1
m 4 3 3
p
m 1 4 0
b 1
m 2 1 0
m 3 2 1
m 4 0 3
m 5 1 0
m 1 0 6
m 2 1 4
m 3 6 1
m 3 1 2
q 3
m 4 1 3
m 5 6 1
q1
m 2 0 4
m 3 5 3
m 3 4 3
m 5 2 3
m 1 3 3
m 1 0 4
f 1
m 2 1 0
f 2
m 3 2 5
m 3 4 3
m 4 0 0
m 4 2 0
m 5 2 5
m 1 4 2
m 1 4 3
m 2 1 0
m 2 4 0
q 2
m 3 0 6
m$30J1
f3
m 5 2 3
m 1 0 3
m 1 6 4
m 2 2 0
m 3 2 3
m 4 2 5
b 4
m514
b 5

