B 8 7 3 5
m 1 6 5
f 1
m 2 4 6
b 2
q 2
m 3 1 3
m375
f 3
m 1 7 1
m 1 1 3
m 2 6 2
m 2 7 4
m34
m356
m 1 2 6
q 1
m 2 5 5
m 2 0 0
p
m 3 2 4
m 3 3 1
m 1 1 5
m 2 7 2
m 3 2 0
m 1 1 4
q 1
m 2 0 4
m 2 1 0
m 3 3 2
m 3 1 6
m 1 4 3
m 2 0 3
m 3 5 0
m 3 0 1
m 1 3 3
m 2 5 3
m33-9
f 3
m 1 4 6
m12-6
q 1
m 2 6 6
m 3 4 4
m 1 1 2
m 2 1 1
q 3
m133
m 1 5 5
m 2 0 4
m 3 6 3
b 3
m 1 6 2
m 1 1 3
m 2 6 5
m 2 2 3
m 3 6 3
m 3 3 4
m 1 3 2
m 1 3 1
m 2 2 3
m 3 0 5
m 2 7 3
m 2 5 6
m 1 1 6
m 1 5 0
m 2 3 5
q 2
m 3 3 5
m 3 7 5
m 1 0 2
m 1 3 2
m 2 1 6
f2
m 3 2 5
m 3 3 4
f 3
m 1 0 3
p
m 2 0 7
f 2
q 2
m 3 7 3
m 1 5 2
m 1 4 6
b 1
m 2 7 5
m360
m 1 0 2
m 2 4 4
m 3 1 0
m 1 1 5
m245
m 3 3 5
m 2 4 0
m 2 7 6
m 3 2 4
p
m 1 6 1
m 1 4 6
p
m 2 7 4
m 3 0 6
m 1 6 7
m 1 0 4
m 2 0 2
m 3 6 3
m 1 0 3
g147
m 2 0 3
m 3 1 1
q 3
m 1 1 5
b 2
m 3 3 1
m 3 3 2
m 1 0 0
m 2 3 2
m 3 2 0
m 2 0 3
m 2 7 0
p
m 3 1 5
m 3 0 3
m 1 1 2
m215
m 3 6 7
m 3 7 6
m 1 3 6
m 2 3 6
m 3 2 1
q 3
m 1 2 6
m 1 1 4
m 2 0 3
m 1 5 6
m 1 7 2
q 1
m 2 1 6
b 2
m 3 2 2
m 3 4 5
m 1 6 6
m 2 2 0
m 2 3 4
m 3 3 6
m 3 0 3
m 1 0 3
m 2 4 6
b 2
m 3 0 3
m 1 3 6
m 1 5 2
m 2 3 2
m250
b 2
q 2
m 3 1 4
p
m 1 0 6
m 2 2 5
m 3 0 4
m3-31
m 1 6 1
m 1 7 2
m233
q2
m 3 3 5
m 1 2 2
m 1 0 2
m 2 4 5
m 2 6 2
m1021
b 3
m 2 1 4
m 2 3 2
m 3 1 4
m 3 7 3
m 1 5 0
m 1 5 2
q 1
g 1 3 2

