B 8 8 6 8
m 1 7 6
m 2 6 2
m 3 3 0
m 3 7 5
m 4 6 3
m-52
m 5 7 1
m 6 2 3
b 6
m 1 2 4
m 1 4 7
f 1
m 2 3 1
m 3 3 3
m 3 2 1
m 4 0 7
m 4 5 0
m 5 0 0
m 6 5 7
f 6
m 1 5 0
q 1
m 2 6 7
b2
m 3 6 2
m 4 4 0
m 5 2 3
b-8
b4
q 6
m 1 1 6
m 2 5 3
m 2 1 6
g 2 7 5
m 3 0 6
m 3 1 2
m 4 3 0
m 5 7 3
m 1 4 1
b 1
m 2 5 0
m 2 1 4
b 2
f 2
m 3 7 0
m 4 7 3
m44
m 5 3 0
m 6 6 5
m 6 4 0
m177
m 1 2 7
f 1
m 2 6 2
m 2 4 7
b 2
m 3 6 4
m 4 4 1
m 5 2 7
m 6 1 5
m 6 7 0
m 1 1 0
m 1 3 5
m 2 6 3
f 2
q 2
m 3 6 2
q 3
m 4 7 3
m 4 6 2
m 5 2 2
m 5 2 3
m 6 3 0
m 1 5 5
m223
m334
m 3 6 7
m 4 0 2
m 5 1 0
m 5 0 6
q 5
m 1 2 7
m 1 5 2
m 2 1 1
m 3 2 3
m4-62
m 4 2 3
m 5 7 3
m 5 1 6
m 6 0 6
m 1 2 4
q 1
m27
m 3 3 4
q 3
m 4 4 7
8=m#473
m 5 5 7
m 6 3 0
m 6 6 7
f6
m 1 6 7
m252
m 3 6 5
q 3
m 4 6 5
m 5 6 7
q 5
m 6 3 4
m 1 1 0
f 1
m 2 7 3
m 2 7 2
m331
m 4 2 4
m 5 6 6
m 6 4 0
Wm600
q 6
m 1 1 0
m 1 2 1
b 1
m 2 4 0
m 4 4 6
m 5 6 3
p
m 6 3 4
m 6 1 1
b1
m 2 1 5
m 3 6 7
m 3 3 1
m401
m 4 1 0
m 5 7 1
m 5 0 5
m 6 1 0
m 1 5 4
g 1 1 1
m 2 2 4
m 2 5 2
m 3 3 1
m 3 6 7
m 4 5 0
m 4 4 5
g 4 2 3
m 5 1 5
m 6 5 4
m1-1
m 1 7 6
m 2 6 2
m 2 0 7
m 3 2 2
m 3 2 6
b 4
m 5 7 5
m 1 0 7
m 1 2 7
m 2 5 7
b 2
p
m 3 7 5
m 4 7 1
m 4 5 1
m 5 3 0
m836
m 6 2 4
f 6
m 1 0 6
b 1
m222
f 2
m 3 2 3
m 4 4 4
f-4
m 5 3 1
m 6 7 1
m 6 6 2
m 1 7 0
b 1
m 2 3 0
m 3 6 5
b 3
m 4 5 2
p
m 5 4 0
m 5 1 7
m 6 3 0
m 6 1 7
m 1 6 2
m 2 7 7
m 3 6 5
m 4 2 3
m 4 3 1
f 4
m 6 2 1
m 6 3 1
m 1 2 4
m 1 6 6
q 1
m 2 4 7
b 2
g 2 2 2
m 3 5 3
m3-5
m 4 5 2
m 5 3 1
m 5 6 3
g 5 6 2
m 6 7 4
m 2 7 0
m 2 3 3
p

