B 6 4 3 11
m 1 0 5
m 2 4 0
m 2 1 2
m 3 2 3
m 1 2 5
b 1
m210
m 2 1 0
m 3 2 4
m 1 5 0
m 2 3 5
b 2
m 3 0 3
m 3 2 0
m 1 0 1
m 1 0 0
m 2 4 1
m 2 0 2
m 3 1 5
m 3 2 0
g 3 2 0
m 1 3 5
q 1
m 2 1 0
b 2
p
m 3 3 5
m 3 4 3
p
m 1 1 5
m 1 4 1
m 2 4 2
m 3 2 5
m 3 3 3
m 1 2 2
m213
m 3 2 3
b 3
f 3
m112
m 1 4 3
m 2 1 1
m 2 1 1
b 2
m 3 3 0
m 3 0 3
g 3 2 4
m 1 1 1
f1
m 2 1 3
m 3 1 2
m 3 2 3
m 2 1 5
f 2
q 2
m 3 0 1
m 1 1 3
m120
m 3 1 3
m 3 4 0
g 3 0 5
m 1 2 5
q 1
m535
m253
m 3 2 5
m 2 2 5
m 2 5 2
m 3 1 5
m 2 3 2
m 3 1 5
m 3 1 3
m 1 1 3
m 1 0 3
m252
g 2 3 0
m 3 1 3
m 3 5 2
b 3
m 1 1 5
m 1 0 1
m 3 1 3
m 3 0 1

