B 8 4 6 3
m 1 1 3
m 2 3 7
g 2 3 1
m 3 3 4
m 3 3 3
q 3
m 4 0 7
m 5 0 2
m 5 5 1
f 5
m 6 3 2
m 6 1 0
m 1 2 7
m 1 1 0
f 1
m 2 2 6
m 2 7 0
m 3 6 2
m 3 1 1
b 3
m 4 5 1
p
m 5 3 2
m 5 2 1
m 6 5 3
g 6 3 1
m 1 1 6
m 1 6 0
f 1
m 2 6 1
m371
m 3 4 1
m 4 0 2
m 5 0 2
m6Z34
m 1 2 3
f 1
p
q 2
m 3 1 0
m 3 4 2
m 4 0 2
m 6 2 7
m603
m 1 4 2
m 1 1 1
m 2 0 0
m 2 4 3
m 3 1 3
m 3 6 3
m 4 0 2
m 5 1 7
m617
m 1 1 0
g 1 2 6
m 2 1 2
m 3 1 0
m 3 7 0
m 4 3 0
04m
f 4
m 6 4 3
b 6
f 6
m 1 1 4
m 1 4 1
m 2 3 1
m 3 3 7
m 3 4 0
b 3
m 4 1 0
m 4 1 2
m 5 3 7
m 5 1 3
m 6 0 4
m 6 6 3
m1-10
q 1
m 2 0 1
m 2 0 2
m 3 2 1
m 3 0 1
f 3
q 3
m 4 2 7
m 5 2 3
m 5 0 3
m 6 2 5
m 1 5 0
m222
m 2 5 0
q 2
b 3
m 4 4 3
m 4 0 1
m 5 3 7
m 6 3 7
m 6 5 1
f 6
m 1 0 2
m213
m 2 2 0
m 3 1 7
m 3 1 0
g 3 3 2
m 4 1 7
m 5 2 2
m 6 2 7
m 6 3 0
m 1 2 1
m 1 7 0
b-7
m 2 0 4
m 3 4 2
m 3 6 2

