B 6 4 6 2
m 1 5 1
m 1 0 0
q 1
m 3 3 0
m 3 0 3
b 3
m 4 3 2
m 5 2 0
m 5 2 3
m 6 0 1
m 1 2 1
m 1 0 0
m 2 2 0
m 3 0 1
f0
m 4 3 3
m 5 2 2
m 6 1 1
f 6
m 1 0 5
m 2 2 0
m313
m 4 5 2
m 4 1 2
m 5 3 4
m 6 5 0
b 6
m112
b 1
g 1 1 1
m 2 1 3
m 3 5 1
m441
m 4 3 0
b 5
m 6 3 4
m 1 3 2
m22
m 3 1 3
b 3
m 4 2 1
m 4 2 0
f 5
m 6 0 4
m 1 3 3
g 1 0 2
m 2 2 4
m 2 5 2
m 3 1 3
g 3 0 2
m441
m 4 4 2
b 4
m 5 3 5
m 6 3 5
m 1 3 4
m 2 0 1
m 2 5 2
m 3 5 2
m 3 4 3
m 4 2 1
m 5 0 1
m 5 2 2
m 6 0 4
m 6 5 3
m 1 0 4
f 1
m 2 1 4
m335
g 3 1 0
m 4 1 4
m 4 4 1
q 4
m 5 3 4
b 6

