B 7 5 6 4
m 1 4 1
m 2 4 4
m 2 1 2
m 3 1 0
m 4 0 0
m 4 1 1
m502
m 5 0 4
m 6 0 6
m 6 0 4
6q
m 1 0 2
m 1 4 2
m 2 1 0
m 2 2 1
b 2
m 3 4 1
m 3 3 4
m 4 3 3
m441
m 5 0 3
m 6 0 6
m 1 0 4
m 2 0 5
g 2 0 1
m 3 3 5
m44Yÿ0
m 4 0 1
m 5 1 2
m 5 0 0
m 6 6 0
m 6 6 4
m 1 0 3
m 1 6 1
m205
m 2 1 3
b 2
m 3 4 5
m 3 3 4
m 4 1 4
m 4 0 4
m 5 3 4
m 5 5 4
m 6 2 5
b 6
m 1 4 1
b 1
m 2 0 3
m 2 2 2
m 3 1 5
m 3 2 1
f 3
m 4 4 0
m 5 3 4
m 5 5 2
m 6 0 2
m 6 3 0
m 1 6 2
m 2 1 2
m 3 0 5
m 3 3 2
m 4 6 2
m 5 0 0
m 5 2 1
g 5 4 3
m 6 3 4
f 1
q1
m 2 2 4
m 3 0 2
m 3 1 4
m 4 1 2
m402
m 5 1 3
f 5
m 6 3 4
m 6 2 2
q 6
m 1 3 5
b 1
m 2 1 5
m 3 3 5
m 3 2 1
b 3
m 4 5 1
f 4
m 5 0 0
m 5 6 2
m 6 4 0
m 2 3 5
m 3 1 5
m 4 3 2
m 4 2 0
q 4
m 5 0 5
b 5
q5
m 6 0 2
q 6
m 1 3 2
m 1 2 2
m 2 2 3
f 2
q 2
m 3 0 5
m 3 0 0
m415
m 4 3 4
m 5 2 2
pVm642
m 1 1 5
b 1
q 1
p
m 3 0 2
m 3 0 1
m 4 5 3
m 4 5 0
m 5 4 0
g 5 4 3
m 1 1 5
m 2 3 4
m 2 0 1
m 3 6 0
m 3 6 4
m43
m 4 6 3

