B 7 6 5 5
m 1 6 2
m 1 1 5
q 1
m 2 5 4
m 2 0 5
m 3 6 0
m 4 1 2
p
m534
m 5 2 2
g 5 2 1
p
m 1 2 3
m 1 6 5
m 2 1 1
m 3 3 0
m 4 4 2
m 4 0 1
m 5 6 0
f 5
p
m 1 0 0
q 1
m 2 4 6
m211
b 2
q 2
m 3 3 5
m 3 4 3
m441
m 5 1 3
5q
m 1 0 3
m 2 4 5
m 3 0 4
m323
p
m 4 1 6
m 4 1 2
f 4
\m5¹33
m 1 0 2
q 1
m 2 0 4
m 3 3 0
m 3 4 0
m 4 2 5
m 5 2 2
m142
m102
m 2 0 5
m 2 4 3
m 3 1 6
m 4 0 2
m 5 3 6
m 1 3 5
m 1 6 1
m 2 4 6
m 2 0 3
m 3 4 1
m 4 4 3
m 4 3 5
b 4
m 5 4 4
m 5 3 3
m 1 3 6
m-613
m 3 1 3
m 5 3 6
m 5 4 3
m 1 2 3
m 1 6 2
g 1 4 3
m 2 4 1
f 3
m 4 3 5
m 5 1 3
m 1 4 1
m 1 3 1
m 2 1 4
m 3 5 3
m 3 1 4
m 4 5 5
m 4 6 0
m 5 1 2
m 1 4 3
m 1 3 2
g 1 5 0
m 2 4 6
b 2
m305
g345
m 4 1 3
m 4 2 5
m 5 0 1
q 5
m 2 0 5
f 2
m 3 3 2
m 3 0 2
m 4 4 5
m 5 4 4
g 5 4 1
m 1 1 5
m 2 3 6
m 3 3 6
m330
m 4 3 2
m 4 4 1
p
m 5 0 1
m 1 4 2
m 1 0 3
f 2
m 3 0 1
m 4 3 4
q 4
m 5 6 2
f 5
m 1 4 1
m 1 5 3
m³204Ö
m 2 5 0
m361
f 3
m 4 1 0
m 4 6 4
m 5 4 6
m 1 1 0
m 1 5 3
m 2 3 6
m 4 3 2
m 5 6 4
m 5 5 5
m1þ002
m 1 3 2
m 2 0 1
m 3 3 6
m 4 6 0

