B 5 6 6 5
m 1 5 4
m 1 4 0
b1
m200
b 2
m 3 3 3
m 3 4 4
rmF4Ì02
m 4 1 1
b 4
q4
m436
m 6 1 5
m 1 5 3
m 1 3 4
q 1
m 2 4 0
m 3 2 4
m523
m 5 0 2
m 6 0 4
q 6
m 1 5 3
b1
m 2 0 3
m 2 2 4
m 3 2 4
m 3 0 0
m 4 0 2
m 5 0 3
m 5 1 2
m 6 5 2
m 6 4 1
b 6
m 1 5 3
m 1 2 0
m 2 3 0
m 2 3 1
m 3 5 3
m 3 4 0
p
m 5 1 0
m 5 4 5
m 6 3 5
m 1 3 4
m 1 4 5
m 2 1 2
q 2
m 3 2 4
m 3 3 4
f 3
m 4 4 1
m 5 3 1
m 5 4 4
m 6 1 0
m 6 0 1
m134
f 1
m 2 5 2
m 2 0 3
m 3 5 2
m 3 3 1
m 4 3 1
q 4
m 5 2 0
f 5
m 6 0 2
m 6 3 3
m 1 2 3
m 2 4 2
m 2 4 4
m 3 0 2
q 3
m 4 2 2
m 5 1 2
m 6 3 4
m 1 3 5
m 1 0 2
m 2 3 1
m 2 2 5
b 2
m 3 5 0
m 3 1 5
p
m 4 5 0
m 5 5 0
m 5 4 4
m1133
g 6 0 2
m 1 3 1
m 2 4 4
m 2 2 2
m 3 3 4
m 4 1 3
m 5 2 3
m 6 4 1
m 6 1 4
f 6
m 1 4 4
m 2 2 3
m 2 2 2
m 3 3 4
m 3 4 3
m 4 3 0
m 4 4 5
m 5 2 3
m 5 4 2
m 6 5 0

