B 5 4 5 2
m 1 3 0
m 1 0 1
m 2 1 2
q 2
m 3 1 1
m 3 0 0
m 4 0 1
m 5 1 3
p
m 1 3 4
m 1 1 1
m 2 2 2
b 2
m 3 1 4
f 3
m 4 3 4
m 4 3 0
m 5 0 4
m 5 4 0
m 1 1 2
m 1 3 0
f1
m 2 2 0
m 3 2 3
m 3 4 3
m 4 2 4
m 4 0 1
m 5 2 3
m 1 1 2
m 2 2 0
b 2
m 3 0 0
m 4 1 4
f 4
b 5
m 1 2 4
m 2 0 1
m 2 4 0
f 2
m 3 0 1
f 3
p
m 4 1 1
m 4 0 3
m 5 1 3
g 1 0 4
m200
m 2 0 2
m 3 3 3
m 3 4 3
m 4 3 3
m 4 3 0
b4
m 5 3 4
b 5
f 5
m130
m 2 1 0
m 2 4 3
m 3 2 4
m 3 3 0
b 3
f3
m 4 2 4
m 4 3 2
m543
m 1 3 4
m 2 3 4
m 3 1 4
m 3 1 1
b 3

m 4 1 3
m 4 0 0
m 5 1 2
m 5 1 0

