B 5 7 6 3
m 1 5 0
b 1
m 2 4 2
m 2 1 0
ûb2
m 3 0 3
m 4 3 5
m 4 4 5
m 5 1 0
m 6 6 3
m 6 0 3
m 1 4 6
m 3 1 5
m 3 1 0
f 3
q*µ3
m 4 6 1
m 4 0 1
q 4
m 5 1 3
q 5
m 6 6 3
b 6
f 6
m 1 3 3
m231
m 2 1 0
m 3 3 4
m 3 1 1
m 4 1 2
f 4
g 4 0 1
m 5 1 1
m 6 4 1
m 6 2 3
m 1 4 2
m 1 2 0
b 1
m 2 4 1
g 2 1 0
m 3 4 0
p
m 4 0 4
m 4 1 1
m 5 1 1
m 5 0 0
f 5
m 6 2 0
m 6 2 5
m 1 6 1
m 2 4 1
g 2 5 2
m 3 0 2
b 3
m 4 0 4
p
m560
m 6 6 0
m 1 6 2
m 2 6 0
b 2
f 2
m 3 2 3
m 3 3 0
m 4 4 4
m 5 3 4
m 5 4 6
m 6 4 1
m 1 6 0
f 1
m 2 0 0
q 2
m521
m 3 3 3
m 4 2 3
g532
m 6 1 0
m 6 0 6
m 2 1 3
f 2
m 3 0 4
m 3 4 2
p
m 4 0 3
m 5 3 3
f5
g 5 3 3
m 6 0 3
m 6 4 3
f 6
q 6
m 1 6 2
q 1
m 2 2 2
m 3 3 4
b 3
g 3 3 3
m 4 5 0

m 5 4 1
m 6 2 4
m 1 0 3
m 1 0 5
m 2 6 0
m 2 2 3
f 2
m 3 3 1
m 4 0 6
m 4 4 3
m 6 6 3
m 6 1 6
m 1 4 1
m 1 2 2
m 2 6 3
m 3 6 2
m 4 0 3
m 4 3 2
b 4
m 5 1 3
m 6 3 0
m 6 2 4
b 6
m 1 4 1
m 1 2 2
m 2 6 0
m 2 4 1
m 3 0 3
Æm306
m 4 1 3
g 4 5 3

