B 6 7 5 5
m 1 5 5
m 2 1 5
m 2 2 6
m 3 2 0
b 3
f 3
m 4 1 1
m 4 3 5
m 5 1 0
m 5 1 4
p
m 1 1 5
m 2 5 5
m 3 3 1
m 3 4 1
m 4 6 1
m 4 3 6
m 5 0 3
m 5 4 6
m 1 5 3
m 1 1 2
m 2 6 1
m 3 4 5
m 3 1 5
q 3
m 4 5 3
m 4 5 0
b 4
q 4
g 4 5 1
m552
m 5 2 6
m 1 2 0
m 2 0 4
b 2
m 3 1 0
m 4 5 2
m 4 2 1
m 5 5 0
b 5
m 2 3 5
p
m 3 0 5
m 3 2 4
m 4 4 5
m 5 3 1
m 1 0 0
m 2 2 4
m 3 3 4
m 4 0 4
m426
g 5 4 0
m 1 1 0
m 1 5 0
q 1
m 2 6 5
m 2 3 1
m 3 5 3
m 4 2 2
b 4
m 5 0 3
q 5
m 1 3 3
m 2 6 1
m 2 4 3
f 2
m 3 6 0
m 4 2 0
m 5 1 5
m 2 4 5
m 3 1 0
m 4 1 2
m423
m 5 3 1
m 5 4 5
b 5
m 1 6 0
m 1 5 1
m 2 3 1
m 3 0 2
m 3 0 2
q 3
m 4 3 6
m 5 4 2
b 5
q 5
m 1 4 5
f 1
m 2 0 1
m 2 1 6
m 4 5 2
m 5 4 5
m 5 0 1
b 1
m 2 1 5
m 3 0 3
m 3 5 0
m 4 2 4
p
m504
p
m 1 6 0
b 1
m 2 0 6
m 2 2 3
m1015
f 4
m520
g 5 2 1
m 1 5 4
m 1 4 3
m 2 1 5
m 2 2 6
m313-8
m 4 2 6
m 4 0 2
m 5 1 2
1m5
m 2 1 3
m 3 4 2
m 3 1 5
m 4 2 3
m 4 3 6
g 4 4 4
m 5 1 5
m 1 0 6
q 1
m 2 6 5
m 2 4 5
m 3 0 3
m 4 5 2
p
m 1 0 4
m 1 1 0
q 1
m 2 2 6
m 3 1 0
m 3 5 4

