B 4 6 5 2
m 1 0 3
m 1 3 5
m 2 5 2
m 2 0 3
m320
m 4 2 3
m 4 3 3
m 5 1 2
m 5 2 2
m 1 1 3
m 2 0 3
m 3 1 1
m 3 2 3
m 4 1 0
m 5 4 2
g 5 1 1
m 1 4 0
m 2 2 3
m 2 1 3
m 3 1 0
f 4
m 5 4 2
m 1 2 3
q 1
m 2 4 2
m 2 0 1
m 3 1 1
m 3 0 1
m 4 3 3
m 4 1 0
m 5 2 3
m 5 2 3
b 5
m 1 0 0
m124
q 1
m 2 1 3
f 2
q 2
g 2 2 1
m 3 0 3
q 3
m403
m 5 1 4
m 5 2 5
m 1 1 3
m 2 5 1
m 2 2 5
m 3 3 0
m 3 1 1
m 4 5 1
m401
m 5 2 0
p
m 1 4 2
m 2 3 5
b 2
m 3 1 2
m 3 2 0
g 3 3 3
m 4 5 0
m 5 3 4
m 5 2 4
p
m 1 2 3
m 2 3 3
m334
b 3
m 4 0 0
m 5 5 0
m 5 2 3
m 1 2 2
m 1 0 1
m 2 2 1
m 4 0 0
m402
m 5 1 2
m 5 1 4
m 1 2 3
m 2 2 5
m 2 1 5
b 2
m 3 0 1
m 3 2 0

