B 6 8 3 7
;m×115
m 1 3 5
m 2 2 0
m 3 6 0
m 3 2 4
m 1 6 4
m 1 4 6
m 2 6 5
p
m35
m 3 4 6
f 3
m 1 3 3
m 1 4 4
b 1
q 1
m273
m323
m 3 5 1
f 3
p
m 1 7 2
q 1
m 2 0 0
m 3 4 7
m 1 1 4
m 1 3 4
m 2 1 1
m 2 4 7
m 1 2 5
m 2 0 6
m 2 2 4
m 3 7 1
g352
m 1 5 5
m147
m 3 7 1
m 1 1 4
m 1 5 0
f 1
q 1
m 2 4 6
m 3 0 4
m 3 3 2
m 1 5 1
m 2 1 0
m 2 2 4
m 3 2 4
m 1 3 0
b 1
m 2 1 2
m 3 7 1
m 3 0 4
q 3
m173
m 1 4 4
q 1
m 2 1 2
q2
m 3 3 0
m 3 2 5
m 1 5 0
m 2 6 1
m 3 6 5
m 3 5 3
m 1 2 4
m 1 3 1
m 2 1 1
m 2 0 5
m 3 1 4
m 3 4 4
b 1
m 2 7 0
m 3 3 3
m165
m 2 6 3
m 2 3 4
q 2
m 3 2 5
m 3 1 6
m 1 0 4
m 1 0 6
q 1
m214
m 2 1 6
m 3 1 0
m 1 1 4
m 1 3 4
g 1 2 3
m 2 7 0
m 3 7 5
m 3 5 3
q 3
m 1 6 5
m 1 4 7
m 2 2 0
m 3 1 4
b3
m 1 3 1
m 1 3 4
m 2 5 6
m 2 4 4
m 3 5 4
m 3 5 1
m 1 3 4
m 1 0 1
b 1
g 1 6 5
m 2 0 4
m 2 1 3
m 3 4 4
m 3 2 7
m 1 7 0
m 1 0 3
m 2 4 1
m 2 2 6
f3
m 1 7 2
m 1 2 6
m263
m 2 1 0
f2
m 3 7 0
m 1 7 3
f 2
m 3 1 2
g 3 6 4
m 1 1 3
m 1 4 4
m 2 5 7
m 2 2 3
b 2
m 3 7 2
q 3
m104
b 1
p
m 2 7 0
m 2 0 1
m 3 1 2
m 1 6 3
m 2 0 7
m3310
m 1 1 4
m 1 1 2
m 2 2 0
q 2
m 3 2 4
m 1 2 0
m 2 3 4
m 2 4 4
m 1 4 1
m 1 4 4
m 2 4 2
m 3 0 4
m356
m 1 2 3
m 1 4 6
f 2
m 3 3 0
q 3
m 1 3 4
m 1 1 1
m 2 1 2
m 3 1 2
m122
m 2 2 6
m 3 1 2
f 3

