B 7 4 6 3
m 1 3 0
m 1 5 3
f 1
m 2 5 0
m315
m 3 6 1
m 4 3 1
m440
m 5 2 4
m 6 3 3
m 6 5 0
m 1 1 4
m 2 0 6
m 2 4 3
m 3 3 0
m 3 2 3
m 4 5 2
m 4 5 3
m 5 3 1
m150
m 6 2 1
q 6
m 1 2 0
m 1 5 3
m 2 2 4
m 2 3 3
f 2
m 3 1 0
p
m 4 6 0
m 5 0 3
m 5 3 1
m 6 2 6
f 6
m 2 2 3
f 3
m 4 1 1
m 4 2 0
m 5 0 3
b 5
m 6 4 3
m12-10
m 1 1 2
37m
m 2 3 2
m 3 4 1
f 3
m 4 2 2
m 5 3 6
m 5 4 0
m 6 2 4
b 6
m 1 1 0
m131
m 2 2 4
m 4 0 0
m 5 6 3
m 6 1 0
q 6
m 1 0 0
f 1
m 2 1 0
m 2 6 1
m 3 2 2
m352
m 4 2 6
b 4
m 5 0 0
m 5 3 2
m 6 3 1
m 1 1 2
m 1 2 2
m 2 3 0
m 3 1 0
m 4 5 0
m 4 0 3
m 5 3 0
m 5 4 3
m 6 2 0
m 1 4 0
m226
m 3 2 0
m 4 1 0
m 5 5 3
m 6 3 1
m 1 3 1
m 2 6 1
b 2
f 2
g 2 3 0

