B 4 8 6 4
m 1 0 2
f 1
m 2 1 3
m 3 7 1
m 4 3 3
b 4
m 5 1 1
m 5 1 7
m 6 3 0
m 6 1 1
m 1 7 3
m 1 2 0
m 2 4 1
m 2 0 6
m 3 2 7
m 4 5 2
m416
q 4
m 5 5 1
m 5 2 0
m 6 3 2
m 1 3 0
g 1 7 1
m 3 1 2
f 3
m 4 0 0
m 5 4 2
m 5 2 4
m 6 7 3
m 1 2 2
m 1 0 0
m 2 3 2
m 2 0 6
m 3 6 3
g 3 4 2
m962
b 4
m 5 1 0
m 6 6 2
m 6 1 2
q 6
m 1 2 0
m 1 1 7
m 2 4 1
m 2 2 5
f 2
m 3 0 6
m 4 4 0
m 5 6 2
m 5 1 6
m 6 3 5
m 2 1 3
m 3 4 0
p
m 4 1 1
m 5 1 3
m 6 7 3
m 6 1 5
b 6
q 6
m 1 1 2
g 1 3 3
m 2 0 6
m 3 4 0
m 4 3 0
m43
b 4
f 4
m 5 3 2
m 6 4 0
m 6 1 1
q 6
m 1 7 3
m 1 3 2
m 2 1 3
m 2 3 0
m 3 0 3
m 5 4 0
b 5
m 6 6 2
m 6 1 1
m 2 4 3
f 2
g 2 2 0
m 4 6 2
m 4 0 5
q 4
m 5 0 3
m 5 3 3
m 6 1 2
m 6 0 2
m 1 4 3
m 2 4 3
m 2 3 4
m 3 4 0
m 3 3 6
m 4 4 0
m7-5857497600227388275691756882373240241319689099088149292001860465333746236295368860647517439196888555738737499072303623419460074527469517439905338068501044011196589053530885373230233838958746391091519202735789612122786325723724676677439693663705242628505306333574670032673423347252295050447403907873917242828341715638044249259967052228658345566861895061513338565061615954952683204608318245085840028714803618623751818488258937591695209689921847147793756317230745107190045114568171794675510430064585694681153505744827108085226067901905918294932527018141050678829616957379070661810509050783213512189212295446767764914895396688989475426423097692913418590575872412208444448780200121318378257821617928064075694616745187693206666786453140444819026751236427364049945523741916156863637184101606416741851901537645370552166824419922851481817387476091777029432406640924459053777968477634338477851996271613668390967694254188580659576685840788843529356527097140403595190209831713211445965088241621594247782589556559569191709179965173562413114672264593942421821526088180032353938882587978209316576026821774703298900793628068547450965661807993418887921747437962217293092641331243612904369438879749848474966385466406834181848337641879726613154120618827
q 4
m 5 1 3
m 5 1 0
m 6 4 0
m614
m 1 1 2
b 1
m 2 3 6
m 3 6 2
m 4 6 2
m 4 3 6

