B 6 5 3 9
m 1 3 3
m 1 1 2
f1
m 2 2 4
p
m300
m 3 1 2
m 1 2 0
g 2 0 0
m 3 4 1
m 3 4 1
m 1 4 4
m 2 0 3
m 3 3 5
m 1 0 0
m 2 2 0
m 2 2 2
q 2
m 3 2 1
m 1 5 4
m 2 2 0
m 2 5 0
13m1
m 3 5 4
m 1 2 3
m 1 1 3
m 2 4 3
m 3 2 4
m 3 2 0
b 1
m 2 0 3
g 2 1 1
p
m 3 4 1
m 3 3 4
b3
m 1 1 0
b 1
p
m 2 2 2
m 2 2 0
m 1 1 0
m 1 2 4
m 2 4 1
m 2 5 2
m 3 4 3
m 2 0 3
m 2 0 2
m 3 2 0
m 3 4 1
m 1 2 4
f 1
m 2 2 1
m 2 3 2
g 2 1 4
p
m 3 0 4
(mNÑ104
m 3 1 5
m 3 0 3
m 3 2 1
m 1 0 3
m 1 5 2
m 2 3 5
m 2 0 2
b 2
m 3 0 3
m 1 3 5
m 1 1 4
p
m 2 1 0
m 2 0 2
m 3 1 5
m 3 0 0
m 1 5 3
m 2 5 0
q 2
m 3 2 1
m 1 1 0
m 2 1 3
m 2 0 2
f 2
g 2 4 0
m 3 1 5
m 1 0 4
b 1
m 2 1 3
m 2 0 3
f 2
m 3 1 0
m 1 1 5
m 2 1 3
m 2 2 0
m 3 1 2
m 3 5 2
m 1 0 4
f 1
m 2 1 5
m 3 1 3

