B 6 7 6 3
m 1 1 3
m 1 0 0
f 1
m 2 1 0
q 2
m 3 4 4
m 4 1 1
m 5 6 2
m 6 2 1
m 6 5 5
m 1 5 2
m 1 2 3
p
m 2 2 5
q 2
m 3 0 3
m 3 3 4
m 4 1 5
m 4 3 4
m 5 4 1
m 6 4 3
m 1 1 0
m 1 4 3
g 1 3 4
m 2 3 3
f 2
m 3 4 1
m 3 0 5
m 4 1 5
m 5 5 4
m 5 5 4
m 6 1 3
m 6 1 2
m 1 6 1
m 2 3 5
m 2 2 0
b 2
m 3 4 1
m 4 6 5
m 5 2 6
m 6 5 4
m 6 2 6
m 1 1 4
b 1
m222
q 2
m 3 0 4
m 4 0 5
m 4 0 0
m 5 2 0
m 6 0 3
m 6 5 5
q 6
m121
m 2 6 3
m 3 4 6
q 3
m 4 5 4
m 5 3 5
m 5 5 2
m 6 6 3
m 1 6 0
m152
m 2 4 3
b 2
g 2 6 2
m 3 6 0
f 3
m 4 2 4
m451
g 4 5 5
p
m 5 6 5
m 5 3 0
m604
m 6 5 0
f 6
m 1 5 1
m 1 1 6
b 1
m 2 1 3
m 2 5 1
m 3 6 1
m 3 3 3
m 4 0 3
m 5 2 5
m 5 2 6
p
m 6 1 0
m 6 0 3
m 1 2 2
m 1 2 2
m 2 2 0
m 3 1 4
m 4 5 6
f4
m5-51
m 6 6 1
q 6
m 1 2 0
m 2 2 1
m 2 0 4
b 2
m 3 6 3
g 3 0 0
m 4 2 0
b 4
m 5 5 4
m 6 2 6
m 6 4 0
m 1 1 0
m 1 2 3
m 2 4 0
m 3 2 0
m 4 2 3
f 4
g 4 4 0
m 5 6 5
m 5 5 6
m 6 4 0
q 6
m 1 1 3
m 1 0 6
m 2 1 3
m 3 0 4
m 4 3 5
m 5 0 5
m 6 2 0
m 1 0 5
m 2 0 3
m 3 2 4
m 4 1 6
m 5 2 0
m 5 1 5
p
m 6 2 0
m 6 3 3
b 6
m 1 6 3
m 2 0 4
m 3 2 0
m 3 2 0
q 3
m 4 1 3
m 5 5 4
m 5 5 1
m 6 6 5

