B 5 7 3 3
m 1 3 2
m 2 4 6
m 3 5 2
m 1 5 1
b 1
m 2 1 2
m240
m 3 3 0
b 3
m 1 5 0
m 2 5 3
m 3 3 1
m322
b 3
f 3
m 1 4 1
m146
m 3 0 1
f 3
q 3
m 1 0 3
m 2 2 0
m 2 3 4
m 3 2 4
m 3 3 4
m 1 0 0
p
m 2 6 2
m 2 1 6
m 3 6 2
m 1 3 6
m21
p
m 3 3 2
m 3 4 0
m 1 4 2
m 2 3 3
b 2
m 3 3 4
m 1 0 2
m 2 0 2
m 2 0 2
m 3 4 5
p
m 1 6 1
m 2 5 2
m 2 1 5
m 3 3 4
m 1 1 5
m 3 3 4
m 1 4 3
b 1
m 2 0 1
m 2 0 6
m 3 3 6
m 3 4 0
m 2 6 3
m 3 1 6
m 1 3 4
b 1
m 2 4 4
m 3 4 0
m 3 0 1
m 1 0 1
m 2 4 0
m 3 0 1
m312
m 1 5 2
m 1 0 4
m1054
m 2 1 3
m 3 0 2
m 1 6 0
m 1 1 5
m 2 5 4
m 2 0 3
m 3 4 4
m 3 0 4
m 1 4 3
m 3 1 0
m 3 0 4
f 3
m 1 6 0
m 2 0 5
m 2 1 6
q 2
m 3 4 3
m 1 3 2
m 1 1 0
m 2 0 0
m 2 4 1
m 3 2 6
m 3 2 1
b 3
m 1 5 0
m 1 2 6
g 1 3 2
m 2 4 1
m 2 0 3
m 3 6 1
m 3 1 5
p
m 1 6 3
m 1 3 4
m 2 0 1
m 3 0 1
m332
m 1 4 2
q 1
m 1 5 3

