B 6 7 6 4
m 1 5 2
q 1
m 2 1 0
m 2 5 5
m 3 2 0
m 3 4 5
m 4 5 1
b 4
m5-41
m 6 3 5
m 6 0 1
m142
m 2 4 2
m 2 1 1
m 3 4 2
q 3
m 5 1 4
m 5 5 2
m 6 5 1
m 1 1 4
m 1 4 5
m 2 5 0
m 2 4 3
m 3 6 4
m 4 5 0
m 5 6 1
m 6 2 1
m 1 3 3
m 2 6 2
m 2 1 1
m 3 3 6
m 3 4 1
m 4 6 1
m 4 4 5
m 5 4 0
b5
p
m 6 4 0
m 1 1 1
m 2 3 2
b 2
m 3 4 6
m 3 3 2
m4-30
m 5 6 1
m 6 3 1
m 6 3 1
m 1 4 2
m 1 1 4
m 2 5 0
m 3 5 1
m 3 5 4
q 3
m 4 2 1
m 5 5 5
g 5 1 5
m 6 4 3
m 1 4 4
m 1 1 5
m 2 5 0
f 2
m 3 2 1
m 3 3 2
m 4 5 0
m5611
f 6
m159
m 2 0 2
m 3 6 1
m 4 4 3
m 4 1 4
m 5 4 2
m 5 3 2
q 5
m650
q 6
m121
m 1 0 5
1f
m 2 2 0
m 2 1 4
b 2
m 3 5 2
m 4 0 0
m545
b-1
m 6 3 1
m 1 0 2
b 1
m 2 2 0
m20-1
m 3 4 4
m 4 0 3
m 5 4 0
m 5 5 0
m 6 3 6
m 6 4 3
m 1 3 0
m 2 4 0
m 2 1 4
m 3 3 4
m 4 3 5
m 5 4 5
m 5 3 2
m 6 3 5
q 6
m 1 3 1
m 2 1 4
m 2 1 5
m 3 4 0
m 3 0 2
m 4 4 3
m 4 1 4
b 4
m 5 6 1
f 5
p
m 6 2 2
m 1 4 5
m 1 3 1
m 2 0 3
m30-7
m 3 4 6
m715
m 4 0 1
m 5 5 5
m 6 2 3
m 1 4 3
m 1 5 1
mÑÒ22j1
m23
m 3 3 5
m 3 3 6
b 3
f 3
m461
q1
m 5 6 5
m 5 2 0
m 6 6 5

