B 5 7 6 6
m100
m 2 1 1
f
m 3 6 3
m 3 3 6
m 4 3 5
m 4 3 5
m 5 3 4
m 6 6 1
f 6
m 1 2 0
m 3 1 4
m 4 5 1
m 5 1 0
m 6 4 2
m 6 0 5
m 1 2 2
f 1
m 2 3 3
m 2 1 3
Lq©2
m 3 4 6
m 4 3 4
m41-4
m 5 1 5
g 5 3 3
m 6 5 4
m 6 3 1
g 6 6 4
f 1
q 1
m 2 5 4
m 2 4 3
m 3 0 3
m 3 0 0
b 3
m 4 6 0
m502
m 6 4 4
m 1 6 2
m 1 0 0
m 2 6 2
m 3 2 6
m 4 1 0
m 5 3 2
m 6 2 2
m 6 3 0
f 6
m 1 4 2
m 2 4 2
m 2 1 3
m 3 1 1
m 3 3 6
m 4 2 1
m 5 0 4
m 5 3 1
m 6 0 4
m 6 1 4
q 6
m 1 0 0
m 1 0 3
m 2 3 2
q 2
m 3 5 4
m 3 1 0
m 4 6 0
m 4 1 0
m 5 2 1
m 5 1 1
m 1 4 2
m 1 3 1
m 2 0 4
m 2 4 0
b 2
m 3 1 4
b 3
m 4 4 2
b 4
m 5 6 0
m 5 3 0
m 6 4 2
m 6 4 2
p
m 1 0 5
m 2 3 2
m 2 3 1
m 3 1 4
m 3 3 0
m 4 2 1
m 4 2 2
b 4
g 4 2 0
b 5
m 6 5 2
m 6 1 5
m 1 2 1
m 2 1 2
b 2
m 3 5 2
f 3
m 4 4 2
m 4 4 3
m 5 5 2
m 6 4 2
m121
m 2 4 4
m 3 2 5
m 4 1 0
f 4
m51
m 6 1 4
m 6 3 0
f 6
m 1 1 4
m 1 1 1
m 2 0 1
m 2 4 3
p
m 3 5 4
m 3 4 0
m 4 1 4
m 4 2 0

