B753B 7 5 3 8
m 1 3 5
m 1 0 2
f 1
m263
q 2
m 3 4 1
m 1 4 4
m 1 6 1
m 2 3 4
m 2 3 4
m 3 1 3
m 3 4 2
m 1 2 0
q1
m 2 0 0
52m
m 3 4 2
f 3
m 1 2 2
f 1
m 3 2 0
m 3 3 4
m 1 1 1
m 2 2 1
m 2 4 2
m 3 2 6
m 3 3 1
q3
p
m 1 4 1
m 1 5 1
m 2 4 1
m 3 2 5
m 3 4 3
m 1 6 3
m 1 3 1
m 2 0 5
b 2
m 3 1 2
m 1 4 6
m 2 4 0
m 3 4 2
m 1 3 2
m 2 0 1
m 2 5 4
m 1 4 2
m 1 2 3
f 1
q 1
g 1 4 1
m 2 1 1
m 3 0 1
m 2 2 6
m 2 6 4
m 3 4 0
m 3 4 2
m 1 3 3
b 1
q 1
m 2 4 0
m 2 6 0
q 2
m 3 5 4
b3
m 1 3 0
m 1 1 4
m 2 2 0
m 2 4 4
m 3 4 2
m 1 2 6
m 1 4 3
m260
m 3 1 4
m 1 3 0
m 1 0 1
q1
m 2 0 1
m 2 6 0
q 2
m325
m 1 6 2
p
m 2 5 3
f 2
m 3 2 5
m 3 5 2
g 1 0 4
m 2 4 0
m 3 0 1
m 3 1 1
f 3
m 1 4 0
m 1 3 1
023m
m 2 6 2
m 1 4 2
m 2 3 0
m 2 4 2
q 2
m 3 0 5
m 3 0 0
m 1 5 1
m 2 6 0
m 3 4 2
m 1 0 5
m 1 1 1
m 2 1 1
m 3 4 0
m 3 0 1
g 3 4 3
m 1 0 1
m 1 1 4
m 3 3 4
m 1 0 2
b 2
p
m 3 0 1
m 1 2 1

