B 5 8 3 11
m 1 7 0
m171
m 3 3 2
m 1 0 2
f 1
m 2 3 1
m 3 4 3
p
m 1 4 5
m 1 4 2
m 2 7 0
m 2 2 2
q 2
g 2 3 4
m 3 3 0
m 1 0 6
m 2 6 4
m 3 2 0
m 3 0 7
m 1 4 0
m 1 2 3
m 2 6 4
q 2
m 3 7 1
p
m 1 0 4
m 2 7 1
m 3 7 1
m 3 2 4
g 3 2 2
m 1 4 0
m 1 4 3
f 1
m 2 3 1
m 3 1 1
m 3 2 3
m 1 0 7
m 2 7 2
m 3 1 0
m 1 3 3
m 1 0 1
m 2 4 1
m 2 3 0
q2
m 3 5 0
m 3 4 3
m123
b 1
m24
g 2 1 0
m 3 1 2
q 3
m 1 7 3
m 1 2 3
m 3 2 6
m 3 3 5
m 1 7 4
m 2 7 2
m 3 7 2
m 1 1 2
m 2 3 0
m 3 4 3
m 1 5 1
q 1
m 2 1 2
b 2
q 2
m 3 7 3
m 3 3 3
m 1 6 3
m 1 1 7
m 3 7 3
m 3 4 0
m 1 4 3
m 2 6 3
m 2 1 4
m 1 3 1
m 1 0 1
m 2 5 0
m 2 2 2
m 3 6 4
m 3 3 1
f 3
m 1 2 2
m 1 4 2
f 1
m 2 7 4
m 3 7 3
m 1 7 3
m 1 3 6
f 1
m222
g 2 6 1
m 3 7 4
m 1 3 0
m 2 4 3
f2
m 3 5 0
m 1 1 0
m 1 2 0
g 1 7 2
72m4
m 2 1 3
m 3 0 7
p
m 1 1 1
m 1 3 4
f 1
m 2 7 3
m 3 1 2
f 3
q 3
m 1 4 1
b 1
m 2 7 4
b 2
q 2
m 3 3 0
m 1 1 4
m 2 1 3
m 2 1 3
m 3 5 1
m 1 7 4
g 1 0 2
m 2 5 2
m 2 0 1
q 2
m 3 3 0
m 3 0 7
m11
m130
f 1
m 2 7 4
m 3 1 2
b 3
m 1 4 3
m 2 6 4

