B 4 7 4 7
m 1 1 6
m115
b1
m 2 0 4
m 2 2 2
m 3 4 1
q 3
m 4 0 1
m 1 0 2
m 1 0 4
b 1
m 2 1 2
m 3 1 3
m 4 2 5
m 1 6 0
m 1 3 6
m 2 5 3
p
m 3 0 2
m 4 1 2
m 4 3 5
m 1 3 5
m 1 2 2
m 2 0 2
m 2 1 0
b 2
m 3 2 0
m 4 0 0
m 4 1 1
m 1 1 3
p
m 2 3 2
m 2 3 2
m 3 6 0
m 3 1 1
m 1 6 2
m 1 1 4
m 2 1 3
m 2 2 3
f 2
m 3 6 0
m 4 0 5
m 4 1 6
f 4
m133
m 1 1 4
m 2 6 0
m 2 0 3
m 3 2 3
m 3 1 3
q 1
m 2 0 3
m 3 0 1
m 3 3 3
b 3
m 4 6 0
m 4 0 4
m 1 2 6
f9
q 2
m 3 1 3
f 3
m 4 1 2
m 1 1 2
210g
m 2 6 0
m 2 2 5
f 2
m 3 1 3
m 4 2 0
m111
m 2 3 0
m 3 4 3
m 3 2 1
m 4 1 3
m 1 4 2
m 1 1 5
g 1 0 1
m 2 6 0
m 2 2 4
f 2
m 3 3 3
m 4 2 3
m 1 1 3
m 2 6 0
m 3 0 0
m 4 1 3
m 1 4 3
m 1 1 1
m 2 1 5
m 2 0 3
m 3 6 0
m 4 1 3

