B 5 4 5 5
m 1 1 1
m 1 2 2
m 2 0 1
b 2
f 2
m 3 1 3
p
m 4 1 0
m 4 2 3
m 5 0 2
m 5 4 3
f 5
m 1 3 0
m 2 3 0
m 2 4 0
m 3 3 0
m 3 0 3
m422
m 4 2 3
m 5 2 0
m 5 4 3
b 5
m 1 2 4
m 2 0 0
m 2 3 2
m 3 1 2
m 3 4 0
m 4 2 4
m 4 1 2
m 5 3 3
m 1 2 4
m 2 1 2
b 2
q 2
m 3 0 3
m 3 4 2
b 3
m 4 1 4
m 4 0 1
m 5 1 3
m 1 1 3
m 1 0 3
m 2 1 0
q 2
m 3 1 3
p
m 4 1 0
q 4
m 5 1 3
m 5 0 0
m 1 1 2
m122
g 1 0 1
m 2 0 1
m 2 4 0
q 2
m 3 1 3
m 4 1 2
m 4 1 0
f 4
m 5 1 3
m 1 1 3
m 2 1 2
m 5 1 3
m 5 4 0
p
m 2 1 2
m 3 4 3
f 3
m 4 0 2
m 4 1 3
m 5 0 1
m 5 0 0

