B 5 4 5 3
m 1 1 3
m 1 1 3
m 3 1 1
m 3 0 1
m 4 3 3
m 5 4 3
f 5
m 1 1 0
m 2 0 1
m 2 3 3
f 2
q 2
m 3 2 2
q 3
m 4 1 0
m 4 3 0
m 5 2 1
m 1 0 4
m 1 0 2
m 2 1 4
m 3 1 0
m 4 0 2
m 4 1 2
m510
m 5 0 0
m 1 1 4
m201
m 3 1 4
m 4 1 4
q 4
m 5 2 3
m 5 1 1
f 5
m 1 1 0
m 2 1 4
m 3 3 3
m301
m 4 1 4
m52
m 5 0 1
m 1 0 4
m 1 2 0
f 1
g 1 0 0
m 2 0 4
m 3 1 2
m 3 4 3
q 3
m 4 3 2
m 5 1 3
m501
m 1 2 4
f 1
m 2 0 3
m 2 0 2
m 3 4 1
m 3 3 3
m 4 2 4
m 4 1 0
m 5 1 3
m 1 2 1
m 1 3 0
f 1
m 2 1 3
q 2
m 3 0 4
m 3 0 2
b 3
m 4 3 2
m524
m 5 0 3

