B 8 7 4 12
m 1 5 0
b 1
b 2
m 3 2 0
m 4 1 1
m 4 2 4
q 4
m135
m 1 0 3
m 2 5 5
m 4 3 4
m 1 0 1
m246
g 2 1 0
m 3 2 7
m 4 3 6
b4
y»m123
m 1 7 1
q 2
m 3 3 0
m 4 3 6
m 1 7 4
m 1 2 0
b 1
m150
f 2
m 3 6 0
m 3 2 5
b 3
m 4 2 6
m 4 2 6
f 1
g 2 0 3
m 3 0 7
p
m 4 3 1
m 4 3 4
m 1 5 7
m 1 0 2
m 2 1 6
m 2 3 0
m35
m 3 2 2
g 3 5 5
m 4 2 1
m 4 5 4
m 1 5 4
m 2 7 4
m 3 6 5
m 3 2 4
b 3
m 4 2 1
m 4 1 4
b 4
m 1 4 4
m 1 1 3
g 1 6 2
m 2 0 7
m 2 5 6
m 3 3 4
m 3 1 3
m 4 3 2
m 4 7 6
q 4
m 1 6 0
m 2 6 0
b 2
m 3 2 5
m 4 5 0
m 1 2 5
m 1 3 1
m 2 0 0
b 3
m 4 4 6
m 4 7 5
m 1 2 4
m 1 5 3
m 3 2 6
m344
q 3
m 4 0 1
m 4 7 5
m 1 4 6
m 2 3 3
m 3 5 4
m 3 1 4
m 4 5 0
m 1 5 1
m 1 2 5
m 2 0 2
q 2
m 3 5 0
m 4 5 0
m 4 4 0
m 1 4 0
q 1
m334
m405
m 4 6 2
m 1 4 6
f 1
m 2 6 2
f 2
p
m 3 6 0
m331
q 4
p
m 1 0 2
m 2 0 7
m 3 5 0
m341
m 4 2 7
m13
f 1
m 2 3 6
m 2 7 4
m 3 6 1
m 4 2 4
m 4 7 0
m12
g 1 1 4
m 2 0 1
m 2 3 0
m 3 0 4
m 3 6 5
m 4 2 7
f 2
q 2
g 2 0 6
m 3 2 5
m 1 2 4
m 2 6 6
m 2 6 1
m 3 0 4
g 3 6 6
m 4 3 7
m 4 1 2
m 1 2 6
b 2
m 3 2 4
b 3
m 4 5 5
m 1 0 1
m 2 0 1
m 2 4 5
m 3 6 6
m 4 2 7
m 4 1 0
m 1 3 4
q 1
m 2 2 7
m 2 7 2
m 3 3 4
p
m 4 6 0
m 1 3 7
m225
m 2 4 2
m 3 2 5
m 4 6 0
m42ã6
m 1 3 7
f 1
m 2 2 5
m 3 4 6
f 3
m 4 5 4
m 1 2 4
m773
m 3 6 0
m 4 5 1
m 1 3 4
m 1 7 5
m 2 3 6
m 2 6 5
m 3 4 6
m 3 4 2
f 3
m 4 6 3
b 4

