B 6 7 6 8
m 2 5 1
m31
b 4
m 5 5 5
m 6 3 0
m 6 5 1
b 6
q 6
m 1 0 0
m 1 0 4
f 1
g 2 0 0
m 3 3 4
m 3 5 2
m 4 1 0
m 4 1 6
b 4
m 5 4 5
m 6 2 0
m 6 3 2
g 6 4 0
m146
m 2 2 4
q 2
m 3 3 3
m 3 2 1
m 4 3 4
m 5 4 1
m 1 4 4
q 1
m 2 0 3
m 3 0 0
m 3 4 4
m 4 2 1
m 4 1 3
m613
m 1 3 4
m 2 3 0
m 3 5 0
m 4 5 2
m 5 5 3
m 6 2 0
m 6 3 2
m 1 5 5
m 1 4 6
f 1
m 2 3 2
p
m 3 4 5
m 3 1 3
m 4 3 4
m442
m 5 2 2
m 6 3 2
m605
p
m 1 1 4
m 2 6 0
m 2 2 3
f 2
m 3 5 3
m 4 4 4
m 5 1 0
m 5 2 6
p
q 6
p
m 1 6 5
m 2 3 4
m 2 0 2
q 2
g 2 4 1
m 3 2 1
b 3
m 4 5 3
m 4 4 2
m 5 2 6
m 5 5 6
m 6 5 2
b 6
q 6
g 6 6 2
p
m 1 5 3
m 2 5 1
m 2 3 4
m 3 6 0
p
m 4 5 1
m 4 3 3
m 5 3 4
m55
m 6 1 1
m 1 2 5
m 2 4 5
m 2 1 2
m 3 5 3
m 4 5 4
f 4
m 5 3 0
q 5
m 6 6 3
m658
m 1 3 6
m 2 5 1
m 3 4 1
m 3 0 1
m 4 4 6
m 4 1 5
b 4
m 5 3 6
m 5 2 5
m623
m143
m 2 6 0
m 2 5 4
m 3 0 4
m 3 2 5
m 4 6 0
m 1 4 1
m 2 1 3
g 2 2 4
m 3 0 4
b 3
m 4 5 3
m 4 1 0
q 4
g 4 0 1
m 5 0 4
m 5 5 5
m 6 6 0
m 2 4 5
m 3 5 3
m 4 1 3
m 4 2 4
f 4
m 5 1 3
m 5 4 6
q 5
m 6 5 1
m 6 1 2
f14

