B 5 5 4 7
m 1 4 0
m 1 3 2
m 2 4 2
m 3 4 3
m 3 2 2
b 3
m 4 1 0
m 2 4 4
m 2 3 3
m 3 4 2
m 3 1 2
q3
m 4 0 2
m 1 1 3
m232
m 2 0 4
b 2
m 3 1 0
b 3
q 3
m 4 0 0
m 4 4 3
f 4
m 1 4 2
m118
m 2 0 2
m 2 1 1
m 3 3 2
m 3 0 4
f3
m 4 4 2
m 1 4 2
m 1 0 3
m 2 1 0
m 3 1 0
m 3 3 0
q 3
m 4 1 3
m 4 3 3
m 1 3 2
m 1 4 0
b 1
m 2 3 0
m122
m 3 4 3
m 4 4 1
m 4 0 3
b 4
g 4 0 3
p
m 1 1 3
m)242
m 2 2 0
m 3 4 3
m 4 4 2
m 4 0 3
m 1 1 0
m 1 3 0
m 2 3 2
m 2 1 1
m 3 4 4
m 4 3 1
m 4 3 3
m 1 1 0
m 1 1 0
m 2 4 2
m 2 1 1
b 2
m 3 1 0
m 4 3 2
m 1 2 3
q 1
m 2 4 3
m 2 2 0
b 2
m 3 3 0
m 4 1 0
m 4 0 0
m 1 4 2
m 1 1 1
m243
b 2
b 3
f 3
m 4 4 1
m 4 4 4
m 1 4 1
m 2 1 0
m 2 4 4
m 3 3 2
m 4 3 2
b 1
f 1
m 2 2 1
m2-60

