B 5 4 3 7
m 1 1 0
m 1 3 3
m 2 2 0
m 3 0 4
m 3 4 1
f 3
m 1 3 0
m10
f 1
m 3 2 1
m 3 1 2
m 1 0 1
m 1 3 3
m 2 2 0
m 3 4 2
m 3 1 3
b 3
m 1 2 0
m 1 0 3
q 1
m 2 0 0
m 2 3 0
m 3 3 0
p
m 1 0 0
m 1 4 0
q 1
m 2 1 3
p
m-6-60
m 1 1 1
m 1 4 1
m230
f 2
m313
m 1 3 0
b 1
f 1
m 2 3 4
m 3 0 3
m 3 2 0
f 3
p
m 1 3 2
m 2 2 2
m 2 2 1
m 3 3 4
m 3 1 2
g 3 2 2
m 1 3 4
m 1 2 2
m 2 3 4
m 2 2 0
m 3 1 3
q 3
m 1 1 3
m 1 1 0
m 2 2 2
m 3 3 2
m 3 1 1
b 3
g 3 0 2
m 1 2 0
m 2 1 3
m 2 1 2
g 2 1 0
m 3 1 3
m 3 4 1
11m3
m 1 1 0
f 1
m 2 4 2
m 3 2 0
m 3 4 2
f 3
m 1 1 3
m 1 1 0
m 2 1 3
m 2 3 3
b 3
m 1 4 3

