B 5 5 3 8
m 1 1 2
q 1
m 2 2 2
m 2 0 0
f 2
m 3 3 3
m 1 1 0
m 2 0 0
m 3 2 2
m 1 0 4
m 1 4 0

m 2 2 3
m 3 0 2
m 3 2 1
f3
m 1 0 2
m 1 0 1
m 2 0 3
m 2 3 1
b 2
f 2
m 3 2 3
m143
m 1 1 3
m 2 4 4
m 3 0 4
m030£4
m 1 1 1
m 2 1 4
m 2 0 0
m 1 0 2
m 2 0 2
m 2 4 1
m 3 4 3
m 3 1 1
f 3
m 1 3 3
m 2 2 4
q 3
g 3 4 1
m 1 1 1
m 2 4 3
m 3 2 4
m 2 4 4
f 2
m 3 0 2
m 1 2 3
m 1 4 4
b 1
m 2 0 3
m 2 2 3
m 3 2 3
m 1 2 3
m 1 1 2
m 2 0 3
m 3 0 2
m 1 4 3
m 2 2 3
m 2 1 1
p
m153
m 1 4 4
m 2 4 3
m 2 4 0
m 3 4 0
m 1 0 2
m 1 1 1
m 2 4 3
m234
m 3 1 2
m 3 2 0
m 1 4 1
m 2 2 3
m364
m 1 2 4
m 1 0 2
m331
m 2 0 2
b 2

