B 4 6 3 5
m 1 4 3
m 2 3 1
m 2 3 5
m 3 0 3
m135
b 1
m 2 5 2
m 3 5 1
m 3 1 2
m 1 1 5
m 2 1 1
m 2 2 0
m 3 0 3
m 1 2 3
m 2 3 3
m 2 3 0
b 2
m 3 4 1
m 2 2 3
m 3 0 1
m 3 3 3
m 1 2 0
m 2 4 1
m 3 2 1
m 3 1 2
g 3 5 1
m 1 2 4
b5
p
m 2 2 0
m 3 4 0
m 3 2 5
m 1 0 0
q 1
m 2 2 0
m 3 4 3
m 3 1 1
b 3
f 3
m 1 0 1
m 1 1 3
m 2 5 0
m 3 1 0
m 3 3 2
m 1 2 3
m 1 0 0
f 1
q 1
m 2 2 2
m 2 3 0
m 3 4 1
m 3 3 1
m 1 5 0
m 1 3 2
p
m 2 2 0
b 2
m 3 0 1
m 3 3 0
m 1 4 1
m212
m 2 2 0
m 3 2 0
m 1 0 1
f 1
q 1
p
m 3 4 0
b 3
m 1 4 3
m 1 3 0
m 2 0 3
m 2 0 5
b3-
m 3 4 3
b 3
p
m 1 2 3
q 1
m 2 0 1
b 2
m 3 2 0
m 3 2 1
m 1 0 1
m 2 2 0
m 2 3 3
q 2
m 3 3 3
m 3 3 1

