B 6 6 5 5
f 1
m 2 2 2
m 2 1 1
b 2
m 3 5 1
b 3
m 5 0 0
b 5
m 1 3 2
m-500
m 2 3 2
m 2 2 0
m 3 5 2
m 3 5 4
m 4 1 4
m 4 3 5
m 5 0 1
m 5 1 4
m 1 5 0
m 3 5 5
m 3 0 5
m 4 4 4
m 5 3 0
m 5 4 4
m 1 0 4
q 1
m2T43
m352
m 4 2 0
m 5 2 1
m 1 5 1
m 1 4 1
g 1 1 0
m 2 3 1
m 2 3 2
m 3 0 2
q 3
m 4 1 0
f 4
m 5 3 0
g 5 4 1
m 1 2 3
m 2 2 1
m 2 2 0
m 3 2 1
m 3 3 0
m 4 2 4
m 4 3 4
m 5 0 3
m 5 3 3
m 1 5 4
Åmx252
m 3 2 1
m 4 4 5
m 4 5 3
g 4 0 5
m 5 1 3
m151
m 1 0 3
m 2 0 4
m 2 3 1
m 3 2 1
m 4 3 3
m 4 0 3
m 5 2 1
m 5 0 0
m 1 5 0
m 1 4 3
m 2 5 1
m326
m 3 5 0
m 4 5 1
m 4 5 1
f 4
m 5 0 4
m 5 0 5
m 1 2 1
m 2 1 3
m 3 0 3
m 4 2 1
m 4 5 2
m 5 2 1
m 1 1 3
m 2 2 1
m 2 1 0
m 3 5 1
m 4 5 3
m 5 2 4
m 5 2 3
b 5
m 1 5 2
m 2 2 4
b 2
f 2
m 3 2 4
m 4 1 2
m 4 5 5
f 4
q 4
m 5 2 4
m 5 4 1
m 1 5 2
m 2 0 0
m 2 0 3
m 3 0 4
m 3 2 0
m 4 5 2
m 5 0 4
m 5 0 5
m 1 0 0
m 1 0 4
m 2 2 4
m 3 5 2
m 3 2 4
m 4 1 1
m 4 5 2
f 4
m 5 0 4
m 5 5 1
q5
m 1 5 1
m 1 0 0
q 1

