B 8 5 4 3
m 1 1 4
m 1 1 0
m 2 4 3
f 3
m 4 4 7
m 1 1 7
m 2 4 6
q 2
m 3 3 5
m 4 0 3
m 4 4 4
q 4
m 1 4 6
m 2 2 0
b 2
m 3 6 2
m 4 0 4
m 1 1 4
m 2 2 3
f 2
m 3 4 1
m 4 0 0
m 4 5 4
m 2 6 1
m 2 1 4
m 3 1 7
b 3
m 4 1 1
m 1 4 1
m 2 6 3
m201
q 2
m 3 2 0
m 3 7 4
m 4 1 0
m 4 3 2
m 1 0 3
m 1 5 4
m 2 1 0
m 2 3 2
m 3 2 7
m 3 4 4
p
m 4 1 1
b 4
m 1 2 5
m 1 4 1
m 2 3 3
q 2
q 3
m 4 2 4
m 1 4 4
m 1 7 1
m 2 3 4
m 2 7 0
m 3 5 0
q3
m432
m 1 2 7
m 2 4 1
m 3 0 3
m 4 1 6
m 1 1 0
m 1 4 4
m 2 2 0
p
m 3 2 0
m 4 2 5
f 4
m 1 3 1
m 1 5 1
m 2 2 4
f 2
m 3 2 4
m 4 1 5
m 1 2 7
m 1 2 0
m 2 3 5
m 2 2 0
m 3 3 7
m 4 7 2
m43-7
b 4
m 1 3 4
g 1 4 0
m 2 3 1
m 2 0 3
m 1 3 1
m 1 6 4
m 2 2 2
m 3 3 7
m 4 0 5
m 4 3 4
q 4
m 1 2 7
m 2 5 2
m 2 7 0
m 3 0 5
m 4 3 7
m 1 0 5
m 1 5 1
q1
m2ª-ú1ä6
m 2 2 0
m 3 1 2
m 4 0 5
m 1 0 4
m 2 1 6
f 2
m360
m 3 3 1
m100
m 2 1 1
m 3 0 4
g 3 3 3
m 4 1 5
m 4 5 2
m 1 4 0
m 2 1 1
m 3 4 6
m 3 4 4
m 4 5 2
m 4 2 1

