B 4 6 6 2
m 2 4 0
g 2 3 3
m 3 3 2
m333
q 3
m 4 4 1
m 5 1 2
p
g621
m 1 1 0
m 1 0 2
m 2 3 0
m 3 3 0
m 3 3 4
m 4 2 2
m 4 1 4
m 5 5 2
m 5 2 0
m 6 1 2
m 1 5 1
m 1 3 2
q 1
m24
m 3 4 2
m400
m 5 4 2
m 5 0 3
g 5 2 3
m 6 5 2
m 6 1 2
m 1 4 0
m 1 0 2
m 2 5 3
m 3 1 0
m 4 5 3
m 4 0 2
m 5 2 3
m 5 1 2
m 6 3 0
m 1 1 3
b 1
m212
b
m 3 0 5
m 4 2 1
m 4 3 4
b 4
m 5 1 3
m 5 2 5
q 5
m 6 1 0
m 1 5 2
m 2 3 2
m 2 2 0
m 3 0 3
b 3
m 4 0 1
m 4 3 2
m 6 5 1
m 6 0 1
m 1 4 0
m 1 1 0
m 2 3 2
b 2
m 3 4 2
b 3
m 4 2 5
m 4 1 3
m 5 3 2
m 1 0 5
m 2 4 0
m 2 2 1
532m
q 3
m 4 5 2
m 5 3 1
b 5
m 6 3 2

