B 6 4 5 4
m 1 5 3
m 2 1 4
m22
b 2
m 3 3 3
m 3 0 3
m 4 3 2
m 4 0 0
m 5 0 1
m 1 1 5
m 1 2 0
m 2 1 2
m 3 3 1
m 3 3 1
m401
f 4
q 4
m 5 3 1
m 5 0 1
q 5
m 1 5 0
m 1 5 2
m 2 1 1
m321
q 3
m 4 3 3
m 4 5 1
m 5 0 3
m 5 1 2
m 1 0 1
g 1 2 1
m 2 1 4
b 2
m 3 0 2
q 3
m 4 4 3
m 5 5 1
m 3 0 3
m 3 3 3
m 4 0 3
m 5 2 4
m 1 0 3
m 1 0 3
m 2 1 4
m 2 0 0
m431
b 5
m 2 4 3
m324
m 4 0 4
m 5 0 4
m 1 3 2
m 1 4 3
q 1
m 2 0 1
m 2 1 0
m 3 0 1
m 3 5 3
f 3
p
m 4 0 4
b 4
m 5 0 3
m 5 0 0
m 1 1 0
m 2 4 0
m 3 1 4
m 3 1 2
b3
m 4 0 3
m 5 2 4
b 5
m 1 2 4
m 1 2 1
g 1 1 1
m 2 1 4
m 2 4 3
m 3 4 1

