B 4 6 5 2
m 1 1 0
m 2 2 2
m 3 2 3
p
m 4 0 3
m 4 0 2
m 5 1 2
m143
p
m 3 0 0
m 3 3 0
m 4 4 3
m 4 2 5
m 5 5 1
m 1 2 3
m 1 2 2
m 2 1 2
m 2 0 5
m 3 5 1
m 3 2 3
m 4 3 2
m 5 3 2
q 5
m 1 2 0
m 1 1 0
m 2 5 1
m201
m 3 0 4
m 3 0 1
m 5 2 0
m 1 4 2
m 1 3 1
m 2 3 1
m 3 3 1
m 4 1 1
m 4 3 0
p
m 5 2 5
m 5 1 2
m 1 2 3
m 2 4 2
m 2 3 3
b 2
m 3 1 3
m 4 1 2
f 4
p
m 5 1 3
m 1 4 2
m 2 4 2
m 3 0 2
b 3
m 4 4 3
p
m 5 2 2
m 5 1 1
f 5
p
m 1 1 2
m 3 2 2
m 4 4 1
m 4 2 3
m 5 0 3
m 1 1 2
m 2 4 1
g 2 0 0
m 3 2 5
m 4 4 1
b 4
m 5 2 4
m 1 4 1
m 1 0 4
m 2 4 3
m 3 1 2
m 3 0 3

