B45310B 4 5 3 10
m 1 3 1
m 1 3 0
m 2 0 4
g 2 1 3
m32
g 3 4 0
m 1 3 1
f 1
g 1 0 2
m 2 1 2
m 2 2 3
m 3 3 1
m 3 1 4
m 1 1 4
b 1
m 2 2 3
m 2 1 0
p
m 1 1 2
m 1 1 3
m 2 2 2
m 2 0 3
m 3 0 0
m 3 2 1
m 1 3 3
m 1 1 0
m 2 4 3
m 2 0 3
m 3 2 1
m 3 2 4
m 1 1 0
q1
m 2 2 0
g 2 1 3
m 3 1 0
m330
m 1 2 3
m-7187613184222529854996331597862688117465576867399944078754670285248643804863118238377221888122089430564260042909699910097297923902783627768224398810545270355246902211040351360463118184700549916790084835153584124718076859466909361510508000280492126082420582709907323551373097513617646513251518970661689727913487517459952163375322295733778917149332940223616928480341567292342874223616881876922354010242358273885!0649326639719751530067809527623246153200627716252951308160731632995996¢871533235201735760885126381650375703152706598910220226129518739703054262998150239607349461848650035601341086850115117422578833699795355460852550904539584983074074201135981148291502700200709¨46614788716232220260086536221284357346424005321185999086905715741086685369357610476060513102708646622886812466829968026565077944119705647035858107325180754167941964475505937141008180477160032967338398040262887021698856291730871485773466214404116914594490366693712264080809609572470578111196591957562486587445682081748276328097554029531321539943293119264139318661514108705762024029856526013494182730254607752376625236724037426714057054885265864310906282586773117361754186235799565632250268577607038713064497096325566042114556483958795280856060555260242551307339534584
m 3 3 1
m 1 2 4
m 1 2 2
m 2 4 3
g 2 0 2
p
m 3 4 3
m 1 1 4
m 2 2 0
m 3 1 1
m 1 1 3
mÁe112
m 2 2 0
m 2 2 2
p
m 3 1 0
m304
m 1 4 3
m 2 1 0
m 3 4 3
m123
m 2 1 0
m 2 1 3
m 3 2 3
f 3
m 1 1 0

