B5853B 5 8 5 3
g 2 4 2
m 3 1 2
b 3
m 4 0 7
m 4 1 2
g 4 2 1
m 5 7 1
m 5 0 5
m 1 3 1
m 2 2 2
m 3 2 7
m 3 3 3
q 3
m 4 5 4
m 4 1 0
m511
m 1 6 0
m 1 3 7
f 1
m21รฐ5
m 3 1 4
m 3 0 6
m 4 3 2
f 4
m 5 3 2
m 5 0 4
m 1 3 2
m 1 2 4
m 2 5 2
m821
f 2
m-502
m 4 0 4
m584
m 5 2 1
m 1 1 1
m 2 3 2
m 2 4 2
m 3 1 0
m 4 1 0
q 4
m 5 3 4
m 5 0 7
m 1 1 0
m 1 4 0
b 1
q 1
m 2 5 2
m 2 4 1
g 2 7 0
m360
m 3 0 5
m 4 6 3
f 4
m 5 5 3
b5
m 1 1 1
m 2 6 1
m 3 1 0
m 3 4 5
m 4 6 1
m 4 4 2
b 4
g470
m 5 0 2
m 1 3 0
m 1 0 0
m 2 7 1
m 2 2 1
m 3 3 0
m501
m 1 2 1
m 2 0 4
m 3 3 2
f 3
g 3 4 2
m 4 2 0
b 4
m532
m 5 2 6
m 1 0 4
b 1
m254
b 2
m 3 1 4
q 3
m 4 7 1
m 4 4 4
m 5 5 4
m 5 4 4
b 5
m 1 4 4
m 1 3 4
q 1
m 2 6 2
m 3 1 2
m314
m 4 3 6
m 4 4 6
b 4
m 5 0 3
m 5 2 7
q 5
p
m 1 5 2
p
m 3 3 2
m 4 3 1
m 5 3 4
m 1 4 2
m 2 0 0
m 2 2 0
m 3 4 1
f 3
m 4 6 1
m 4 0 3
q 4
m 5 3 4
m 5 1 4
b 5
g 5 2 4
p
m 1 0 4
m 2 4 2
m 3 1 7
m 5 1 1
m 5 2 4
m 1 0 4
m 1 2 3
g 1 3 0
m 2 4 6
m 3 7 4
m 4 0 4
m 4 3 3
b 4
m 5 3 5
m 1 3 4
m 1 0 0
q 1
m 2 0 4
m 3 6 3
m 4 3 4
m 4 4 1
g 4 4 4
m 5 6 2
m 5 2 5

