B 5 8 3 13
m 1 5 1
m 2 0 1
m 2 3 6
q 2
m 3 2 3
m 3 4 6
p
m 1 1 4
b 1
m 2 0 3
m 3 1 4
p
q 1
m 2 1 0
m 3 1 1
m 1 6 2
m 1 2 6
m 2 2 4
m 3 3 3
f 3
m 1 7 0
m 1 2 7
m 2 4 0
m 2 1 3
b 2
p
m 3 5 1
q 3
m 1 0 3
f 1
m 2 7 1
m 2 4 5
m 3 0 4
m 3 0 3
m 1 3 3
g 1 6 4
m 2 4 7
b 2
m 3 6 1
m 3 3 5
m 1 1 4
m 1 1 6
m 2 5 0
m230
m337
m 1 2 0
m 1 2 4
m 2 0 3
m 3 4 4
m 1 2 0
f1
m 2 2 2
m 2 3 2
m 3 1 3
m 2 3 5
m 3 3 4
m 3 3 3
m 1 5 2
m 1 2 1
m 2 2 4
m 2 1 4
m 3 1 4
m 3 2 4
p
m 1 7 0
f 1
m 2 2 1
b2
q-3
f 3
q 3
m 1 5 1
m 2 2 1
m 2 0 4
m 3 2 5
m 3 3 7
m 1 1 4
m100
m 2 1 4
m 3 2 4
q 3
m 2 7 0
m 3 2 4
m 3 0 4
m 1 3 2
g 1 0 1
m 2 5 0
m 2 4 6
m 3 7 1
m315
g 3 3 0
m 1 5 0
m 2 3 1
m 2 0 7
q 2
m 3 2 1
m 1 3 2
g 1 3 1
m271
m 2 0 5
p
m 3 0 0
m 1 0 7
m 1 2 4
m 2 6 0
m 2 0 6
q 2
m 3 2 0
b 3
m 1 7 1
m 1 2 7
m 2 2 4
b 2
q 2
m 3 2 4
m 3 1 7
b-6
m321
m 1 1 6
b 1
m 2 3 0
m 3 1 4
m 1 2 4
m 2 2 4
m 2 1 6
f 2
m 3 2 5
m 3 0 7
m 1 3 6
m 1 0 7
m 3 2 0
p
m 1 2 0
m 2 1 4
m 2 2 2
m 3 3 1
q 3
m 1 3 3
m 2 3 4

