B 4 6 4 3
m 1 4 1
m 2 2 2
b 2
m 3 3 2
f 3
m 4 3 3
m 1 3 3
m 1 0 1
m 2 2 4
m 2 1 5
m 3 0 1
m 4 2 1
m 4 1 5
m 1 1 2
m 2 0 4
b 2
m 3 0 1
m 4 4 0
m 1 1 3
m 1 1 3
m252
m 3 0 2
b 3
m 4 3 0
m 1 4 1
m 1 2 4
m 2 2 1
m 3 3 2
q3
m 4 1 3
m 1 2 3
m 1 1 3
m211
b 2
m 3 1 1
m 4 4 0
m 1 3 2
b 1
m 2 4 3
m 2 1 3
m 3 5 3
m 4 0 2
m 3 3 0
m 3 0 4
m 4 3 0
f 4
m 2 1 2
m 3 2 1
m 4 5 0
m 1 3 3
b 1
m 2 4 0
m221
m 3 5 3
f 3
m 4 5 3
m 4 0 2
b 4
q1
m 2 4 3
m 2 3 2
m 3 0 1
m 3 1 2
m 4 5 0
m 1 3 2
m 1 1 0
m 2 1 3
m 3 3 2
f 3
m 4 4 3

