B 8 5 6 5
m132
m 1 3 4
m 2 3 7
m 2 5 4
f 2
m 3 2 4
m 3 2 2
b 3
m 4 4 2
m 5 3 5
m 6 3 0
m 1 6 1
m 1 7 3
m 2 6 4
m 2 3 4
b 2
m 4 1 3
m 4 7 1
m 5 6 4
m 6 2 1
b 6
m 1 0 7
f 1
q 1
m 2 3 4
m 3 4 1
q 3
m 4 3 2
f10
m 5 0 4
b 6
m 1 2 3
m 2 5 3
m 2 7 4
f 2
q 2
m 3 5 1
m 4 0 0
m 5 0 2
m 6 0 4
g 6 4 5
m 1 0 2
m241
m 2 6 3
q 3
m 4 5 1
m 5 2 1
f 5
m 6 0 3
m 6 3 4
m 1 0 1
m 1 5 4
m 2 2 2
m 2 2 2
m 3 2 1
m 4 2 1
m 5 4 1
m 5 6 1
f 5
m 1 0 6
m 1 4 3
q 2
m 3 4 1
m 3 2 2
p
m 4 5 1
mÈ428
m 5 3 1
m 5 0 0
m 6 3 3
m 6 3 3
f 6
m 1 2 0
m 2 2 1
q 2
m 3 3 4
q 3
m 4 1 1
m 5 2 4
q 5
m 6 1 0
m 1 1 0
m 1 4 0
b 1
m 2 4 0
p
m 3 1 0
m 4 3 0
f 4
m 5 4 1
m 6 4 1
m 1 5 4
m 1 6 1
m 2 2 5
m 2 0 3
m 4 7 1
m 5 0 1
m 5 2 3
m 6 6 0
m 1 0 6
m 1 0 1
m 2 2 6
m 2 0 2
m 3 5 3
f 3
m 4 0 5
m50-6
m 5 0 3
m 6 6 0
f 6
p
m402
m 4 1 0
m 6 0 2
b 6
m 1 2 2
m 1 6 0
m 2 2 7
m 3 0 2
m 3 1 0
m 4 0 7
m 5 0 7
m 5 7 2
b 5
p
m 6 2 1
m 2 2 1

