B 6 7 3 13
m 1 2 1
m 1 1 2
m 2 6 0
m230
m 3 3 5
m 3 5 6
b 3
m 1 0 3
m 2 1 0
m 3 3 6
g 3 0 3
m 1 0 4
m 1 3 4
g 1 6 5
m 2 3 5
m 3 4 2
m 1 2 2
q 1
m 2 1 1
m 2 2 0
m 3 2 5
m 3 0 4
m110
m 2 3 1
m 3 4 4
m 1 1 0
q 1
m 2 1 0
m256
m 3 4 2
m 1 1 4
m 1 2 6
p
m204
m 2 5 1
m 3 4 5
m 3 5 6
q 3
m 1 6 1
m 1 2 3
m 2 3 3
m 2 2 3
m 3 6 4
m 1 6 1
m 1 4 6
q 1
m 2 0 5
m 2 4 4
m 3 5 5
m 3 0 2
m 1 4 2
m 1 5 3
m 2 2 5
m 2 1 1
f 2
m 3 2 4
m 1 4 5
m 2 0 2
b 2
m1-90
m 1 1 0
m 2 2 3
m221
p
m 3 0 4
m 3 3 2
m 1 5 5
f 1
m 2 2 2
m 3 2 0
m 3 2 0
m 1 6 1
m 1 1 1
m 2 0 0
m 1 4 5
q 1
m 2 3 2
m 3 0 4
m 3 1 4
m 1 0 1
b 1
f 1
m 2 0 5
m 2 4 4
m 3 3 4
m33-2
q 3
m 1 1 4
m 2 0 5
m 2 0 5
m 3 3 1
m 1 4 5
m 2 0 5
f 2
m 3 5 1
m 1 3 0
m 1 2 6
p
m 2 6 0
m 3 3 4
m 1 6 1
m 1 4 2
m 2 5 1
m 3 2 5
m 1 0 1
b 1
m 2 3 0
m 2 1 6
p
m 3 5 1
m 3 0 2
q3
p
m 1 6 0
m 1 4 1
m345
g 3 6 4
m 1 3 4
m 1 5 0
q 1
m 2 3 1
m 2 4 3
m 3 0 6
m 3 3 1
m 1 5 1
013m
Uß|b1
m 2 1 5
m 3 3 1
m 1 0 4
g 2 3 2
m 3 2 0
m 1 1 5
m 1 0 4
m 2 3 1
m 2 4 2
m 3 3 0
m314
f 3
g303
m 1 4 5
m 1 5 6
m 2 4 5
m 3 3 1
m316
f 3

