B 8 7 5 11
m 1 7 1
p
m 2 2 6
b 2
m 3 7 0
m 3 3 2
b 3
m 4 3 3
m 5 2 0
m 5 2 1
g 5 6 2
m 1 4 1
m 2 3 1
m 2 7 0

m 3 4 4
m 4 1 0
m 4 4 2
m 5 2 6
m 5 4 3
m 1 4 3
m 1 3 5
m 2 1 6
m 2 2 4
m 3 5 5
m 3 1 5
m 4 4 3
m 4 0 5
m 5 3 5
m 1 6 4
m 1 0 2
f 1
m 2 2 5
m335
m 4 4 5
m 4 3 0
m 5 6 4
m5-42
m 1 6 7
m 1 7 2
f 1
m273
m 2 5 2
m 3 4 0
m 4 5 7
m 5 6 0
f 5
m 1 3 0
m 1 7 0
m 2 3 6
m 3 6 6
m 4 5 0
m 5 1 5
m 1 1 0
m 1 4 1
b1
m 2 5 1
p
m 3 6 7
m 3 1 3
q 3
m 4 6 5
m 4 3 6
q4
m 5 3 5
m 1 2 3
b 1
f 1
q 1
m 2 3 3
m 2 7 5
m 3 0 5
m 4 1 0
m 5 6 0
m154
m 2 4 1
m 2 3 4
m461
b 4
g 4 5 1
m545
m 5 3 2
b 5
q5
m11
m 2 4 5
m 2 4 2
m371
m330
m440
g 4 1 2
m 5 1 0
b 1
q 1
m 2 6 1
m 3 6 5
m 4 3 5
m 4 2 5
m 5 4 0
m 1 3 5
m 1 4 6
f 1
q 1
m 2 4 4
m 3 6 0
m 4 3 5
m 4 3 4
m 5 4 7
m122
m 2 0 0
m 2 5 0
m 3 4 5
m 3 7 3
m420
q 4
m 5 6 5
m 1 4 0
m 1 7 4
m 2 2 4
m 2 2 0
m 3 3 6
m 4 4 0
g 4 2 7
m530
m 1 5 4
m 1 7 3
m 2 4 0
m 2 5 5
g 3 2 2
m 4 6 0
m 4 1 1
m 5 3 6
m 5 7 6
m 2 4 0
m 2 1 4
m 3 2 5
m 4 7 0
m 4 5 0
f 4
m516
m 5 3 5
m 1 4 0
m 1 6 0
b 1
m 2 2 1
m 2 6 0
m 3 1 0
m 4 0 4
m 5 6 5
b 5
p
m 1 3 6
m 1 1 0
g 1 1 3
m 2 5 4
b 2
f6
m 4 1 2
m 5 1 2
q 5
b 1
g 1 3 4
m 2 3 0
m 2 3 1
m 3 1 2
m 4 3 6
m 4 2 1
m 5 7 3
b5
f 5
g530
m 1 5 0
m 1 0 2
m 3 1 3
m 4 6 0
m 5 6 0
m 5 0 6
b 5
q 5
m 1 1 0
m 2 6 0
m 2 5 0
m 3 1 0
f 3
m 4 6 5
q 4
g-322
m 5 6 5
m 5 7 0
m 1 6 5
m 1 0 2
b 1
p
m 2 2 5
m 2 2 3
g 3 6 7
m 4 3 2
m 4 2 6
q 4
m 5 1 0
m 5 1 1
m 1 6 5
m 2 3 5
m 2 5 3

