B77414B 7 7 4 14
m10
m 1 5 0
m 2 0 0
m 3 6 3
m 4 6 0
m 4 4 5
m 1 4 6
m 2 1 2
q 2
m 3 1 5
m 4 3 2
f 4
m 1 5 2
m 2 5 2
m 2 4 4
m 3 4 2
g 3 6 0
m 4 3 1
m132
m 2 5 4
m 3 3 1
b 3
m 4 4 4
m 4 5 4
m 1 4 1
m 2 2 3
m 2 1 4
m 3 6 2
m 1 4 0
m 2 5 3
m 3 3 1
m 3 0 3
m 4 4 0
m126
m 1 6 0
m 2 0 2
m 3 6 6
m 3 4 4
m 2 3 3
f 2
m353
m 4 4 6
m 4 2 2
m 1 5 2
m 1 5 0
m863
b 2
m 3 5 3
m 3 3 2
g 3 2 5
m 4 5 2
m 4 6 3
m102
m 2 4 5
m 4 0 2
m 4 3 0
m 2 5 6
m 3 4 1
m 3 3 1
m 4 1 0
m 4 4 0
m 1 3 4
m 2 6 1
m 2 0 3
m 3 0 2
m 3 4 3
m 4 4 0
m 4 5 2
b 4
m 1 4 4
p
m 2 1 2
m234
m 3 5 3
m 3 1 6
m 4 5 4
m 4 6 2
m 1 1 1
f 1
m 2 3 1
m 3 5 5
p
m 4 1 2
m 1 3 2
m 1 2 1
q 1
m 2 5 6
m 2 2 6
m 3 5 2
q3
m 4 4 2
m40
m 1 6 3
m 1 4 6
m 2 0 2
m266
p
m 3 1 5
m 4 0 5
b 4
q 4
m 1 6 3
p
m 2 5 2
m453
m 4 0 5
q 1
m 2 0 2
m 2 4 0
m¼C3:63
m 4 0 2
g466
m 1 3 1
m 2 4 2
m 2 0 0
m 3 1 2
m 4 0 2
m403
f 4
m 1 6 4
m 1 4 0
m 2 3 1
m 2 3 2
m 3 3 3
m 4 1 0
m 4 1 5
f 4
m 1 1 3
m 1 1 4
m256
m 2 0 5
f 2
m 4 1 0
m 4 1 0
f 4
m 1 1 2
m 1 1 0
m 2 6 3
g 2 2 6
m 3 1 5
m 4 5 6
m 4 1 6
q 4
p
m 1 3 1
m 2 1 5
m 2 3 4
m 3 6 1
m 3 2 1
f 3
g 3 2 2
m 4 6 3
m 4 6 6
m 1 5 3
m 1 2 2
m 2 4 2
m 3 5 2
m 3 6 4
m 4 0 5
m 1 1 5
m 1 1 3
m 2 4 2

