B 8 4 6 4
m 1 0 6
q 1
m 2 1 5
m 2 0 1
m 3 3 2
m 3 0 3
p
m 4 3 4
m 6 5 1
b 6
m 1 3 2
b 2
m 3 0 4
m 4 1 4
m 5 1 2
m 6 0 2
m 1 3 5
m 1 6 0
m 2 0 1
m 2 7 1
m 3 1 1
m 3 0 3
g 4 0 6
m502
m 5 2 0
m 6 2 2
m 1 6 0
m 1 0 2
m 2 5 0
m 2 2 2
g 2 0 2
m 3 1 3
b 3
m 4 2 7
m 4 7 0
m 5 2 1
m 5 4 3
m65
b6
f 6
g 6 2 3
m 1 1 4
m 2 4 0
g 2 0 6
m400
f 4
m 5 3 5
m 6 1 6
g 6 0 5
m153
m 2 7 1
m 3 2 6
m 4 1 1
b 4
m566
b 5
m 6 5 1
m 1 2 6
m 1 3 0
q 1
p
m 2 3 6
*ô!b
p
m 3 5 1
m 4 1 3
m 5 2 6
m 5 5 0
b 5
m 1 2 4
m 2 1 1
f 2
m 3 1 1
m 4 0 1
m 4 4 2
m 5 3 2
m 6 3 2
m1352
m 1 1 3
m 1 0 0
m 2 3 1
m 2 5 3
m 3 1 4
m 4 3 6
m 6 3 7
m 1 2 6
m 1 0 2
b 1
m 2 0 1
m 2 0 1
f3
m 4 0 0
f 4
m 5 3 7
m 6 3 2
m 1 3 1
m 2 2 2
m 2 3 1
m 3 3 6
m 3 4 1
m 4 0 1
m 4 3 3

