B 4 7 5 5
m 1 3 0
m116
m235
130m
b 3
m 4 1 4
m 4 1 3
m 5 5 2
m 5 2 6
f 5
m 1 0 0
m 1 0 6
f 1
m 2 3 2
m 2 1 5
f 2
m312
m 4 3 0
m 5 4 0
m 5 0 2
q 5
m 1 5 2
m 2 2 4
m 3 3 6
m 3 1 5
m 4 3 3
m 4 3 1
m 5 0 3
b 5
m 1 1 2
m 2 3 2
m 2 1 1
b 2
m 3 0 1
m 4 1 2
m 5 4 0
¾m11O8
m 1 2 4
m 2 5 2
m 2 1 5
m 3 3 2
m 3 2 6
g 3 3 0
m 4 5 0
m 5 3 2
m 1 5 2
b 1
m 2 5 0
m 2 0 4
m 3 3 6
m 3 2 3
g 3 3 1
m 4 5 2
m 4 3 4
m 5 2 2
b 5
m 1 5 2
m 2 0 2
m 2 1 1
m 3 0 5
b 3
m 4 5 2
m 5 1 2
m 5 3 5
m 1 3 3
g1210
m 2 5 2
g 2 6 2
m 3 0 1
b 4
p
m 5 4 0
m 5 0 3
m 1 1 2
m 2 5 2
b 2
m 3 3 3
m434
m 4 2 1
m 5 5 0
m 5 0 3
m 1 0 1
m 1 3 1
f 1
q 1
m 2 1 6
p
m 3 0 1
m 4 0 4
m 5 3 5
m 5 2 2
f 5
q 5
m 1 0 3
m220
m 3 2 1
m 4 5 2
m 4 3 6
f 4
m 5 0 1

