B 4 8 3 16
m-472
m 1 3 0
g 1 5 3
m 1 0 2
m 2 7 1
m 3 5 2
f 3
m 1 0 1
m 1 0 1
g 1 0 3
p
m 3 2 2
m 1 5 1
m 1 1 6
m 2 2 3
f 2
m 3 0 2
f 3
m 1 4 3
m135
m 2 1 3
m 2 1 2
m 3 7 2
m 3 0 3
q 3
m150
m 2 4 1
b 2
q 2
m 3 4 2
f 3
q 3
m 1 1 1
m 1 0 0
m 2 2 1
m 3 0 1
m 1 0 5
p
m 2 2 6
m 1 6 3
g 1 3 2
p
g 3 5 3
m 1 0 3
m 1 1 2
m 2 6 0
m 2 0 3
m 3 5 1
m 3 0 5
b 3
m 1 6 0
m 1 0 6
m 2 3 1
m 3 7 1
m 3 1 7
m 1 7 3
m181
m 2 4 1
f 2
p
m 3 4 3
m 1 1 2
f 1
q 1
m 2 0 2
m 2 1 3
p
m 3 4 3
m 3 0 7
m 1 2 4
m 1 3 2
m 2 6 3
m 2 1 4
b 2
m37
m 3 3 7
m 1 0 0
g 1 4 1
m 2 6 3
m 2 0 6
m 3 2 1
b 3
m 1 5 2
m 3 7 2
m 3 0 0
m 1 6 3
m 1 3 1
f 2
m 3 2 4
m 1 7 2
m 1 0 7
m 2 4 0
m322
m 3 3 1
m 1 2 6
m 2 4 3
m 3 3 3
m 3 3 7
m 2 0 1
m 2 0 2
m 3 6 3
m 3 2 1
q 3
m 1 5 1
m 1 2 0
f 1
m 2 0 1
g563
m 3 7 2
m 1 6 3
m 1 2 7

