B746B 7 4 6 3
m 1 2 0
m 2 5 0
m 3 6 3
m 4 2 3
m 4 3 1
m 5 0 1
b 5
m 6 1 3
m 2 2 3
m 3 0 1
m 3 4 0
q 3
m 4 1 0
m 5 2 2
36m4
f 6
g 6 3 2
p
m 1 3 2
m 1 0 1
q 1
m 2 5 2
b3
m 4 1 6
m 4 6 3
m 5 6 3
m 2 6 3
m 2 2 2
m 3 0 6
m 4 2 4
m 5 2 4
m 5 3 0
m 6 2 3
m 1 0 1
g 1 1 0
m 2 6 0
m 4 1 1
m452
g4121
m 5 2 1
m 6 2 2
m 6 1 3
q 6
m 1 0 0
m 1 1 3
m 2 1 6
m 2 6 2
m315
m 3 2 0
f 3
q0
m 5 1 6
m 6 1 5
m 1 3 5
m 1 5 2
m 2 1 6
m 2 2 1
f 2
m 3 3 3
m 4 5 0
b5
m 6 5 1
b 6
m 1 1 3
m 1 2 0
m 2 1 4
m320
m 4 2 0
m410
f 4
m 5 2 4
m 5 4 2
m 6 2 4
m 1 3 5
m 1 5 0
m 2 3 0
m 3 2 1
m421
m 4 5 3
m 5 3 5
m 5 3 3
f 5
m 6 3 0
m 1 3 2
m 2 2 0
m 2 0 0
g 2 1 3

