B 5 7 3 9
m 1 2 1
m 2 4 6
m 3 4 2
m 3 0 4
p
m 1 1 1
m 2 6 3
m 3 2 1
m 3 1 4
m 1 5 3
m 2 0 3
m 2 0 0
m 3 3 1
m 3 1 3
æf3
q 3
m 1 4 4
q 1
m 2 5 4
m 2 4 6
m 3 0 5
m 1 2 0
b 1
m 2 1 4
mTY¢31
m 1 5 2
g211
m 3 4 3
m 3 4 1
q 3
m 1 6 1
m 1 4 3
f 1
m 2 0 3
m 3 6 1
m 3 0 2
f 3
m 1 2 0
m 2 6 1
m 3 1 0
q 3
m 1 2 2
b 1
m 2 5 3
m 2 1 5
g 2 4 1
m 3 2 5
m 3 2 3
m154
m 1 4 6
m 3 2 1
q3
m 1 2 3
m 1 3 4
b 1
m 2 1 1
m 3 0 4
f 3
m 1 4 2
p
m 2 2 6
b3
q 3
m 1 2 5
m 2 0 2
m 2 1 1
g 2 2 2
m 3 4 2
m 3 0 6
f3
m 1 3 2
m 1 4 4
p
m 2 0 4
f 2
g 2 3 4
m 3 4 2
b 1
f 1
m 2 5 4
m 3 5 4
g 3 3 0
m 1 3 3
m 1 1 0
p
m 2 2 6
m 2 1 2
m 3 1 3
f 3
m 1 1 0
m 2 0 3
m 3 6 3
g 3 2 3
q 1
m 2 5 4
m 2 0 0
q 3
g 3 3 0
m 1 0 4
m 1 0 4
m 2 6 1
g 2 2 3
m 3 1 0
m 1 0 3
m 1 3 5
m 2 4 2
m 2 1 4
m 3 0 4
f 3
m 2 0 3
m 3 1 0
b 3
m 1 3 3
p
m 2 0 3
m 2 0 4
m 3 0 3
m 3 4 4
m 1 5 4
f 1
m 2 6 3
q2
m 3 6 1
m 3 1 0
q9
m 1 2 4
m 1 0 6
q 1

