B 7 5 4 10
m 1 1 5
m 1 3 3
b 1
m 2 0 1
f 2
g 3 3 3
m 4 6 1
m 4 2 1
b 4
p
m 2 1 1
m 3 5 4
m 4 2 3
m 4 4 1
m-941
m 1 1 4
m 2 4 3
m 2 3 0
m 3 4 4
m 4 6 0
f 4
m 1 5 4
b 1
1¼f
m 2 4 6
m 3 0 1
m 4 0 3
m 4 4 1
m 1 2 5
m 2 2 4
q 2
m 3 3 1
m 4 2 6
m 1 2 4
q 2
m 3 3 2
g 3 4 1
m 4 6 4
m 1 0 4
m 1 2 2
m 2 1 5
m 4 4 3
m 4 0 0
m 1 3 3
m 1 0 1
m 2 3 1
m 2 3 0
q2
m324
b 3
m 4 2 0
m221
m 2 6 1
m 3 2 1
m 3 3 0
m 4 2 4
f 4
p
m 1 0 1
m 2 4 0
m 3 0 2
m 4 0 1
m 4 6 0
q 4
m161
m 2 2 2
m 2 3 1
m 3 2 1
m 4 4 0
m 4 4 3
q 4
m 1 2 1
m 2 5 0
m 3 3 1
m 3 6 2
m 4 0 2
m 1 0 1
m 1 1 3
b 1
m 2 0 1
m 2 5 4
m 3 5 3
m 4 1 2
m 1 3 6
m 1 6 0
b 1
q 1
m 2 4 3
m 3 2 5
f 3
m 4 0 1
m 1 2 5
m 1 2 1
f 1
q 1
m 2 4 3
m 4 4 3
m 1 3 6
m 2 4 3
m 2 5 0
m 3 2 4
m 4 3 6
b 4
m 1 4 3
m 1 2 0
m 2 2 2
m 3 2 4
m 3 4 4
m 4 4 3
m 1 4 0
m 2 0 2
m 2 3 3
b 2

