B 7 4 3 4
m 1 3 6
m 1 4 3
m 2 2 3
g 2 3 4
q-9
m 1 6 0
m 2 2 2
m335
m 1 2 3
m 2 0 4
m 3 5 0
m 1 1 2
m 1 4 2
f 1
m 2 1 4
m 1 0 0
m 1 0 3
p
m 2 2 0
m 2 2 2
m 3 1 2
m-212
m 1 5 2
m 2 0 4
f 2
m 3 4 2
m 3 2 3
m 1 3 0
q 1
m 2 1 1
m330
m 3 5 0
f 3
m 1 3 6
m 1 2 2
f 1
m 2 4 2
m 2 2 2
m 3 1 1
m 3 2 1
f3
m131
m 1 0 3
m 2 3 6
m 2 5 2
m 3 5 3
m 3 5 3
m 1 2 3
m 1 0 3
m 2 2 3
p
m 3 1 3
m 1 3 3
m 1 6 0
m 3 1 0
m 3 6 2
m 1 0 1
m 2 3 6
p
m 3 6 1
m 1 2 3
m 1 0 2
m 2 1 1
m261
f 2
m 3 3 1
m 1 3 0
p
m 2 3 2
m 2 4 1
q 2
m 3 3 1
m 1 1 4
m 1 2 2
m 2 1 5
m 2 1 0
m 3 1 1
b 3
m 1 3 6
m 2 4 0
m 3 2 0
m 1 0 0
m 2 2 3
m 2 0 1
m 3 3 0
m 3 0 3
m 1 1 4
m 1 1 0
m 2 2 6
g 2 0 6
f 3
m 1 2 6
m 1 1 2
m 2 3 1

