B 5 4 4 3
m 1 4 0
m 4 3 0
m 4 2 1
p
m 1 3 2
m 1 0 0
m 2 2 1
m 3 1 3
m 4 1 4
m 4 0 2
f 4
m 1 1 2
g 1 3 1
m202
m 2 2 1
m 3 2 4
m 3 3 0
m 4 4 2
m 4 3 2
Üg431
p
m 1 3 1
m 2 2 1
m 2 1 3
p
m 3 1 0
m 3 2 2
m421
m 4 3 2
m 1 3 3
p
m 2 2 1
m 3 2 3
g 3 2 0
m 4 1 0
g 4 3 3
m 1 3 4
m 1 4 2
m 2 0 2
m 2 2 0
b 2
m 3 2 0
m 3 1 0
b 3
m 4 1 2
m 1 3 4
m 1 0 3
m 2 2 1
m 3 1 1
m 4 1 4
m 4 4 3
m114
m 2 1 1
m 3 1 0
m 4 1 1
m 1 3 4
b 1
m230
m 3 1 4
m 3 4 0
m 4 2 3
b 4
q 4
m 1 1 4
m 2 1 4
m 2 3 0
b 2
m 3 1 0
m 4 1 0
m 4 2 0
q 4

