B 8 6 5 12
m 1 5 2
m 2 0 0
m 3 3 5
b 3
m425
m 1 3 4
m 2 1 0
m 3 4 2
m 3 6 1
m 4 3 5
g 4 0 0
m 5 5 0
f 5
m 2 3 7
m 3 4 4
m 4 4 0
m 4 2 3
m 5 6 0
m 5 0 0
q 5
m 1 2 3
m 1 3 3
m 3 5 6
m 4 7 4
m 5 3 3
m 5 2 4
m 1 3 5
m 1 5 3
m 2 2 2
m 2 0 2
m312
m 5 4 1
q5
m 1 1 1
m 2 2 6
m 3 2 4
g 3 2 0
m 4 6 2
m 4 1 1
b-
m 5 5 6
m 5 5 4
m 1 1 5
m 1 4 4
m 2 0 7
b10
m 3 1 3
m 3 2 3
m 4 3 2
m403
m 5 1 3
m140
m 2 0 3
m 2 7 4
m 4 3 7
m 5 3 0
m 1 5 0
m173
f 1
m 2 1 0
m 3 5 3
p
m 4 1 5
m 4 6 0
m 5 2 3
m 5 0 3
m 1 0 7
p
m 2 4 1
Àf2
m 3 0 0
m440
m462
p
m 5 4 1
m 5 6 1
m 1 0 2
m 2 2 5
m 2 6 1
m 3 4 0
p
m 4 5 7
m414
m 5 0 5
m 1 1 7
m102
m 2 0 7
m 2 3 5
q 2
m 3 4 1
m 4 5 5
m 5 6 4
m 5 1 1
m 1 5 6
m 2 4 0
m 2 3 4
m 3 3 4
m360
b 3
m 4 1 5
f 4
m 5 1 7
m 5 1 2
b 5
m 1 2 0
m 2 1 7
m 2 5 0
b 3
m 4 3 6
m 4 0 3
p
m 5 5 7
m 5 1 0
m 1 5 0
m 2 5 5
m 4 1 2
m 4 4 2
m 5 2 7
m 1 5 4
m 1 7 3
b 1
m 2 1 5
m 3 1 4
m 3 0 3
m 4 1 0
m470
m 5 2 3
m 1 5 4
m 2 4 0
f 2
m 3 1 7
f 3
q 3
m 4 5 7
m 4 3 4
m 5 7 2
m 1 3 1
m256
b 2
m 3 3 0
m 4 3 4
m454
g 4 1 3
m 5 5 6
m 1 5 4
m 1 4 0
m 2 3 1
m202
m 3 1 3
f 3
m 4 7 3
m 5 4 0
q 5
m 1 1 5

