B 6 6 5 7
m 1 3 3
q 1
m 2 1 3
m 2 2 2
m 3 5 4
m 3 4 1
m 4 3 4
m 4 3 5
m 5 0 2
g 5 4 3
m 1 1 5
m113
m 2 4 4
q 2
m 3 1 5
m 4 4 4
m 5 1 0
m 1 3 2
m 1 2 0
m 2 5 4
m 3 5 5
m 4 1 1
m 4 1 0
f 4
q 4
g 4 5 5
m 5 0 0
m 1 0 1
m 1 4 0
m 2 1 3
b 2
m 3 3 5
m 3 3 0
m 4 2 5
m 4 5 0
m 5 5 0
m 2 5 3
m 3 2 4
m 5 4 1
m 1 3 0
m 1 1 3
m 2 4 5
m 2 0 5
m 3 3 0
m 3 0 4
m 4 3 4
m430
q 4
g 4 4 2
m 5 1 2
m 1 4 2
m 2 0 2
m 3 0 5
m 4 3 2
f 4
m152
m 5 1 5
m 1 3 0
m 1 4 1
q 1
p
m 4 2 2
m 4 0 0
p
m 5 3 0
m 5 4 3
m 1 2 5
m 1 5 3
m 2 1 0
p
m 3 3 0
m 5 4 1
m 5 1 1
f 5
m 1 1 5
m 1 0 2
m 2 4 1
m 3 5 0
m 3 1 3
q 3
m 4 1 0
g 4 2 2
m 5 1 3
m 1 2 5
f 1
m 2 1 5
f 2
m 4 2 5
m 4 0 1
m 1 3 2
f 1
m 2 2 0
m 2 3 4
m 3 2 5
m 3 2 4
p
m433
m 5 5 4
m 1 3 1
m 1 2 5
b 1
m230
m 2 4 0
m 3 5 3
m 4 1 2
m 4 3 3
m 5 5 3
m 5 3 3
m 1 1 2
m 2 1 2
m205
m 3 1 5
m 4 4 1
m 4 1 0
b 4
m 5 0 3
m 1 1 5
m220
p

