B 6 7 3 9
m 3 4 0
m 1 6 3
m 1 5 0
m 2 4 4
m 3 4 1
p
m 1 3 5
m 2 1 0
m 2 5 1
m 3 6 0
m 3 4 4
m121
m 2 5 1
m 3 6 1
m 3 1 0
m 1 4 2
m 1 2 2
f 1
p
m 2 2 3
g 2 1 4
m 3 6 1
m 3 5 6
m 1 2 5
m 1 3 5
m216
m 2 4 6
m 3 2 4
b 3
f 3
m 1 3 3
m 2 4 1
m 2 1 3
f 2
m 3 1 1
m 1 1 3
b 1
m 2 6 2
q 2
m 3 3 5
g 3 0 5
m 1 5 5
m 1 1 3
m 2 3 5
m 2 2 3
f 2
m 3 3 1
m 1 2 0
m 1 1 6
m 2 2 3
m 3 2 0
m 3 5 6
m 1 4 4
m 2 4 1
m 3 0 3
m 1 4 0
m 2 0 3
q
m 3 2 4
m 1 5 1
m 1 0 2
m 2 1 0
m 2 4 4
m 3 2 1
m 1 2 3
q 1
m 2 2 5
m 2 5 3
m 1 5 4
m 1 3 3
m 2 4 6
m233
m 3 4 3
m 3 0 3
m121
m 2 1 0
m 3 2 3
m 1 6 2
m 1 5 0
m 2 3 1
m 2 5 3
m 3 1 0
m 3 2 4
m 1 4 3
m 2 2 3
f 2
m 3 4 1
m 3 2 0
q 3
m 1 3 5
m 1 3 3
m 2 2 1
m 2 1 5
m 3 6 0
b 3
g 3 4 5
m 1 1 0
m 1 0 6
m 2 2 3
m 2 0 4
f 3
m103
m 2 5 4
m 2 4 6
q 2
q 3
m 2 0 2
m 2 1 1
m 3 0 3
m313
g 3 1 4
m 1 3 3
g 2 4 5
m 3 2 2
m 3 0 2
m 1 1 0
b 1
m 2 0 4
m 3 5 1
m 1 3 1
m 2 4 3
m 2 4 5
m 3 5 0
m 3 5 1
m 1 0 0
m 1 4 4
p
m 2 0 3
m 2 2 2
m 3 6 3
m 1 4 3
m 1 3 5
m 2 2 0
m 3 1 0
m 1 0 3
m 2 1 3
m 2 1 4
m 3 4 3

