B 8 8 6 6
m 1 4 6
m 2 4 3
f 2
m 3 0 7
m 4 3 2
m 5 6 0
m 6 2 7
ä1m67
m 1 2 3
b 1
m241
m 2 7 5
m300
m 3 6 5
p
m 4 0 4
m 4 6 3
m 5 0 3
m 6 1 3
f 6
m 1 1 0
m152
m 2 1 1
b 2
f 2
m 3 4 1
m 4 5 2
g 4 5 7
m 5 7 3
m 6 4 7
q6
m 1 2 4
m 2 0 4
m 2 5 1
b 2
m 3 0 0
m 3 6 7
f 3
q 3
p
m 4 1 1
m 5 1 0
m 6 0 6
q 6
m 1 6 2
b 1
f 1
m 2 1 2
m 3 6 7
m 3 4 5
q 3
m 4 7 3
m 4 0 4
m 5 2 5
m 5 1 7
m 6 6 2
q 6
m 1 6 7
1¸f
g 1 7 2
m 2 3 5
m 2 1 5
m 3 2 2
m 4 6 2
f 4
m 5 7 3
q 5
m 6 5 5
m 6 6 0
m 1 2 7
m 1 7 1
m 2 4 4
m 2 1 0
m 3 4 3
m 3 5 7
m 4 7 7
m 5 0 0
m 6 3 5
m 6 3 5
m 1 0 4
m 2 6 1
m 2 7 6
m 3 6 3
m 3 3 5
b 3
m 4 4 7
m 4 1 6
g 5 4 0
m 6 7 7
m 6 4 4
m 1 4 5
m 1 6 3
m237
m3-14
m 3 5 4
p
m 4 6 5
m 4 4 5
f 4
m524
m 5 0 4
m 6 3 5
m 6 4 7
m 1 7 7
m 2 2 2
m 3 0 7
m 3 1 3
m 4 0 4
m 4 3 3
m 5 3 4
m 6 6 6
m 6 3 5
m 1 7 3
m 1 4 4
m 2 0 7
m 2 4 6
m 3 2 7
g 3 1 4
m 4 6 1
m 4 5 3
gám 456
m 5 2 4
m 5 0 4
m 6 2 4
m 6 7 7
m 1 7 2
m037
m 2 0 4
m 4 4 7
q 4
m 5 7 4
m 6 6 2
m 1 4 6
m181
p
m 2 1 2
m 3 6 3
q 3
 _m40
m 5 4 6
m 6 2 7
m 6 4 3
f 6
m 1 5 3
m 2 4 1
q 2
m 3 2 6
m 3 1 0
f3
m462
m 5 6 3
m 6 0 2
m 1 1 2
m 1 7 5
m 2 4 5
m 3 0 4
m 3 3 7
m463
m 4 1 6
f 5
m 6 1 2
m617
m 1 7 3
m 2 5 7
m256
g 2 7 7
m 3 7 0
m363
m 4 1 3
m 5 0 5
m 5 1 0
q 6
m 2 1 3
m 2 0 5
b 2
q 2
m 3 4 5
m 3 5 2
m412
m 4 3 2
m503
g 5 5 1
m 6 6 2
m 6 5 6
m 1 0 7
m 2 1 0
mK27Ì4
q 2
m 3 5 2
m 3 4 1
m 4 2 0
m 4 7 2
m 5 0 5
q 5
p
m 1 4 0
m 1 5 0
b 1
q2
m 3 4 6
m 3 4 0
m 4 0 3
m 4 3 6
m 5 7 3
m 5 7 4
m 6 6 2
p
m 1 4 1
m 2 7 5
f 2
m 3 4 1
m 3 2 3
p
m 4 7 0
m 4 3 2
m 5 2 4
m 5 4 6
f 5
m 6 1 2
m 1 0 0
m 2 6 2
m 2 3 6
m 3 1 3
m 3 4 0
m 4 6 2
f 4
m 6 2 4
m 2 6 2

