B 7 4 4 8
m 1 4 1
m}20
m 2 4 3
m 3 5 0
m 3 6 3
m 4 2 3
m 4 1 0
m 1 2 4
m 2 6 3
q 2
m 3 1 5
m 3 4 2
m 4 4 3
m 1 2 5
m 2 3 1
f 2
b 3
q 3
m 4 5 3
m 4 5 1
m 1 3 0
m 2 1 0
m 3 1 6
m 3 6 2
m 4 3 1
m 4 0 0
m 1 1 2
q 1
m 2 0 2
m 2 4 3
m 4 6 3
m 4 1 1
m 2 2 2
m 3 2 3
m 4 1 2
m 1 1 6
m 1 2 1
m 2 3 1
f 2
m 3 0 4
m 4 0 6
g 4 0 3
m 1 2 5
m 2 0 0
m 2 3 0
p
b 3
m 4 2 3
m 1 3 1
m 2 0 4
m 2 2 2
b 2
g 2 2 1
m 3 0 6
m 3 2 0
q 3
m 4 0 6
m 1 1 0
m 1 0 0
m 2 5 3
m 3 4 2
m 4 2 5
m 4 1 2
m 1 2 3
m15-5
m 2 2 3
m 2 3 2
m 3 2 0
m 3 2 2
q 3
m 4 2 1
m 4 0 3
m 1 3 1
m 1 2 2
m 2 1 0
m 2 3 1
q 3
m 4 3 1
m443
m 1 3 1
m 2 0 4
m 2 1 1
f 2
m 3 3 3
m 3 3 3
q 3
m 4 6 1
m 4 6 1
m 1 0 4
b 2
m 3 3 1
m 3 0 2
m 4 3 1
m 4 3 3

