B7653B 7 6 5 6
m 1 4 0
m 2 5 6
m 2 0 0
m32
b 3
q 3
m 4 5 0
m 5 1 3
b 5
p
m 1 6 1
m112
f1
m 2 4 3
m 2 2 4
f 3
m 4 2 4
m 4 4 5
m 5 4 5
m 1 1 1
m 1 5 1
m 2 3 3
m 2 2 2
m 3 2 4
f 3
m 4 5 6
m 5 2 6
m 2 5 3
m242
m 3 2 3
q 3
34m2
m 5 5 5
m 1 1 2
m 1 4 0
m 2 0 0
m 2 3 0
m34
m 3 2 1
m 4 3 0
m 4 0 2
g 4 5 5
m 5 5 6
m 5 4 2
m 1 0 5
m 1 5 2
m 2 4 0
m 2 2 1
m 3 4 5
m 5 6 5
m515
q 5
m 1 1 4
m 3 1 0
m 3 3 1
m 4 0 6
m 4 4 3
m 5 0 2
f 5
m 1 4 6
m 1 1 3
g 1 3 1
m 2 4 1
g 2 2 3
m330
m 4 1 0
m 4 6 4
q 4
g 4 0 1
m5512
m 5 6 4
m 1 0 3
m 1 2 5
b 1
m 2 0 1
q 2
m 3 2 6
f 3
m 4 5 3
q 4
m 5 3 6
m633
m 2 3 2
m252
q 2
m 3 5 3
m 4 1 5
m 4 3 0
m 1 4 4
m 1 5 3
b 1
m 2 1 2
m 2 1 0
m 3 3 6
m 3 4 1
m436
m 4 6 3
m540
m 1 1 4
b 1
m 2 2 6
m 2 6 4
f 2
m 3 3 0
m 4 4 5
m 4 1 0
m 5 2 6
m 5 3 3
m 1 4 4
m 2 1 4
m 2 4 3
m 3 5 2
m 3 3 0
m 4 5 3
m 5 4 5
m 5 3 5
m1-73
q 2
m 3 5 2
m 5 5 2
m 1 4 4
m 2 4 5
m 2 5 3
m 3 6 3
b 3
m 4 2 6
m 5 5 2
f 5
q 5
m 1 2 0
p
m 2 2 6
m 2 4 4
m 3 4 3
q 3
m413
m 4 1 0
m 5 2 6
m 5 5 5
m 1 4 3
m 2 4 5
m 3 3 4
m 3 3 5
m 4 2 6
m 4 5 4
f 4
q 4

