B 4 8 5 2
m 1 0 0
m130
m244
m 3 0 7
m 4 1 6
m 5 2 3
m 1 6 0
m 1 0 5
m 2 2 0
m 2 1 7
f 2
m 3 3 6
q 3
m 4 5 1
q 4
p
m 5 7 2
q 5
m 1 6 2
m 2 3 3
m 2 3 1
m 3 3 3
f 3
q 3
m 4 5 3
m 5 0 4
m 5 1 1
Ag561
m104
g 1 6 1
m 2 2 1
m 3 7 2
m 3 1 2
m 4 2 3
m 5 2 3
m 1 4 1
m 1 0 2
m 2 4 3
m 2 0 4
m 3 4 3
m 3 3 2
f 3
m 5 2 6
b 5
m 1 2 3
m 2 2 5
m 2 0 2
m 3 0 3
m 4 0 2
m 4 0 5
q 4
m 5 7 2
m 1 5 3
m131
m224
m 3 3 7
f 3
g 3 0 0
m 4 2 1
m 5 3 1
f 5
q 5
m 1 1 6
m 1 2 2
b 1
m 2 0 1
q 2
m 3 6 0
q 3
m 4 7 2
m 1 3 0
m 2 1 0
m 4 0 3
m 5 5 3
m325
q 5
m 1 4 2
m 2 0 7
m 3 0 3
m 3 0 7
g 3 1 1
m 4 6 2
m405
m 5 1 2
f 5
m 1 7 1
m 1 1 2
m 2 1 3
m 4 7 1
m 5 0 3
m 1 3 3
m 1 1 4
q 1
m214
m 3 2 3
m 3 1 5
q 4
m 5 2 5
m 1 0 5
g 1 7 3
m243
g 2 7 3
m 3 0 3
m 4 6 0
m 4 3 5

