B 8 4 5 3
m 1 0 6
m 2 1 1
m 2 7 0
m 3 2 6
m 3 0 3
m 4 4 0
m 4 5 2
b 4
m 5 0 5
m 1 3 1
b 2
m 3 1 2
m 3 3 2
g 3 1 3
m 4 2 2
q 4
m 5 2 1
m 1 5 0
m 1 6 2
m 2 3 2
m 3 1 0
m 3 4 0
m 4 1 6
m 4 5 0
b 4
m 5 1 6
m 1 1 0
m 2 5 1
m 2 2 3
m331
m 3 3 2
q 3
p
p
m 1 2 3
m 1 0 0
m 2 3 1
m 2 3 3
f 2
g 2 0 4
m 4 0 2
m 4 6 2
m 5 3 6
m 1 3 6
m 2 6 0
m 3 2 0
m 3 3 0
m 4 3 7
p
m 5 7 0
m502
q 5
m 1 3 1
m 2 0 2
m 2 0 3
m 3 0 1
m 4 3 3
m 4 0 2
m 5 0 0
m117
m 1 3 1
1f
m 2 7 2
m 3 6 3
m 3 3 2
f 3
m 4 3 7
m 5 3 6
m 5 7 3
q 5
m 1 0 2
f 1
q 1
m 2 5 3
q 2
m 3 1 6
m 4 1 4
m 4 3 1
m 5 2 7
m 5 5 2
f 5
m 1 2 4
m 1 0 0
b 1
m 4 3 7
f 4
q 4
m 5 3 2
m137
b 1
m 2 5 2
m 3 2 3
m 3 4 0
m 4 3 3
m 5 2 7
m 1 7 3
m 2 0 2
m 2 6 1
b 2
m 3 7 1
m 4 1 4
m 4 6 2
m510
m 1 3 7
f 1
q 1
m 2 1 0
m 3 0 3
m 3 6 1

