B 8 4 3 3
m 2 0 2
m 3 1 4
m 3 6 2
b3
m 1 0 1
m 1 5 3
m 2 7 2
m 3 0 7
m 3 0 0
q 3
m 1 3 7
m1-9
q 1
g 1 2 7
m 3 5 2
m 1 1 7
m 1 5 1
m 2 2 3
m 3 0 1
m 1 3 7
m 2 1 4
m 3 1 3
m 1 1 0
m 1 5 2
m21
m 2 4 0
m 3 1 3
m 1 0 4
m 2 2 3
p
m312
m 3 1 2
m 1 0 7
m 1 1 2
q 1
m 2 2 2
f 3
m 1 1 3
f 1
m 2 0 2
m 3 1 2
m 3 1 2
m 1 1 1
q 1
m216
m 3 3 4
m 1 3 1
f 1
m 2 3 0
q 2
m 3 3 4
m 1 7 2
m 1 5 3
m 2 0 1
m 3 6 0
m 3 4 1
m 1 2 3
f 1
m 2 5 0
m 3 4 1
m 3 0 3
m 1 3 6
m205
b 2
m 3 1 1
m 3 3 2
q 3
m 1 2 4
m 1 1 1
f 1
m206
m 2 3 0
m 3 3 6
m 1 0 6
m 1 7 0
q 1
p
m 2 1 4
f 2
m 3 0 7
m 1 3 4
m 1 1 1
m 2 1 7
m 3 0 2
m 1 3 3
m 1 3 3
m 2 5 1
m 2 0 3
q 2
m 3 3 7
f 3
m 1 1 3
m102
m 2 0 3
m 2 1 3
m 3 1 3
m 3 4 0
m113
m 2 2 1
m 2 2 3
m 3 0 4
m 1 2 4
m 2 0 2
m 2 5 2
m 3 0 7
m 3 2 1
q 3
m 1 1 1
f 1

