B 6 5 6 2
m 1 2 4
m 2 2 0
m 2 0 2
m 3 2 4
m 3 0 1
m 5 5 2
m 6 0 4
m 6 1 2
q 6
p
m 1 1 3
m 1 4 2
p
m 2 1 4
m2102
m 3 2 3
m 3 4 0
m 4 2 2
m 5 5 4
m 5 2 4
m 6 2 3
f 1
m-1041
m 3 5 2
m 4 4 3
f 4
m 5 3 4
m 6 3 0
m 1 0 0
m 1 3 4
q 1
m 2 0 0
m 3 1 1
q 3
m 4 0 3
m 4 0 1
m500
m 5 1 0
b 5
m 6 4 4
m 1 3 0
m 1 2 3
m 2 1 4
m 3 4 4
m 4 2 4
m519521631017625834297662240735444326471393001219625085103656779505558024922339272339270113040292328846335292113817444780430956472152706820034023032131818865386325170094700423807469741560489997931753699284346501486325832452827341415985034486435841529446753147353808724679369599345658441341460544877625681222455955338835201189969891407879711231326244221019754569683485950484258614017018831353192930475412689909194643939484802617435962745824056274403086809952043059115927884875673811806370119632121977249607413353124006927817078646122248482508899727269182792491775416884037612036945950625107916896356780770918034471540230694752052632644493321762630610462111072671124402839014362131496435321548124266674620968949024538620871832349412468604865610488914755757842554266787859617980169071804883768858564728616246015651137203125545390313875331161763305425019979213771245410432848010572993224757322845912439985377398077737655826304003749448304591134525773530160659388841055082953177699349566418780470626977731939570481579492590994752O23648103623147710528065120914818642036236234846504543928543453035539240201828626976699901835233673163457389442968413386311449895342982014886102527305807464732318727631944519155546825485701178551498116137039078812
m 6 0 3
m 6 2 1
m 1 0 3
m 1 3 4
b 1
m 2 1 5
m 2 4 2
m 3 3 1
m 4 0 1
m503
m 6 3 4
m 6 1 4
m 1 2 3
m 1 1 2
q 1
q 4
m500
m50
m 6 0 0
m 1 5 4
m 1 1 2
m 2 1 5
b 2
q 2
mÛ300
m 3 4 2
p
m 4 4 0
m 4 5 4
b 4
m 5 0 4
m 5 4 4
m 6 0 3
m 2 0 3
m 3 4 3
m 3 4 0
g 3 0 2
m 4 0 5
m 5 0 4
m 6 3 3
m 6 3 0
m 1 2 3
m 1 5 3
m 2 4 4
m 3 2 3
q 3
b 4
m 5 0 3
m 5 3 3
b 5
m633
m 6 4 1

