B 8 4 5 8
m 1 1 2
m 1 4 1
m 2 3 0
m 2 5 1
m 3 2 3
m 3 6 1
m 4 3 4
m 5 5 0
p
m 1 1 3
m 3 2 3
m 3 6 2
m 4 0 3
f 4
m527
m 5 1 3
b 5
q 5
b1
m 2 2 3
m 3 0 0
m 4 1 1
m 5 0 1
m 1 0 4
m 1 2 3
m 2 2 4
m 2 7 2
m 3 0 1
m 4 2 2
b 4
m53
q 5
m 1 0 1
m 1 4 3
m 2 5 2
f2
m 3 2 3
m 4 1 7
m 4 0 2
m 5 0 2
m 1 3 6
m 2 0 1
m202
m 4 2 4
m 4 7 3
m 5 6 3
m 1 3 0
m 1 0 1
m 2 0 3
m31-5
m 4 0 7
m 4 6 3
m 5 3 2
m 5 2 1
m 1 0 4
m 1 3 3
m 2 0 2
m 2 6 1
m 3 0 2
b3
f 3
m 4 1 3
m 4 5 3
m 5 0 7
m501
m 1 6 2
m 2 0 7
m 2 4 1
m 3 0 1
g 3 2 0
m 4 0 4
m 4 4 1
m 5 2 0
m 5 7 3
q 5
m 1 1 3
m 1 4 0
b1
m217
m 3 1 7
m 3 0 3
m 4 0 1
m 4 0 2
q 4
m 5 1 3
m 5 1 0
m 1 1 7
m 1 0 0
m 3 1 3
m 4 0 7
b4
m 5 0 7
m 1 1 7
m 1 1 1
m 2 4 2
q 2
m 3 1 7
m 4 5 1
m 4 0 0
b 4
p
m 5 1 3
f 5
q 5
p
m 1 1 3
m 1 0 3
m 2 1 7
m 2 2 1
m 4 2 1

