B 8 5 4 13
m 1 2 0
m-31056957638337959847916029098620240282237876151603220567597484635600056981150446547845511240017103835754090596463845037157617037551666336206459025919555392594508843512663692160866118810856036863355688396629392301793251444258505256757222251028752600750693203084671472556588858947614008954686964341724336554194737335294202375272988635180626517535655749571212439113560828696183759139935428875669898699432017912291756587750686888491011472934616645948324911090133895408901258920907020ï3006562607143114618303978173981307308969241744409654042171288446925205103404427716011767717113560149074852138795636898818978726587536849296685007999417063324808842293038112754448122719885982499651412841214686149653179422807437798029351539382682671258=3044323507308442836418973748742949417157463152968696939726832281633569913718522912273657298485374469780715815424083318635064497089733521131057681258104825515428876232324664140381285927544056146218769122869947073230377492155769288789253910076297985650021789388407926196855688333004952228832575993971332471356524527514962445750906448926780456835849742461470790643069968503451928384468533210191798088554045838633963146793736148122595624172181151104708576046022136932758990735002427811590162386433651292215751
m 3 2 5
m 4 4 5
m 4 0 0
m 1 0 2
m 2 3 6
m 3 2 4
m 3 3 2
g 3 2 0
m 4 0 4
m 1 3 5
m 2 1 6
m 2 3 2
m 3 0 4
m 3 5 1
q 3
p
m 4 7 0
m 1 1 6
m118
q 1
m 2 2 1
m 2 6 2
m 3 0 2
p
m 4 3 3
m 4 6 2
m 1 0 2
m 2 7 0
m 2 1 4
q 2
m 3 1 2
m 3 6 4
q 3
p
m 1 3 5
m 1 6 2
m 2 1 7
q 2
m 3 2 7
m 3 4 2
m 4 4 4
m 1 1 4
m 2 0 6
m 3 0 2
m 4 3 4
m433
b 4
m 1 3 2
m 1 5 1
m 2 3 7
p
m 3 5 1
m 4 2 2
m 1 3 3
g14
m 2 1 4
m 2 2 1
m 3 1 4
m 3 5 2
m 4 1 0
m 1 0 5
m 1 2 1
m 2 1 1
m 2 5 2
m 3 0 1
f 3
f 4
m 1 1 0
m 1 0 4
m 2 5 4
b 2
m 3 0 3
m 3 3 1
m 4 0 5
q 4
m 1 3 1
m 2 3 1
m 3 0 3
m 4 6 4
m 4 0 2
m 1 5 3
g 1 4 2
m 2 0 4
m331
m 4 2 4
m 4 3 3
q 4
m 1 3 7
m 2 0 6
m 2 6 2
m304
m 3 3 1
b 3
m406
m 1 6 2
m 2 4 2
m 3 1 7
m 3 5 4
b 3
g 3 1 1
m 4 0 3
m410
f 4
m114
m 1 1 4
m 2 0 6
m 2 6 4
q 2
m 3 1 6
m40
m 1 3 7
m 2 0 3
m 2 6 1
m 3 2 4
q 3
m 4 1 7
m 4 0 1
g 4 2 4
m 1 1 0
m 1 5 1
m 2 7 2
m 3 3 1
m 4 0 3
m 4 1 1
m 1 5 0
m 1 6 4
m247
m 2 7 2
m332
m 3 7 4
m 4 1 7
m 4 5 3
m 1 0 1
m 1 7 1
m 2 0 6
m 2 3 3
m 3 3 2
m 3 3 4
m 4 3 7
m 4 0 0
q 4

