B 7 7 3 12
m 1 0 2
m 2 2 4
m 3 5 6
m 3 4 4
b 3
q 3
f 1
m 2 0 3
m 3 4 5
m 3 4 4
m 1 0 2
m 2 6 4
m 2 0 2
m 3 1 4
f 3
p
m 1 6 3
m 2 4 0
m 2 1 1
m 3 1 0
m 1 5 0
m 1 6 4
m 2 3 2
m 3 2 5
m 3 1 1
m 1 3 1
q 1
m 2 1 0
m201
b 2
p
m 3 6 5
m 3 0 5
q 3
m 1 6 4
m 1 4 5
q 1
m 2 6 6
m 3 3 5
b11
m 1 4 3
m 2 2 4
m 2 1 3
b 2
m 3 4 1
p
m 1 0 1
f 1
m 2 1 5
m 3 2 5
m 3 5 3
m 1 6 4
m 1 6 0
m 2 3 2
m 3 0 0
m 3 5 1
q 3
m 1 2 6
m 1 0 0
m220
b 2
f 3
p
m 1 1 2
m 2 0 3
m 2 6 1
m 3 3 3
g 3 2 3
m 1 4 1
q 1
m 3 4 0
m 3 2 4
m 2 6 3
m 2 2 0
q 2
m312
b 3
m 1 0 3
m 1 0 3
m 2 6 4
m 2 1 3
b 2
m 3 2 6
m 1 4 0
m 1 1 0
b 1
m 2 2 5
p
m 3 2 4
m 3 0 3
m 1 0 3
m101
f4
m 2 4 5
m 2 2 6
m 3 2 4
m 2 0 1
m 2 3 2
b 2
m 3 6 0
m 3 0 6
m 2 4 5
m 3 4 0
m 3 0 0
m 1 1 0
m 1 3 2
m 2 3 6
m 2 1 3
f 2
m 3 3 2
m 3 0 6
m 1 4 3
m 1 6 2
b 1
q 1
m 2 1 2
m 3 4 2
m 1 6 4
m122
m 2 4 3
b 2
m 3 4 3
m 1 2 3
m 1 5 3
m 2 6 1
m 1 5 5
m 1 6 5
m 2 1 1
m236
m 3 6 4
m 1 6 1
m 1 6 2
m 2 4 3
m 3 4 5
m 1 4 5
m143
m 2 6 4
m 3 4 0
m 3 4 3
m 1 6 1
m 1 3 3
g 1 3 5
m 2 5 0
m 2 2 4
q 2
m 1 4 3
m 2 2 5
m 2 5 0
b 2
b 3
f 3
m 1 1 2
q 1
m 2 0 3
m 2 4 1
g 2 3 5
m 3 5 2
m 1 1 2
p
m 2 4 0
m 2 0 6
m312
f 3
m 1 4 4
m14
m 2 6 4
m 2 3 5
b 2
m 3 1 2
m 3 4 3
f 3
q 3
p
m 1 0 1
m 1 4 2
m 2 2 0
m 2 4 5
m 3 0 0
m 1 6 5
m 1 3 2
f 1
m 2 6 1
q 2

