B 5 5 4 8
m 1 4 4
f1
m 2 1 2
m 2 2 0
m 3 1 0
m 3 0 1
b 3
m 4 1 4
f 4
m 1 3 4
m 1 2 2
m 2 1 3
m 2 0 3
q 2
m 3 4 0
f 3
m 4 3 3
f 4
m 1 1 1
m 1 0 0
m 2 2 0
m 2 0 2
m 3 4 0
m 3 1 1
m 4 4 0
b 4
m 1 4 2
q 1
m 2 1 3
m 2 1 3
332m
m 3 3 4
m 4 0 3
m 1 4 0
m 1 0 2
m 2 3 4
f 2
m 3 2 3
q 3
m 4 2 2
f 4
m113
m 2 1 3
m 2 4 1
m 3 0 4
q 4
m 1 3 4
m 1 3 0
f 1
m 2 1 3
m 3 2 3
m 4 1 3
m 4 4 3
m 1 2 3
f 1
m 2 4 2
m 3 1 2
f 3
m 4 1 2
m 1 4 2
m 1 3 0
q 1
m 2 1 3
m 2 3 0
f 2
m 3 1 3
m 3 1 1
m 4 2 0
m 1 1 3
m 1 3 1
m 2 3 3
m 2 2 4
m 3 1 2
m-941
m 4 1 2
m 4 2 3
g 4 1 4
m 1 2 3
m 1 4 2
m 2 1 2
m 3 2 2
m 3 2 2
q 3
m 4 2 3
m 1 2 3
f 1
m 2 2 3
m 3 1 2
m 3 2 1
m 4 2 3
m 1 2 3
m 2 2 3
m 2 2 3
f 2

