B 5 7 5 4
m 2 4 4
m 2 1 4
m 3 3 2
m 3 4 0
m 4 0 3
m 5 3 1
m 1 3 4
m 1 4 2
q 1
m 2 3 3
m 2 2 6
m 3 2 2
m402
m 4 1 6
f 4
m 5 6 4
m231
m 3 0 3
g 3 6 1
m 4 1 4
m 4 0 4
q 4
m 5 1 2
m 5 4 5
b 5
f 5
m 1 3 4
m 2 1 4
q 2
m 3 1 4
m 4 3 1
m 4 1 0
m 5 5 3
m 5 2 4
m 1 5 2
m 1 1 2
m 2 1 2
q 2
m 3 5 1
m 4 1 4
m 1 3 2
m 2 1 4
m 3 4 3
m 3 3 5
m 4 3 1
q 4
m 5 1 6
m 5 0 1
m 1 1 6
m 2 5 0
b 2
m 3 1 2
m 4 1 4
m 4 1 3
b 4
f 5
m 1 3 2
m 2 1 4
m 3 1 4
p
m 4 0 2
m 5 1 0
m 5 2 0
m 1 1 4
m 1 0 1
m 2 0 0
m 3 1 2
m 3 0 4
q 3
g333
m 4 0 2
m 4 1 6
m 5 0 2
m 5 2 4
m 1 0 3
m 2 2 1
m206
m 3 0 3
b 3
f 3
q7
m 4 0 0
m 5 3 2
m812
m 1 4 5
02m
m242
m 3 6 4
m 3 4 1
m411
p
m 5 6 3
m 1 5 0
m 1 2 3
q 1
m 2 0 3
m 2 3 6
f 2
m 3 3 3
m 4 4 6
b 4
m 5 1 4
m 1 5 2
m 1 4 2
m 3 0 3
l4õ0´m6
b 4
m 1 0 3
m 2 0 2
m 2 0 4
m 3 0 2
m 3 2 5
m 4 0 2
m 5 5 1
m511
q 5

