B 7 7 5 12
m 2 0 3
m 2 2 6
m360
m 3 5 3
m 4 1 6
m 5 4 1
m 1 1 5
m 1 4 3
m 2 0 1
m 3 4 5
m 4 4 1
m 5 5 3
m 5 5 4
b 5
m 1 3 6
m 2 4 0
m 3 4 0
m 3 4 5
m 4 3 3
m 4 2 1
m 5 4 6
f 5
m 1 3 6
p
m 2 0 2
m 2 4 3
b 2
m 3 3 1
m1062
m 4 2 5
m 5 3 4
q 5
p
m 1 0 1
m 1 4 2
m 2 0 1
m 2 5 5
m 3 6 5
m 3 4 3
g 3 4 5
m 4 4 1
m 4 5 0
b 4
m 5 1 6
m 2 5 0
m 2 4 2
m 3 2 2
m460
m 4 2 3
b 4
m 5 0 0
m 5 3 2
m 1 2 4
m 2 6 6
m2¶3(9
3m65
m 4 0 5
m 4 5 3
f 4
m 5 2 1
m 5 1 4
m 1 3 6
m 2 6 5
m 3 3 6
m 3 2 6
p
m 4 6 5
m501
m 1 1 4
m 1 6 5
m251
q 2
m 3 0 1
m 3 2 5
g 3 0 0
m 4 6 1
m 4 0 1
m-153
m 5 0 0
f 5
m 1 6 5
m 2 6 5
m 3 4 0
m 3 6 3
q 3
m440
m 4 2 1
m 5 1 1
m 5 6 3
m 1 3 2
m 2 1 5
m 4 4 4
m 5 3 1
m 5 3 4
f 5
m 1 2 1
m 2 5 3
m 3 1 5
m 4 6 4
m 1 2 1
m 2 1 5
m 4 1 1
m 4 1 2
b 4
q 4
m 5 2 5
m 5 0 0
m 1 3 1
m 1 4 1
m 2 4 0
m 3 0 2
m 3 1 0
b3
m 4 6 0
m 4 5 1
m 5 0 3
m 1 0 1
m 1 0 1
m 2 2 5
m 3 0 2
m 3 6 1
b 4
m 5 2 3
m 1 3 1
m231
p
m 4 4 2
m 4 0 6
m 5 4 5
p
m 1 5 6
q 1
m 2 4 6
m 3 2 3
m 4 4 0
f5
m 1 1 6
m 3 4 0
m3-90
q 3
m 5 5 2
m 5 3 0
f 1
m202
m 3 0 2
m 4 0 2
m 4 4 0
m 5 5 2
m 1 5 3
m 2 3 1
m380

