B 6 4 6 3
m 1 0 1
m1230
m 2 4 1
m305
m 4 3 2
m 5 1 1
m 6 2 2
q 6
m 1 2 2
m 2 0 0
m 2 3 0
f 2
m 3 3 0
m 4 5 1
m 4 0 3
g 6 1 0
m 1 3 5
m 1 5 1
m 2 0 4
m232
m 3 1 2
m 3 3 0
m 4 0 2
q 4
m 5 3 4
m 5 0 3
m 6 3 1
m 1 0 2
m 1 1 3
m 2 1 2
m 2 3 2
m 3 2 3
m 3 3 1
m 4 3 4
m 4 4 3
f4
m 5 2 4
m 5 4 2
m 6 3 5
m 6 4 3
b 6
m 1 3 5
m 1 0 0
m 2 2 5
m 2 4 1
m 3 4 2
m 4 0 5
m 4 4 2
m 5 2 5
q 5
m 6 2 0
m 1 0 4
q 1
m 3 0 4
01m1
m 4 2 5
b 4
q 4
m 5 1 2
m 5 0 3
m 6 0 1
m 1 0 2
m 1 0 1
m 3 0 5
m 3 5 3
m 4 0 2
m 5 0 4
m 6 1 1
m 1 0 2
m 1 4 3
m253
m 3 0 2
m 3 5 3
m 4 1 2
m450
p
m 5 0 2
m 5 0 0
m 6 0 2
m 6 2 1
q 6

