B 7 6 4 12
m116
m 2 2 6
q 2
m 3 5 3
m 3 6 0
m 4 4 6
m 4 5 1
m 1 2 4
p
m 2 1 0
m 2 0 1
m 3 2 6
b 3
m 4 4 0
m 4 4 5
m 1 6 3
m 2 2 0
g 2 0 6
m 3 3 5
m 3 3 5
b 3
m 4 4 1
m 1 4 1
m 2 4 3
m 3 4 0
m 4 1 2
m 1 5 0
m 1 6 2
m 2 0 5
m 3 2 4
m 3 3 5
m 4 2 0
m 4 6 0
m 2 4 6
q 2
m 4 1 1
m 4 6 3
m 1 1 2
m 1 6 2
m 2 5 2
p
m 4 3 3
b 4
m 1 5 2
m 1 6 3
m 2 0 0
m 3 0 3
m 3 0 1
m 4 4 0
m 4 3 3
p
m 1 2 3
m 2 6 4
m 2 3 3
m 3 4 1
m 4 5 6
m 4 0 5
m 1 2 3
m 1 4 2
q 1
m 2 5 5
m 2 6 2
q 2
m 3 3 1
m335
m 4 6 3
m 4 1 0
m 1 0 0
m231
m210
m 3 6 1
m 4 2 0
m 1 1 2
q 1
m 2 4 1
m 3 5 6
m 3 1 0
b 3
m 2 4 4
f 2
m 3 1 4
q3
m 4 5 0
m 4 5 1
b 4
m 1 2 2
m 1 1 3
m 2 4 5
m 2 6 5
m 3 4 3
m341
m 1 4 0
m 1 2 5
m 2 4 5
m 3 1 2
m 4 1 3
b 4
m 1 4 3
m 1 5 5
m 2 4 0
b 2
m 3 0 4
m 3 2 0
m 4 0 3
m 4 6 5
m 1 1 2
m 2 1 2
m 3 4 3
m1403
m 4 1 3
b 4
m 1 5 4
m 1 5 1
m 2 5 1
m 2 5 3
m 3 2 0
b 3
m 4 6 3
m 1 2 0
m 2 1 0
m 3 5 1
m 3 6 0
m 4 5 1
m 1 0 3
m 1 4 3
m 2 4 3
q 2
m 3 6 1
m 4 0 3
b 4
m 1 2 2
b 1
q-
m 2 5 1
m 3 2 3
m 3 1 3
f 3
q 3
m 4 5 1
m 4 3 5
p

