B 7 5 5 8
m 1 0 2
m 2 0 5
f 2
m 3 6 4
m 3 1 4
m 4 2 1
m 4 3 2
m 5 2 6
m 1 3 4
m 2 2 1
m 3 4 2
b 3
m 4 0 1
m 4 0 0
f 4
m 5 6 0
m 1 1 3
m 1 4 2
m 2 3 3
q 3
m 4 4 4
m 4 5 3
f 4
m 5 3 0
f 5
m 1 5 0
m 1 0 0
m 2 6 1
m 2 3 4
q 2
p
m 3 1 5
m 4 3 6
m 4 0 3
b 4
g 4 4 6
m 5 1 2
m 1 0 1
m 1 0 4
m211
m336
m 3 2 3
m 4 1 1
f 4
m 5 1 3
m 5 3 2
q 5
g 5 2 1
m 1 0 1
m 1 1 3
m 2 3 2
m 3 6 0
m 4 1 4
m 5 5 1
m 1 0 1
m 1 5 1
m 2 3 2
f 2
q 2
m 3 4 0
m126
f 3
m 4 3 4
q 4
m 5 3 1
p
m 1 0 3
m 2 0 1
m 2 0 1
m 3 1 4
m 4 1 4
m 4 2 0
m 5 4 5
b 5
m 1 4 5
m 1 0 4
m 2 0 3
m 4 4 5
m 4 6 3
m 5 2 5
m 1 4 4
m250
m 3 4 2
p
m 5 1 4
m 5 1 0
m 1 3 4
p
m 2 2 2
b 3
m 4 4 2
m 4 6 1
m 5 2 5
m 5 4 0
g 5 4 6
p
m 1 4 5
m 2 4 2
m 3 5 3
m 4 2 3
p
m 5 1 4
b 5
m 1 1 1
m 2 0 0
m 4 2 4
m 5 2 5
m 1 5 0
m 1 6 4
m 2 1 4
p
m 3 4 5
m 4 1 4
m 5 3 2

