B5657B 5 6 5 7
m 1 1 3
m 2 0 0
f 2
q 2
m 3 3 3
m 3 4 1
m 4 5 0
b 4
q
m 5 4 2
m 5 0 4
m 1 1 5
m 2 1 1
m 3 3 4
m 3 1 0
m 4 3 2
q 4
m 5 3 1
m 1 0 0
m 3 4 1
m 5 4 2
m 5 4 1
m 1 0 4
m 2 1 3
m 3 3 2
m 4 3 0
m 5 5 2
m 1 3 2
m 1 2 4
m 2 1 2
m 3 3 5
m 4 0 2
m 5 4 3
m 5 0 0
q 5
m 1 1 0
m 2 4 1
q 2
m 3 3 0
f 3
q10
m 4 5 4
m 4 4 1
f4
m 5 0 5
m 5 1 1
m 1 5 2
m 1 0 2
m 2 1 1
m 2 1 2
q 2
m3Ô-P70
m441
m052
q 4
m 1 1 2
b 1
m 2 1 2
f 2
m 3 2 5
m 4 3 2
m 4 3 1
m 5 5 4
m 1 2 2
f 1
m 2 1 0
m 2 2 3
q 2
m 3 1 4
m 4 1 0
m 5 1 0
m521
f5
m 1 1 0
g 1 3 2
m 2 1 4
m 2 0 3
m 3 5 4
m 4 5 4
m 1 0 0
m 2 0 2
m 4 5 4
m 5 4 4
f 5
m 1 5 4
m204
m 3 2 0
m 4 5 4
m 4 0 2
m 5 4 3

