B86324B 8 6 3 24
f 1
m 2 4 7
m 2 0 0
m 3 0 6
m 3 7 3
p
q 1
m 2 1 5
m 2 3 2
q 2
m 3 5 0
m341
m111
m 1 0 3
m 2 3 3
m 2 7 5
f 2
m325
g 3 1 1
m 1 1 7
m 2 1 5
m 3 5 4
m 3 7 2
m 1 4 1
m 2 2 0
m 2 1 3
m 3 1 5
m 1 6 5
b 3
m 1 4 4
m 1 4 1
m 2 0 4
m 2 7 1
g 2 0 5
m 3 3 6
m 3 0 4
m 1 2 0
m 1 4 4
b 1
m 2 0 1
m 3 3 6
p
m 1 1 2
m 1 2 3
m 2 3 0
m 2 3 4
m 3 6 5
q 3
m 1 0 4
m 1 7 0
m 2 2 4
m 2 4 0
p
m 3 1 5
m 1 3 2
m 2 3 5
m 2 3 0
m 3 2 6
q 3
g 3 3 2
m 1 5 4
p
m 2 4 4
f 2
m354
m371
m 1 2 2
m 1 5 4
b 1
m 2 2 2
m 2 2 5
m 3 3 4
m 1 2 5
p
m 2 5 0
m 3 5 0
m141
m 1 0 2
f 1
m 2 0 6
m 2 2 3
p
m 3 2 5
p
m 1 1 2
m 1 3 4
m 2 2 4
q 2
m 3 1 4
m 1 4 6
q 1
m 2 7 3
m 3 6 4
m 1 3 6
m 1 1 0
m 2 2 6
m 2 4 5
p
m 3 4 7
m 3 6 0
m 1 2 4
m 1 1 4
m 2 2 4
m 3 2 4
m 3 2 2
m 1 1 6
m 2 5 5
m 3 1 2
m 3 7 3
m 1 3 6
m 2 3 4
m 3 2 1
g 3 0 1
m 1 1 5
m210
m 2 2 5
q 2
m 3 3 4
m 1 4 5
m 2 1 6
m 2 7 4
[m-570
m 1 1 5
m 1 4 2
m 2 1 6
m 2 0 5
b 2
m 3 2 6
m 1 3 6
b1
m 2 2 6
m 2 4 3
f 2
m 3 1 3
.m1-35
g 1 5 3
m 2 1 1
m 3 3 5
m 3 3 1
m 1 7 4
m 2 2 6
f 2
m 1 1 6
b 1
q 1
m 2 2 1
m 3 3 5
m 3 3 4
m 1 4 3
m202
m26
m 3 5 3
m130
m 2 1 6
b 2
m 3 2 6
m 1 2 6
m 2 2 5
m 2 0 0
m 3 3 6
m 1 3 6
m 1 1 3
q 1
m 2 5 3

