B8434B 8 4 3 10
m 1 6 3
m 2 0 0
m 3 4 1
m 1 2 6
m 2 2 6
p
m 3 2 0
m 3 6 3
f 3
m 1 3 2
m 1 2 0
m 2 2 0
m 2 0 0
m 3 1 0
q 3
m 1 0 5
m 1 6 0
b 1
m 2 0 3
m 3 1 5
m 1 3 2
m236
b 2
g 2 3 6
m 3 0 3
m 3 6 0
f 3
m 1 3 5
m 2 7 0
m 3 6 2
g 3 0 0
m 1 5 0
m 1 2 2
m 2 6 3
m 2 0 3
m 1 1 6
m 1 0 2
m 2 7 1
b 2
m 3 1 2
m 3 6 2
m 1 1 0
m 2 6 2
m 2 0 3
m 3 0 4
m 3 4 2
m 1 1 3
m22
m 2 0 3
m 1 3 4
f 1
m 2 2 3
m 1 4 2
m 1 5 2
q 1
m 2 2 0
g 2 2 6
m 3 1 0
m 3 1 0
m 1 7 0
m 2 0 4
m 2 4 2
m 3 2 1
m 1 1 5
m 1 1 3
m 2 3 5
m 3 1 1
m322
g 3 0 7
m 1 3 7
m 1 1 0
m 2 0 4
q 2
m 1 3 5
m 1 3 2
m202
m 3 7 2
f 3
g 3 3 2
f 1
q 1
m 2 1 0
m 3 1 5
m 3 1 3
q3
m 1 3 4
m235
m1150
b 2
f 2
m 3 3 4
m 3 2 0
m 1 1 5
m 1 4 1
m 2 0 4
p
m 3 3 5
m 1 1 3
m263
m 3 0 3
m 1 1 0
m 2 4 3
m335
q 3
m 1 4 1

