B 8 5 3 15
m 1 1 2
m 2 1 1
m 2 6 3
p
m 3 4 3
m 3 5 1
m 1 2 0
m217
m 2 1 0
m 3 7 1
g 3 0 2
m 1 4 7
m 1 5 2
f 1
m 2 0 4
m 2 4 0
m 3 0 7
m 3 3 3
m 1 0 6
f 1
m 2 4 4
f 2
m 3 5 4
3f
m 2 6 0
m322
m 3 5 3
p
m 1 3 7
f 1
m 2 4 1
m 2 4 0
m331
m 3 1 3
p
m 1 4 1
b 1
m 2 0 0
m 3 4 6
m 3 0 3
f 3
m 1 0 5
m 1 0 0
p
m 2 4 7
m 3 2 3
m 1 0 5
m 1 0 1
m 2 2 6
m 2 7 3
m 3 0 3
m 1 5 3
m207
Cp
m 3 5 4
m 3 7 3
g302
m 1 1 2
m 1 1 2
b 1
m 2 2 7
m 2 4 1
m 3 4 1
m 3 3 2
m-173
m 2 0 5
m 2 7 1
q 2
m 3 2 7
m 1 0 7
q 1
m 2 4 6
m 3 0 5
m 3 1 0
b 3
m 1 1 1
p
m 2 0 7
m 3 3 0
m 3 1 4
m 1 0 3
m 2 0 5
m 2 0 0
b 2
m 3 4 7
m 3 3 2
m 1 1 2
m 1 3 1
p
m 2 1 3
m 3 4 0
b 3
m 2 1 2
m 2 2 4
g 2 2 5
p
m 3 0 2
m 3 3 1
f 3
m 1 5 1
q 1
m 2 4 2
m 2 1 0
m 3 0 5
m 1 4 3
m140
m 2 4 3
m 2 0 4
m 3 4 7
m 1 4 6
m225
m 2 4 2
m 3 1 4
m17
m 2 4 7
m 2 5 2
m 3 4 7
g 3 0 2
p
m 2 4 6
m 3 2 7
m 1 1 1
m 1 3 3
m 2 3 3
m 3 5 1
m 1 2 6
m 2 2 3
m 2 7 2
m 3 0 0
m 3 7 4
m 1 1 2
m 2 2 6
m 2 5 3
m 3 4 3
p
m 1 1 2
m 1 4 4
m 2 4 6
m 2 6 0
b 2
m 3 4 3
m 1 2 6
m 1 3 3
p

