B 6 5 3 14
m 1 2 0
m 2 3 1
m345
m 3 4 0
m 1 2 2
m 1 4 1
m 2 5 4
f 2
q 3
m 3 4 0
m 1 4 4
m 1 5 4
m 2 4 4
p
m 3 4 1
m 3 0 1
m112
m 1 1 4
b 1
m 2 1 1
m 2 2 2
m 3 4 4
m 1 0 5
m 2 2 4
m 3 3 3
q 3
m 1 0 0
m 1 4 4
m 2 3 5
p
m 3 1 5
m 1 3 3
m 2 1 5
p
m 3 2 1
m 3 3 0
m 1 2 0
m 2 3 3
g 2 2 1
m333
f 3
m 1 4 0
m 2 3 4
m 2 2 2
m 3 0 5
m 3 0 1
m 1 3 0
m 3 3 5
m 1 2 4
f 1
m 2 3 2
m 2 4 4
p
m 3 3 4
m 1 5 4
f 1
m 2 2 4
f 2
m 3 5 1
m352
m 1 3 4
f 1
m 2 2 4
m 2 3 1
f 2
g 2 2 1
m 3 0 0
m 3 4 1
m 1 2 4
m 1 0 3
q 1
m 2 2 4
m 2 5 1
m 3 1 4
m 3 0 2
m 1 3 2
m 2 3 2
m 2 3 4
m 3 0 5
m 1 3 4
m 2 0 1
p
m 3 0 5
m 3 1 1
m 1 3 3
m 1 1 0
b 1
m 2 3 0
m 3 3 1
m 3 1 0
m132
m 1 3 0
m 2 3 1
m 3 1 2
m 3 5 4
m 1 3 1
m 1 1 3
m 2 3 2
m 2 0 3
q 2
æÑm32·4
f 3
q 3

