B 6 5 3 12
m 1 3 2
m 2 3 2
ÃfÂµ2
m 3 4 0
g323
m 1 4 4
m 1 3 4
m 2 2 1
m 3 3 0
m 3 5 1
q 3
m 1 4 5
m 1 5 2
m 2 3 0
q 2
m 3 3 1
m 3 3 1
m 1 2 1
m 1 2 2
m 2 2 0
m 3 1 0
b 3
m 1 2 4
m 1 3 4
q 1
m 2 3 4
m 2 3 3
m 3 2 1
m 3 1 3
m 1 4 1
m 1 1 1
q1
m 2 4 0
m 3 2 1
m 3 1 1
m 1 2 1
m 1 2 4
m 2 0 5
m 3 2 0
m 1 3 4
q 1
m 2 4 1
b-
m 3 5 0
m 3 2 0
g 3 4 3
m 1 1 0
m 1 5 3
m 2 1 3
m 2 4 4
m 3 3 4
m 3 5 4
m 1 3 2
m 3 2 4
m 1 3 0
m 1 2 0
m 2 3 4
m 2 2 0
m 3 5 1
m 1 2 2
m 1 5 0
m 2 2 1
m 3 3 0
f 1
m 2 4 0
m 3 4 0
b 3
q 3
m 1 2 4
m 2 3 4
m 2 2 3
m 3 0 0
m 1 2 4
m 2 3 4
m 2 2 4
m 3 1 0
m 3 5 0
b 3
g 3 4 4
m 1 4 1
m 1 0 3
Â—mr234
m 2 1 3
m 3 1 0
m 3 0 1
m 1 2 4
m181
b 1
m 2 4 0
f2
m 3 3 1
m 1 2 0
m153
m 2 2 1
m 3 5 2
m 1 2 4
m 1 0 3
m 2 5 4
m524
q 2
m324
p
m 1 4 0
m 2 2 0
m 2 0 2
m 3 4 1
m 3 5 0

