B 7 7 6 5
m 1 0 4
b 1
q 1
f 2
m 3 2 1
m 4 0 3
m 4 3 0
m 5 2 1
m 6 4 5
m 6 1 0
m 1 0 0
m 1 2 1
m 2 0 2
m 4 3 2
q 4
m 5 1 3
m 6 0 0
m 1 3 6
b 1
q 1
m 2 3 3
m 2 6 6
m 3 0 4
m 3 4 4
f 3
m 4 0 3
m 5 0 4
m 6 4 4
m 1 2 3
m 2 1 5
m 2 3 1
m 3 2 5
m 4 2 6
f 4
m 5 2 2
m664
m 6 2 4
b 6
f 1
m 2 5 6
m 2 3 6
m353
m 3 0 2
m 4 5 2
b 4
m 5 1 0
m 5 6 3
m 6 6 0
m 2 0 4
f 2
m311
m 3 0 5
m 4 2 6
q 4
m54
m 5 4 6
m 6 1 3
m 1 2 6
m 1 1 0
b 1
q 1
m 2 5 5
m 2 5 0
g244
m 3 6 3
m 4 5 4
b 4
m 5 1 0
m 6 2 0
b 6
m 1 4 3
m112
q 1
m 3 3 4
m 3 1 2
m 4 2 4
m 4 0 2
m 5 0 4
m 5 4 1
m 6 3 6
m 6 1 2
b6
q 6
m 1 6 1
¯om2P51
m 2 1 6
m 3 5 3
m 4 4 5
f 4
m 5 2 6
m 5 0 5
m 6 2 6
m 6 2 1
b 6
m 1 5 0
m 2 5 3
m 2 5 5
m 3 1 5
m 5 1 5
m 5 1 2
m 6 0 5
m 6 0 6
q10
m 1 1 0
m 1 2 3
g 1 0 0
m 2 1 6
b 2
m 3 0 5
m 4 5 6
m 4 2 3
m 5 4 1
m 5 6 4
m 6 1 5
f 6
m 1 1 6
m 1 3 4
m 2 5 6
m 2 2 1
m 3 0 5
q 3
m 4 4 1
m 5 1 0
m 6 0 5
m 1 4 1
b 1
m 2 1 6
m 2 3 6
m 4 1 3
f 4
m504
m 6 6 0
m 1 0 4
m 1 6 5
m 2 1 4
f 2
f 3
m 4 5 6
m 4 1 5
m-915
m 6 1 6
m21
m 3 1 6
m 3 2 4
m 4 4 5
m 4 2 2
m 5 5 5
m 5 1 3
m 6 1 6
m 1 0 5
m 1 3 6
m 2 1 0
m 2 0 6
q101654728211797360122805820054392086537521534965624893721171767396245817923322756875898100394210917653573412630603349393102482536397910318332636411019339936194618795261212429212759845342929149384615768891497492818037477760356608860358961538066870037431657273010729661781491378263986634313426237195612344323332536745589651032082594724316649489673675498396468974788b9913809911426335664171540812791244437518530962730855481690105087319199851750323675143565815692072449833213832412933170435916562017495748877919814648052054608281620641231565183401791174433865887286570642579946954428336607989769645075624129445062501741691930903852645241705750078421361961156162543788895660734935550991332543912411635998684048046502540265772726268089094305447951256594265237685656649297058408034029102961082195838659099716601939205658399385605352532112015211661351860869664762096066965156449490508451465824718263330750120793718475986361363633677030626048997551045818939183759496679508405739284145057Ç8735080094099646523775872386245620308249363337165314842030917848510665088429172419245935482343333833425704028964972466816102926806310904914319828326072568871706380224220125962576100297582196103583811796<18149373812621164372899511765182294591902584230205886584
m 3 1 1
m 4 4 5
p
m 5 1 5
b 5
m 6 2 4
m 1 1 5
m 2 5 3

