B7849B 7 8 4 9
m 1 0 4
m 2 2 5
m 2 1 0
p
m 3 5 1
m 4 1 3
m 1 6 0
p
m 2 4 1
m 2 1 7
p
m 3 5 3
b 3
m 4 2 7
f 4
m 1 2 2
m 2 2 3
m-64ô4
m 3 4 7
m 4 5 2
m131
g 1 3 1
m 2 2 2
m 3 2 1
m 3 2 3
m 4 0 3
m154
m 1 3 5
m 2 7 0
m 2 5 0
m 3 1 3
f 3
m44
m 1 2 1
g 1 7 4
m 3 1 6
m 3 6 6
f 3
q 3
m423
m 4 4 7
m 1 0 3
m 1 2 7
m 2 2 3
m 3 2 5
f 3
q 3
m 1 2 4
m900
p
m 2 6 6
m 2 6 2
m 3 6 5
m 4 2 2
m 4 0 5
f 4
m 1 7 3
m 2 0 0
m 2 5 1
m 3 6 4
m 3 4 0
m 4 0 3
m 4 3 5
m 1 3 4
m 1 2 5
m 2 0 2
m 2 4 7
m353
m 4 0 3
m 1 1 4
m112
m 2 6 2
m 3 4 0
p
m 4 2 6
m 4 3 6
q 4
m 1 4 1
m 2 0 5
m 2 3 7
m 1 3 4
f 1
m 2 0 3
m 4 5 4
m 4 1 5
m 1 3 3
m 2 1 1
m 3 6 5
m 3 4 2
f 3
m354
m 4 3 2
f 4
m 1 1 3
m 1 6 3
b 1
8-m6
f 2
m 3 1 5
g 3 2 2
m 4 3 4
m 1 7 5
m 2 6 6
m\36
m 4 5 6
m 4 2 7
f 4
m 1 2 0
m210
m 2 2 5
g 2 6 2
m 3 7 6
m 4 7 6
m 4 4 5
m 1 1 3
m 2 5 6
m 2 6 6
f 2
m 3 7 6
m 3 0 0
m 4 6 4
m 4 1 0
m 1 7 0
m122
m 2 1 0
q-7
m 3 1 6
m 4 6 4
m 4 3 1
q 4
m 1 0 0
m 2 2 3
m 2 3 5
m 3 2 3
m 4 0 3
m 4 6 1
q 4
m 1 6 0
m 1 2 5
b 1
m 2 6 5
p
m 3 4 5
m 4 7 6
m 1 7 5
m142
m 2 0 3
m 3 7 6
m362
q3
m 4 4 1
m 1 4 5
m 2 6 0
m 3 6 0
m 4 4 2
m 1 1 0
b 1
m 2 6 0
m 2 0 0
m 3 5 3
m 3 4 5
p
m 1 3 6
m 2 6 3
m 2 5 6
f 2
m 3 6 4
m464
m 4 1 4
m 1 0 3
m 1 5 5
m 2 1 7
m 2 4 5
b 2
m 3 0 3
m 3 6 0
g 4 6 6
m 1 5 7
m 2 2 2
m 2 1 6
m 3 7 0
m 1 7 6
m 2 4 7
m 2 3 6
m 3 6 4
m 3 6 7
m 4 6 7

