B 5 6 4 9
m 2 3 0
g 2 3 3
m 3 4 4
m 4 0 4
m 4 0 5
m 1 2 5
b 1
m 2 1 0
m 2 2 4
m 3 1 3
m 3 2 5
m 4 1 2
m 4 2 3
m 1 1 4
m 2 1 2
m211
f 2
m 3 2 2
m 4 3 4
m 4 4 2
4f
m 1 3 4
m 2 3 0
m222
p
m 3 0 0
m 3 1 0
m 4 3 5
m110
m 1 0 0
m 2 5 1
m 3 2 4
m 3 2 1
m 4 0 4
m 1 0 2
m 2 2 4
m-10114654711113890207066868779355711658775240203655076278406254410948017743271327106327004131101560995674096218110413241135451313859586340573552463589807426263474961836870844497367705188110851958216882403749027844916335776300791143273108392680000999877146678620263906753547213054353813360834448900691049954800643204327685146494129700524227827583191800389207815063075223496589156530744731361024319674517476345251829513256280907965182650966305311118951333739304647822323797725968626160704283319812577283153755203375069880368925942805083301332873219337714813932258709861094532986714035723979517745349712665475670083404261278052512216329817666349478868186654172830561771686267903384980200379864981849549672355995913812556269476378205229045610673165148027514635993209657054449554265579348730660376411941107307051519594786627841205812609723739653358491445515771295557987207207387260498816257185418432180499664398738817879566818625765521097086320109891657767246070829061744548358609695936019518094277904559267304805099447425554151929570215559454398819493345587729653568416357991951679362182447263982760458336489806607604012093973109689994806245497994005285469348355617444768126787563192821773721994913674438978423361176718706773247143637118963
m 3 2 4
m 4 4 0
m 1 1 4
m 2 5 1
q 2
g 2 0 0
m 3 5 4
m 3 2 3
q 3
m 4 0 0
m 4 2 0
b 4
m 1 1 3
m 2 5 1
m 2 0 1
m 3 0 5
m 3 0 0
m 4 3 4
f 4
m 1 4 2
b 1
f 2
m 3 2 3
m 4 1 4
m 4 4 2
m 2 1 4
m 3 4 0
f 3
m 4 2 3
m 4 0 2
g 4 5 2
m 1 3 4
m 1 2 1
m 2 2 3
m 2 3 2
m 3 2 0
m 4 2 1
m154
m 1 2 2
b 1
m 2 3 0
g 2 3 2
m 3 5 1
f 3
p
m 4 1 3
m 4 4 4
g 4 4 1
m 1 1 4
b 1
f 1
m 2 1 4
m 3 2 4
m 3 4 5
m 4 1 3
m 4 1 1
m 1 1 3
b 1
m 2 4 1
m 2 3 2
g 2 2 0
m 3 1 3
p
m 4 3 4
p
m 3 5 1
m 3 3 2
m 4 3 4

