B 4 7 3 14
m 1 1 2
m 2 3 2
f 2
m 3 5 1
m 3 3 4
m 1 1 0
m 1 0 6
m 2 3 0
m3K5p3
m 3 3 1
m 1 0 0
m 2 0 0
q 2
m 3 3 1
m 1 4 0
m 2 5 0
m 3 6 2
m 3 3 6
m 1 2 1
q 2
m 3 1 3
m 1 2 2
m 1 0 6
m 2 6 1
m 3 1 0
m 1 1 0
m 1 1 0
m 2 5 1
m 3 6 1
m 3 2 2
b 3
q 3
m 1 5 2
f 1
m 2 1 1
m 2 1 0
m 3 1 4
m 1 5 2
m 1 1 0
m 2 4 0
m 2 3 2
f 2
m 3 0 2
m 1 5 1
m 1 0 6
b 1
f 1
m 2 3 0
m 3 4 2
2-65m
q 1
p
m 2 0 1
f 2
m 3 2 2
m 3 1 2
m 1 3 2
m 2 0 5
m 2 0 0
b 2
m 3 0 5
m 1 1 5
om22¦4
m 2 3 5
m 3 0 0
m 3 2 3
q5
m 1 3 4
m 2 3 0
p
m 3 3 0
g 3 2 3
m 1 5 2
m-615
m 2 2 3
m333
q 3
m 1 1 0
m 1 0 5
m 2 0 3
b 2
m 1 1 2
m 1 0 3
m 3 0 2
m 3 1 1
m 1 0 2
q 1
f 2
m 3 4 0
m 1 3 2
m 1 3 2
m 2 1 1
m 2 3 5

