B 5 4 3 5
m 1 0 3
m 2 3 3
m 3 1 0
g 3 3 3
p
m112
m 1 4 0
m 2 3 1
m 2 1 1
m 3 1 2
q 3
g 3 1 3
g 1 1 3
m 2 3 1
m 2 0 3
m 3 3 4
m 3 2 3
m 1 1 4
m123
g 1 3 2
m 2 3 1
m 3 3 1
m 1 4 0
m 2 2 3
m 2 3 3
m 3 2 0
m 1 2 2
m 1 0 2
f 1
m 2 0 3
m 3 3 1
p
m 1 0 0
m 2 1 2
f2
m300
p
m 1 2 2
m 2 1 0
m 2 3 2
b 2
q 2
g 2 3 3
m 1 1 0
b 1
p
m 2 0 3
m 2 1 2
m 3 0 3
m 3 4 1
m 1 3 1
m 1 4 0
m 2 3 4
m 2 0 3
m 3 0 3
q 3
p
m 1 1 2
m231
m312
m 3 2 2
g 3 2 0
m 1 2 4
m 1 1 3
m 2 2 0
m 2 3 2
g 1 1 4
m 2 0 3
m 2 2 1
f 2
m 3 2 4
m 3 1 3
m 1 3 4
m 1 4 3

