B 8 6 3 12
m 1 7 0
m 3 5 3
m 3 2 3
m 1 0 0
m 1 1 1
m 2 2 6
m250
m 3 2 1
m140
m 1 1 0
g 1 0 5
m 2 5 7
m 2 6 5
f 2
m 3 5 1
m 3 5 3
m 1 2 5
m 1 2 4
f 1
m 2 3 3
m 3 2 6
m 1 2 0
m 2 2 5
m 3 3 6
q 3
m 1 5 1
m 2 0 3
m 2 5 2
m 3 0 4
m 1 4 5
f1
g130
m 2 1 6
m 3 5 3
f 3
m 1 4 6
m213
m211
f 2
m 3 1 4
m 3 1 0
b 3
m 1 0 4
m 1 5 3
m 2 5 1
m 2 2 0
m 3 4 5
b 3
m 1 2 4
m 1 2 0
q 1
m20
m 2 6 3
m 3 2 3
m 1 3 5
m 2 2 6
m 2 6 1
m 3 3 4
m 3 4 1
b 3
m 1 5 3
f 1
q2
m 3 2 0
m 3 2 1
g 3 2 5
m15
m 1 6 0
m215
m 2 6 3
m 1 5 2
m 1 5 4
m 2 4 7
b 2
m 1 2 2
m 2 2 5
m 2 6 0
m 3 2 4
m 1 6 1
m 2 4 4
m 3 7 1
f 3
m 1 4 7
b 1
m 2 4 7
m 2 0 3
m 3 7 1
m 3 0 3
m 1 3 0
m 1 1 2
m 2 1 3
m 2 4 2
b 2
g 2 3 2
m 3 2 6
m 3 1 0
b 3
m 1 4 7
m 1 3 2
m 2 0 4
m 2 2 5
q 2
q 3
m 1 2 5
m 1 3 1
m 2 2 7
m 3 4 6
m 1 0 5
m 2 1 0
m 3 5 7
m 3 2 4
b 3
m 1 2 7
m 1 7 0
m 2 7 4
b 2
f 2
m 3 4 6
m 1 5 5
m 2 7 5
m 2 6 2
m 3 4 4
m 3 1 5
q 3
m 1 3 2
m 1 3 1
m245
m 3 2 0
q 3
m 1 4 6
g 1 3 5
m 2 4 4
m 3 2 7
m 3 7 2
m 1 2 0
m 1 7 4
m 2 2 5
m346
f 3
m 1 4 6
m 2 3 7
b 2
q 2
p
m 3 4 6
b 3
m 1 4 6
m 2 3 4
m 2 3 3
m310
m 3 4 5
m 1 1 0
m 2 3 7
f 2
g 2 4 3
m 3 4 6
m 3 3 1
m 2 7 0
m 2 6 0
m 3 5 5
m 1 2 0
m 1 4 4
m 2 1 0
m 2 2 2
m 3 4 6
m 3 4 5
f3
m 1 1 0
m 2 3 7
m 3 2 4

