B 4 7 3 8
m 1 2 3
m 1 2 3
m 2 1 3
m 2 1 2
q 2
m 3 1 0
m 1 4 3
m 1 2 5
m 3 1 2
m 3 1 6
m 1 0 0
m 1 0 4
g 1 0 1
m 2 5 1
m 3 1 3
m 3 3 1
m 1 2 0
m 2 3 0
m 3 1 2
m 3 0 0
f 3
m 1 2 4
m 2 3 4
m 2 3 2
m 3 6 0
f 3
m 1 2 0
m 1 3 5
m 2 0 6
m 3 3 5
m 3 0 1
m 1 1 2
m 1 3 1
b 1
m 2 6 2
m 2 3 1
m 3 4 1
m 1 4 1
m 1 3 6
m 2 1 0
m1P15
q 2
m 3 6 2
m 3 0 1
b 3
m 1 3 4
m 2 1 1
m 2 1 1
m 3 0 2
m 1 1 5
m 1 0 0
m 2 2 2
m 2 0 1
p
m 3 3 3
m 1 3 0
m 1 0 4
m 2 1 2
m 2 3 6
m 3 3 0
m 3 2 0
b 3
m 1 5 0
m 1 1 4
m 2 2 2
m 2 0 4
m312
b 3
p
m 2 5 0
m 2 3 4
m 3 3 3
m 1 3 0
m 1 2 3
m 2 2 5
m 2 2 3
m 3 1 2
f 3
m 1 1 2
m 1 1 5
m262
f 2
p
m 3 3 0
q 3
m 1 5 0
g 1 3 1
m 2 1 2
m 2 1 5
m 3 6 2
m 3 3 5
m 1 1 2
m 2 3 0
m 3 6 2
m 1 3 0
m 2 6 2
m 3 1 0
m 1 3 0
m 2 5 0
m 2 3 5

