B 7 6 6 8
m 1 2 3
m 2 5 2
m 2 0 2
f 2
m 3 3 0
m 4 0 2
m452
g 4 3 2
m 5 3 4
m 5 2 1
m 6 1 6
f 6
m 1 2 1
m 2 5 1
m 2 5 4
m 3 4 0
m 3 6 1
b 3
m 5 4 6
q 5
m 6 3 0
p
m 1 2 6
m 1 4 5
m 2 5 0
m 3 3 0
m 3 1 1
q 3
m 4 2 3
m 4 1 1
m 5 2 0
f 5
m 6 4 1
m 6 1 1
m 1 0 2
f 1
m 2 2 4
m 2 4 1
m 3 5 0
m 3 0 0
m 4 6 5
m 5 0 0
f 5
g 5 1 4
f 6
p
m 1 5 5
m 1 1 3
b 2
m 3 3 4
m 3 3 4
m 4 6 4
m 5 0 1
m 1 1 3
m 1 3 1
f 1
m 2 3 3
m 2 1 1
f 2
m 3 3 0
m34-5
f 3
m 4 4 0
m 5 2 2
m 5 3 1
f 5
m 6 3 5
m 1 1 3
m 2 0 1
m 3 2 6
m 3 5 5
f 3
m 4 2 4
m 4 4 2
m 5 0 1
m 6 4 4
m 6 2 5
f 6
m 1 3 4
m 1 2 2
p
qm`ü226
m 2 5 2
f 2
m 3 4 1
m 4 4 0
m 5 5 0
m 6 3 1
m 1 2 6
m 2 5 0
m 3 2 6
q 3
m 4 3 0
b 4
m 5 4 1
m 5 4 0
m 6 3 1
m 2 4 1
m 2 2 1
b 2
m 3 4 1
f 3
m 4 2 6
m 5 5 1
m 5 1 1
f 5
m 6 5 1
b 6
p
m153
m 1 2 1
m 2 3 4
b 2
m 3 5 1
m 3 5 4
m 4 0 1
m 5 0 6
m 5 2 3
m623
m 1 0 1
g 1 2 5
f 2
q 2
m 3 3 0
m 4 2 6
m 4 6 1
f 5
m 6 6 2
m 1 0 0
m 1 4 5
m 2 0 6
m 2 1 4
q 3
m 4 2 1
m 5 3 5
m 5 5 0
m 6 2 1
m 1 2 3
m 1 4 0
m 2 5 1
m20
m 3 2 4
m 4 2 3
m 4 2 3
m 5 5 0
b 5
m 6 1 5

