B 7 7 6 8
m 1 3 6
f 1
m 2 1 0
q 2
m 3 0 3
q 3
p
m 4 2 1
m 4 4 2
m 5 6 3
m 6 2 5
p
m 1 3 3
m100
g 1 3 0
m 2 0 6
m 2 1 0
m366
m 3 3 4
m 5 1 1
m 5 5 0
m 6 2 3
m 6 2 4
q 6
m 1 4 6
f 1
m561
b 2
m 3 6 2
q3
m 4 2 3
m 4 3 0
m 5 4 5
m656
m 1 5 2
m 1 2 0
f 1
q 1
m 2 1 3
m 3 4 3
g336
m 4 5 3
m 5 5 6
m 5 2 2
p
m 6 5 1
m 6 1 6
m 1 1 0
q 1
m 2 1 3
m 3 6 2
m 3 4 6
m 4 3 4
m 5 3 6
m 6 5 5
m 1 5 3
m 1 5 1
m 2 4 0
m 3 6 2
m 4 4 5
m 4 0 2
m 5 3 5
m 6 0 3
b 6
m 1 1 4
m 2 0 6
g 3 0 4
m 4 4 1
m 5 4 0
m 5 6 5
m 6 5 1
m 1 4 4
m 1 6 3
b 1
m 2 5 0
q 4
m 5 5 0
m 5 2 3
m 6 4 6
m 6 6 2
f 1
m 2 0 6
m323
m 3 2 2
m 4 3 4
f 4
m 5 5 1
m 6 4 0
q 6
m 1 1 0
m 2 6 0
m 3 2 3
m 4 5 0
m 4 6 3
m 6 4 5
q 6
g 6 3 4
m 1 1 0
m 1 4 6
q 1
m 2 1 0
m 2 4 4
b 2
q 2
g 2 0 1
m 3 4 2
m602
m 4 3 6
m 4 6 1
m 5 0 6
K?m623
m 6 6 4
m 1 5 1
m 1 4 1
m 2 6 2
m 3 5 1
q 3
m 4 2 1
m 4 5 6
m 5 1 0
m 6 1 0
m 6 4 3
m 1 2 1
m 1 4 0
b 1
g 1 5 4
m 2 1 0
m 2 3 2
m 3 4 0
m351
m 4 4 0
b 4
m 5 1 0
m 6 2 1
m 6 4 5
m 1 1 0
m 1 4 1
m 2 2 1
m 2 4 6
m 3 0 6
m 4 4 0
m 4 1 1
m 5 1 1
g 5 3 4
m 6 6 2
m 6 4 4
p
m 1 6 1
m 1 5 0
p
m270
m 2 2 3
b 2
q 2
m 3 0 0
p
m 4 1 3
m424
f 5
g 5 0 0
m 6 4 4
m65õ2
m 1 5 6
m 2 1 3
m 3 4 0
633m
p
m 4 4 0
m 5 1 3
m 6 5 0
b 6
m 1 1 3
m 2 1 0
b 2

