B 6 4 4 8
m 1 3 0
m 2 1 2
m 2 1 1
b 2
m 3 3 2
m 3 2 3
p
m 4 1 2
m 4 5 3
q 4
m 1 3 0
m 1 1 1
g 2 0 3
m 3 3 4
m 4 3 4
m 1 5 2
m 1 5 2
m 2 2 2
m 3 3 3
m 3 3 3
m 4 1 2
m 1 4 0
b 1
q 2
m312
q 3
m 4 0 2
b 2
m 3 3 0
g 3 2 1
m 4 1 5
m 1 4 0
m 1 5 1
f 1
g 1 2 0
m 3 0 2
b3
q 3
p
m 4 1 2
g 4 0 5
m 2 0 1
f 2
m 3 3 0
m303
m 4 0 0
m 4 3 0
m 1 0 1
m 2 0 2
m 3 1 2
b 3
m 4 3 1
m 4 0 3
q4
m 1 3 4
m 2 0 2
m 3 2 4
m 3 0 2
p
m 4 3 1
m 1 0 3
g 1 0 0
m 2 2 4
m 2 0 3
m 3 4 0
m 4 0 5
m 4 3 3
b 4
g1-90
m 2 2 4
m 2 5 2
m 3 2 4
m 4 1 4
m 4 3 3
m 1 1 4
m 2 3 2
m 2 4 3
m 3 1 1
m 3 4 1
b 3
4q

