B 4 7 5 2
m 2 6 1
m 3 5 3
m 3 3 6
f 3
m 4 1 1
m 4 1 0
f 5
m 1 2 2
m 1 2 4
b 1
q 1
m 2 3 3
Ûm205
p
m 3 5 1
m 4 0 3
p
m 5 3 1
f5
m 1 3 4
m 1 3 0
m252
m 2 1 0
m 3 6 1
m 3 1 4
m 4 2 1
m 4 2 4
m 5 0 2
q 5
m123
m 1 0 0
b 1
m 2 1 0
m 2 1 0
q 2
m 3 6 2
m 3 0 4
m 4 0 5
m 4 1 5
m 5 0 2
m 2 2 1
m 3 1 0
m 4 2 3
m 5 2 1
m 5 2 0
q 5
m 1 0 6
f 1
m 2 0 6
m 2 0 3
m 3 5 2
m 3 3 4
m 4 5 2
m 4 2 1
m 5 5 2
m 1 0 3
m 2 6 2
m420
m 5 3 1
m 2 2 3
m 2 1 5
m 3 5 3
m 3 1 2
m 4 5 3
m 5 0 4
p
m 2 5 3
m 2 1 1
p
m 3 0 3
m 4 3 1
m402
f 4
p
m 5 1 0
m 5 0 2
m 1 0 6
m 1 2 6
m 2 2 6
m 3 3 2
p
m 4 2 6
m 4 1 0
g 4 5 1
m 5 0 3
f 5
m 1 5 2
m 1 1 3
q 1
p
m 2 1 0
m 2 3 5
m 3 6 2
m 3 3 3
m 4 5 2
m 4 2 3
m 1 1 0
q 1

